x	y
30	0.623518
29.99	0.62354
29.98	0.623562
29.97	0.623584
29.96	0.623606
29.95	0.623628
29.94	0.62365
29.93	0.623672
29.92	0.623694
29.91	0.623716
29.9	0.623739
29.89	0.623761
29.88	0.623783
29.87	0.623805
29.86	0.623827
29.85	0.623849
29.84	0.623871
29.83	0.623893
29.82	0.623916
29.81	0.623938
29.8	0.62396
29.79	0.623982
29.78	0.624005
29.77	0.624027
29.76	0.624049
29.75	0.624072
29.74	0.624094
29.73	0.624116
29.72	0.624139
29.71	0.624161
29.7	0.624183
29.69	0.624206
29.68	0.624228
29.67	0.624251
29.66	0.624273
29.65	0.624296
29.64	0.624318
29.63	0.624341
29.62	0.624363
29.61	0.624386
29.6	0.624408
29.59	0.624431
29.58	0.624453
29.57	0.624476
29.56	0.624499
29.55	0.624521
29.54	0.624544
29.53	0.624567
29.52	0.624589
29.51	0.624612
29.5	0.624635
29.49	0.624658
29.48	0.62468
29.47	0.624703
29.46	0.624726
29.45	0.624749
29.44	0.624772
29.43	0.624794
29.42	0.624817
29.41	0.62484
29.4	0.624863
29.39	0.624886
29.38	0.624909
29.37	0.624932
29.36	0.624955
29.35	0.624978
29.34	0.625001
29.33	0.625024
29.32	0.625047
29.31	0.62507
29.3	0.625093
29.29	0.625116
29.28	0.625139
29.27	0.625162
29.26	0.625186
29.25	0.625209
29.24	0.625232
29.23	0.625255
29.22	0.625278
29.21	0.625302
29.2	0.625325
29.19	0.625348
29.18	0.625371
29.17	0.625395
29.16	0.625418
29.15	0.625441
29.14	0.625465
29.13	0.625488
29.12	0.625511
29.11	0.625535
29.1	0.625558
29.09	0.625582
29.08	0.625605
29.07	0.625629
29.06	0.625652
29.05	0.625676
29.04	0.625699
29.03	0.625723
29.02	0.625746
29.01	0.62577
29	0.625794
28.99	0.625817
28.98	0.625841
28.97	0.625864
28.96	0.625888
28.95	0.625912
28.94	0.625935
28.93	0.625959
28.92	0.625983
28.91	0.626007
28.9	0.626031
28.89	0.626054
28.88	0.626078
28.87	0.626102
28.86	0.626126
28.85	0.62615
28.84	0.626174
28.83	0.626198
28.82	0.626221
28.81	0.626245
28.8	0.626269
28.79	0.626293
28.78	0.626317
28.77	0.626341
28.76	0.626365
28.75	0.626389
28.74	0.626413
28.73	0.626438
28.72	0.626462
28.71	0.626486
28.7	0.62651
28.69	0.626534
28.68	0.626558
28.67	0.626583
28.66	0.626607
28.65	0.626631
28.64	0.626655
28.63	0.626679
28.62	0.626704
28.61	0.626728
28.6	0.626752
28.59	0.626777
28.58	0.626801
28.57	0.626826
28.56	0.62685
28.55	0.626874
28.54	0.626899
28.53	0.626923
28.52	0.626948
28.51	0.626972
28.5	0.626997
28.49	0.627021
28.48	0.627046
28.47	0.62707
28.46	0.627095
28.45	0.62712
28.44	0.627144
28.43	0.627169
28.42	0.627194
28.41	0.627218
28.4	0.627243
28.39	0.627268
28.38	0.627293
28.37	0.627317
28.36	0.627342
28.35	0.627367
28.34	0.627392
28.33	0.627417
28.32	0.627441
28.31	0.627466
28.3	0.627491
28.29	0.627516
28.28	0.627541
28.27	0.627566
28.26	0.627591
28.25	0.627616
28.24	0.627641
28.23	0.627666
28.22	0.627691
28.21	0.627716
28.2	0.627741
28.19	0.627766
28.18	0.627792
28.17	0.627817
28.16	0.627842
28.15	0.627867
28.14	0.627892
28.13	0.627918
28.12	0.627943
28.11	0.627968
28.1	0.627993
28.09	0.628019
28.08	0.628044
28.07	0.628069
28.06	0.628095
28.05	0.62812
28.04	0.628146
28.03	0.628171
28.02	0.628196
28.01	0.628222
28	0.628247
27.99	0.628273
27.98	0.628298
27.97	0.628324
27.96	0.62835
27.95	0.628375
27.94	0.628401
27.93	0.628426
27.92	0.628452
27.91	0.628478
27.9	0.628503
27.89	0.628529
27.88	0.628555
27.87	0.628581
27.86	0.628606
27.85	0.628632
27.84	0.628658
27.83	0.628684
27.82	0.62871
27.81	0.628736
27.8	0.628761
27.79	0.628787
27.78	0.628813
27.77	0.628839
27.76	0.628865
27.75	0.628891
27.74	0.628917
27.73	0.628943
27.72	0.628969
27.71	0.628995
27.7	0.629022
27.69	0.629048
27.68	0.629074
27.67	0.6291
27.66	0.629126
27.65	0.629152
27.64	0.629179
27.63	0.629205
27.62	0.629231
27.61	0.629257
27.6	0.629284
27.59	0.62931
27.58	0.629336
27.57	0.629363
27.56	0.629389
27.55	0.629416
27.54	0.629442
27.53	0.629469
27.52	0.629495
27.51	0.629522
27.5	0.629548
27.49	0.629575
27.48	0.629601
27.47	0.629628
27.46	0.629654
27.45	0.629681
27.44	0.629708
27.43	0.629734
27.42	0.629761
27.41	0.629788
27.4	0.629814
27.39	0.629841
27.38	0.629868
27.37	0.629895
27.36	0.629922
27.35	0.629948
27.34	0.629975
27.33	0.630002
27.32	0.630029
27.31	0.630056
27.3	0.630083
27.29	0.63011
27.28	0.630137
27.27	0.630164
27.26	0.630191
27.25	0.630218
27.24	0.630245
27.23	0.630272
27.22	0.630299
27.21	0.630327
27.2	0.630354
27.19	0.630381
27.18	0.630408
27.17	0.630435
27.16	0.630463
27.15	0.63049
27.14	0.630517
27.13	0.630545
27.12	0.630572
27.11	0.630599
27.1	0.630627
27.09	0.630654
27.08	0.630682
27.07	0.630709
27.06	0.630737
27.05	0.630764
27.04	0.630792
27.03	0.630819
27.02	0.630847
27.01	0.630874
27	0.630902
26.99	0.63093
26.98	0.630957
26.97	0.630985
26.96	0.631013
26.95	0.63104
26.94	0.631068
26.93	0.631096
26.92	0.631124
26.91	0.631152
26.9	0.631179
26.89	0.631207
26.88	0.631235
26.87	0.631263
26.86	0.631291
26.85	0.631319
26.84	0.631347
26.83	0.631375
26.82	0.631403
26.81	0.631431
26.8	0.631459
26.79	0.631487
26.78	0.631515
26.77	0.631544
26.76	0.631572
26.75	0.6316
26.74	0.631628
26.73	0.631656
26.72	0.631685
26.71	0.631713
26.7	0.631741
26.69	0.63177
26.68	0.631798
26.67	0.631826
26.66	0.631855
26.65	0.631883
26.64	0.631912
26.63	0.63194
26.62	0.631968
26.61	0.631997
26.6	0.632026
26.59	0.632054
26.58	0.632083
26.57	0.632111
26.56	0.63214
26.55	0.632169
26.54	0.632197
26.53	0.632226
26.52	0.632255
26.51	0.632284
26.5	0.632312
26.49	0.632341
26.48	0.63237
26.47	0.632399
26.46	0.632428
26.45	0.632457
26.44	0.632486
26.43	0.632515
26.42	0.632544
26.41	0.632573
26.4	0.632602
26.39	0.632631
26.38	0.63266
26.37	0.632689
26.36	0.632718
26.35	0.632747
26.34	0.632776
26.33	0.632805
26.32	0.632835
26.31	0.632864
26.3	0.632893
26.29	0.632922
26.28	0.632952
26.27	0.632981
26.26	0.633011
26.25	0.63304
26.24	0.633069
26.23	0.633099
26.22	0.633128
26.21	0.633158
26.2	0.633187
26.19	0.633217
26.18	0.633246
26.17	0.633276
26.16	0.633306
26.15	0.633335
26.14	0.633365
26.13	0.633395
26.12	0.633424
26.11	0.633454
26.1	0.633484
26.09	0.633514
26.08	0.633543
26.07	0.633573
26.06	0.633603
26.05	0.633633
26.04	0.633663
26.03	0.633693
26.02	0.633723
26.01	0.633753
26	0.633783
25.99	0.633813
25.98	0.633843
25.97	0.633873
25.96	0.633903
25.95	0.633933
25.94	0.633964
25.93	0.633994
25.92	0.634024
25.91	0.634054
25.9	0.634085
25.89	0.634115
25.88	0.634145
25.87	0.634176
25.86	0.634206
25.85	0.634236
25.84	0.634267
25.83	0.634297
25.82	0.634328
25.81	0.634358
25.8	0.634389
25.79	0.634419
25.78	0.63445
25.77	0.634481
25.76	0.634511
25.75	0.634542
25.74	0.634573
25.73	0.634603
25.72	0.634634
25.71	0.634665
25.7	0.634696
25.69	0.634727
25.68	0.634757
25.67	0.634788
25.66	0.634819
25.65	0.63485
25.64	0.634881
25.63	0.634912
25.62	0.634943
25.61	0.634974
25.6	0.635005
25.59	0.635036
25.58	0.635068
25.57	0.635099
25.56	0.63513
25.55	0.635161
25.54	0.635192
25.53	0.635224
25.52	0.635255
25.51	0.635286
25.5	0.635318
25.49	0.635349
25.48	0.63538
25.47	0.635412
25.46	0.635443
25.45	0.635475
25.44	0.635506
25.43	0.635538
25.42	0.635569
25.41	0.635601
25.4	0.635633
25.39	0.635664
25.38	0.635696
25.37	0.635728
25.36	0.635759
25.35	0.635791
25.34	0.635823
25.33	0.635855
25.32	0.635887
25.31	0.635918
25.3	0.63595
25.29	0.635982
25.28	0.636014
25.27	0.636046
25.26	0.636078
25.25	0.63611
25.24	0.636142
25.23	0.636174
25.22	0.636207
25.21	0.636239
25.2	0.636271
25.19	0.636303
25.18	0.636335
25.17	0.636368
25.16	0.6364
25.15	0.636432
25.14	0.636465
25.13	0.636497
25.12	0.636529
25.11	0.636562
25.1	0.636594
25.09	0.636627
25.08	0.636659
25.07	0.636692
25.06	0.636724
25.05	0.636757
25.04	0.63679
25.03	0.636822
25.02	0.636855
25.01	0.636888
25	0.636921
24.99	0.636953
24.98	0.636986
24.97	0.637019
24.96	0.637052
24.95	0.637085
24.94	0.637118
24.93	0.637151
24.92	0.637184
24.91	0.637217
24.9	0.63725
24.89	0.637283
24.88	0.637316
24.87	0.637349
24.86	0.637382
24.85	0.637415
24.84	0.637449
24.83	0.637482
24.82	0.637515
24.81	0.637549
24.8	0.637582
24.79	0.637615
24.78	0.637649
24.77	0.637682
24.76	0.637716
24.75	0.637749
24.74	0.637783
24.73	0.637816
24.72	0.63785
24.71	0.637883
24.7	0.637917
24.69	0.637951
24.68	0.637984
24.67	0.638018
24.66	0.638052
24.65	0.638086
24.64	0.63812
24.63	0.638153
24.62	0.638187
24.61	0.638221
24.6	0.638255
24.59	0.638289
24.58	0.638323
24.57	0.638357
24.56	0.638391
24.55	0.638426
24.54	0.63846
24.53	0.638494
24.52	0.638528
24.51	0.638562
24.5	0.638597
24.49	0.638631
24.48	0.638665
24.47	0.6387
24.46	0.638734
24.45	0.638768
24.44	0.638803
24.43	0.638837
24.42	0.638872
24.41	0.638906
24.4	0.638941
24.39	0.638976
24.38	0.63901
24.37	0.639045
24.36	0.63908
24.35	0.639114
24.34	0.639149
24.33	0.639184
24.32	0.639219
24.31	0.639254
24.3	0.639288
24.29	0.639323
24.28	0.639358
24.27	0.639393
24.26	0.639428
24.25	0.639463
24.24	0.639499
24.23	0.639534
24.22	0.639569
24.21	0.639604
24.2	0.639639
24.19	0.639675
24.18	0.63971
24.17	0.639745
24.16	0.639781
24.15	0.639816
24.14	0.639851
24.13	0.639887
24.12	0.639922
24.11	0.639958
24.1	0.639993
24.09	0.640029
24.08	0.640064
24.07	0.6401
24.06	0.640136
24.05	0.640172
24.04	0.640207
24.03	0.640243
24.02	0.640279
24.01	0.640315
24	0.640351
23.99	0.640387
23.98	0.640423
23.97	0.640458
23.96	0.640495
23.95	0.640531
23.94	0.640567
23.93	0.640603
23.92	0.640639
23.91	0.640675
23.9	0.640711
23.89	0.640748
23.88	0.640784
23.87	0.64082
23.86	0.640857
23.85	0.640893
23.84	0.640929
23.83	0.640966
23.82	0.641002
23.81	0.641039
23.8	0.641075
23.79	0.641112
23.78	0.641149
23.77	0.641185
23.76	0.641222
23.75	0.641259
23.74	0.641295
23.73	0.641332
23.72	0.641369
23.71	0.641406
23.7	0.641443
23.69	0.64148
23.68	0.641517
23.67	0.641554
23.66	0.641591
23.65	0.641628
23.64	0.641665
23.63	0.641702
23.62	0.641739
23.61	0.641777
23.6	0.641814
23.59	0.641851
23.58	0.641888
23.57	0.641926
23.56	0.641963
23.55	0.642001
23.54	0.642038
23.53	0.642076
23.52	0.642113
23.51	0.642151
23.5	0.642188
23.49	0.642226
23.48	0.642264
23.47	0.642301
23.46	0.642339
23.45	0.642377
23.44	0.642415
23.43	0.642453
23.42	0.642491
23.41	0.642529
23.4	0.642567
23.39	0.642605
23.38	0.642643
23.37	0.642681
23.36	0.642719
23.35	0.642757
23.34	0.642795
23.33	0.642833
23.32	0.642872
23.31	0.64291
23.3	0.642948
23.29	0.642987
23.28	0.643025
23.27	0.643064
23.26	0.643102
23.25	0.643141
23.24	0.643179
23.23	0.643218
23.22	0.643256
23.21	0.643295
23.2	0.643334
23.19	0.643373
23.18	0.643411
23.17	0.64345
23.16	0.643489
23.15	0.643528
23.14	0.643567
23.13	0.643606
23.12	0.643645
23.11	0.643684
23.1	0.643723
23.09	0.643762
23.08	0.643801
23.07	0.643841
23.06	0.64388
23.05	0.643919
23.04	0.643958
23.03	0.643998
23.02	0.644037
23.01	0.644077
23	0.644116
22.99	0.644156
22.98	0.644195
22.97	0.644235
22.96	0.644274
22.95	0.644314
22.94	0.644354
22.93	0.644394
22.92	0.644433
22.91	0.644473
22.9	0.644513
22.89	0.644553
22.88	0.644593
22.87	0.644633
22.86	0.644673
22.85	0.644713
22.84	0.644753
22.83	0.644793
22.82	0.644833
22.81	0.644873
22.8	0.644914
22.79	0.644954
22.78	0.644994
22.77	0.645035
22.76	0.645075
22.75	0.645116
22.74	0.645156
22.73	0.645197
22.72	0.645237
22.71	0.645278
22.7	0.645319
22.69	0.645359
22.68	0.6454
22.67	0.645441
22.66	0.645482
22.65	0.645522
22.64	0.645563
22.63	0.645604
22.62	0.645645
22.61	0.645686
22.6	0.645727
22.59	0.645768
22.58	0.64581
22.57	0.645851
22.56	0.645892
22.55	0.645933
22.54	0.645975
22.53	0.646016
22.52	0.646057
22.51	0.646099
22.5	0.64614
22.49	0.646182
22.48	0.646223
22.47	0.646265
22.46	0.646307
22.45	0.646348
22.44	0.64639
22.43	0.646432
22.42	0.646474
22.41	0.646515
22.4	0.646557
22.39	0.646599
22.38	0.646641
22.37	0.646683
22.36	0.646725
22.35	0.646767
22.34	0.64681
22.33	0.646852
22.32	0.646894
22.31	0.646936
22.3	0.646979
22.29	0.647021
22.28	0.647063
22.27	0.647106
22.26	0.647148
22.25	0.647191
22.24	0.647233
22.23	0.647276
22.22	0.647319
22.21	0.647361
22.2	0.647404
22.19	0.647447
22.18	0.64749
22.17	0.647533
22.16	0.647576
22.15	0.647619
22.14	0.647662
22.13	0.647705
22.12	0.647748
22.11	0.647791
22.1	0.647834
22.09	0.647877
22.08	0.647921
22.07	0.647964
22.06	0.648007
22.05	0.648051
22.04	0.648094
22.03	0.648138
22.02	0.648181
22.01	0.648225
22	0.648268
21.99	0.648312
21.98	0.648356
21.97	0.6484
21.96	0.648443
21.95	0.648487
21.94	0.648531
21.93	0.648575
21.92	0.648619
21.91	0.648663
21.9	0.648707
21.89	0.648751
21.88	0.648796
21.87	0.64884
21.86	0.648884
21.85	0.648928
21.84	0.648973
21.83	0.649017
21.82	0.649062
21.81	0.649106
21.8	0.649151
21.79	0.649195
21.78	0.64924
21.77	0.649285
21.76	0.649329
21.75	0.649374
21.74	0.649419
21.73	0.649464
21.72	0.649509
21.71	0.649554
21.7	0.649599
21.69	0.649644
21.68	0.649689
21.67	0.649734
21.66	0.649779
21.65	0.649824
21.64	0.64987
21.63	0.649915
21.62	0.64996
21.61	0.650006
21.6	0.650051
21.59	0.650097
21.58	0.650142
21.57	0.650188
21.56	0.650234
21.55	0.65028
21.54	0.650325
21.53	0.650371
21.52	0.650417
21.51	0.650463
21.5	0.650509
21.49	0.650555
21.48	0.650601
21.47	0.650647
21.46	0.650693
21.45	0.650739
21.44	0.650786
21.43	0.650832
21.42	0.650878
21.41	0.650925
21.4	0.650971
21.39	0.651018
21.38	0.651064
21.37	0.651111
21.36	0.651157
21.35	0.651204
21.34	0.651251
21.33	0.651298
21.32	0.651345
21.31	0.651392
21.3	0.651438
21.29	0.651485
21.28	0.651533
21.27	0.65158
21.26	0.651627
21.25	0.651674
21.24	0.651721
21.23	0.651769
21.22	0.651816
21.21	0.651863
21.2	0.651911
21.19	0.651958
21.18	0.652006
21.17	0.652053
21.16	0.652101
21.15	0.652149
21.14	0.652197
21.13	0.652244
21.12	0.652292
21.11	0.65234
21.1	0.652388
21.09	0.652436
21.08	0.652484
21.07	0.652532
21.06	0.65258
21.05	0.652629
21.04	0.652677
21.03	0.652725
21.02	0.652774
21.01	0.652822
21	0.652871
20.99	0.652919
20.98	0.652968
20.97	0.653016
20.96	0.653065
20.95	0.653114
20.94	0.653163
20.93	0.653211
20.92	0.65326
20.91	0.653309
20.9	0.653358
20.89	0.653407
20.88	0.653457
20.87	0.653506
20.86	0.653555
20.85	0.653604
20.84	0.653654
20.83	0.653703
20.82	0.653752
20.81	0.653802
20.8	0.653852
20.79	0.653901
20.78	0.653951
20.77	0.654001
20.76	0.65405
20.75	0.6541
20.74	0.65415
20.73	0.6542
20.72	0.65425
20.71	0.6543
20.7	0.65435
20.69	0.6544
20.68	0.65445
20.67	0.654501
20.66	0.654551
20.65	0.654601
20.64	0.654652
20.63	0.654702
20.62	0.654753
20.61	0.654803
20.6	0.654854
20.59	0.654905
20.58	0.654956
20.57	0.655006
20.56	0.655057
20.55	0.655108
20.54	0.655159
20.53	0.65521
20.52	0.655261
20.51	0.655313
20.5	0.655364
20.49	0.655415
20.48	0.655466
20.47	0.655518
20.46	0.655569
20.45	0.655621
20.44	0.655672
20.43	0.655724
20.42	0.655776
20.41	0.655827
20.4	0.655879
20.39	0.655931
20.38	0.655983
20.37	0.656035
20.36	0.656087
20.35	0.656139
20.34	0.656191
20.33	0.656243
20.32	0.656296
20.31	0.656348
20.3	0.6564
20.29	0.656453
20.28	0.656505
20.27	0.656558
20.26	0.65661
20.25	0.656663
20.24	0.656716
20.23	0.656769
20.22	0.656821
20.21	0.656874
20.2	0.656927
20.19	0.65698
20.18	0.657034
20.17	0.657087
20.16	0.65714
20.15	0.657193
20.14	0.657247
20.13	0.6573
20.12	0.657353
20.11	0.657407
20.1	0.65746
20.09	0.657514
20.08	0.657568
20.07	0.657622
20.06	0.657675
20.05	0.657729
20.04	0.657783
20.03	0.657837
20.02	0.657891
20.01	0.657945
20	0.658
19.99	0.658054
19.98	0.658108
19.97	0.658163
19.96	0.658217
19.95	0.658272
19.94	0.658326
19.93	0.658381
19.92	0.658435
19.91	0.65849
19.9	0.658545
19.89	0.6586
19.88	0.658655
19.87	0.65871
19.86	0.658765
19.85	0.65882
19.84	0.658875
19.83	0.658931
19.82	0.658986
19.81	0.659041
19.8	0.659097
19.79	0.659152
19.78	0.659208
19.77	0.659263
19.76	0.659319
19.75	0.659375
19.74	0.659431
19.73	0.659487
19.72	0.659543
19.71	0.659599
19.7	0.659655
19.69	0.659711
19.68	0.659767
19.67	0.659824
19.66	0.65988
19.65	0.659936
19.64	0.659993
19.63	0.660049
19.62	0.660106
19.61	0.660163
19.6	0.660219
19.59	0.660276
19.58	0.660333
19.57	0.66039
19.56	0.660447
19.55	0.660504
19.54	0.660562
19.53	0.660619
19.52	0.660676
19.51	0.660733
19.5	0.660791
19.49	0.660848
19.48	0.660906
19.47	0.660964
19.46	0.661021
19.45	0.661079
19.44	0.661137
19.43	0.661195
19.42	0.661253
19.41	0.661311
19.4	0.661369
19.39	0.661427
19.38	0.661485
19.37	0.661544
19.36	0.661602
19.35	0.661661
19.34	0.661719
19.33	0.661778
19.32	0.661836
19.31	0.661895
19.3	0.661954
19.29	0.662013
19.28	0.662072
19.27	0.662131
19.26	0.66219
19.25	0.662249
19.24	0.662308
19.23	0.662368
19.22	0.662427
19.21	0.662486
19.2	0.662546
19.19	0.662605
19.18	0.662665
19.17	0.662725
19.16	0.662785
19.15	0.662845
19.14	0.662905
19.13	0.662965
19.12	0.663025
19.11	0.663085
19.1	0.663145
19.09	0.663205
19.08	0.663266
19.07	0.663326
19.06	0.663387
19.05	0.663447
19.04	0.663508
19.03	0.663569
19.02	0.66363
19.01	0.66369
19	0.663751
18.99	0.663812
18.98	0.663874
18.97	0.663935
18.96	0.663996
18.95	0.664057
18.94	0.664119
18.93	0.66418
18.92	0.664242
18.91	0.664303
18.9	0.664365
18.89	0.664427
18.88	0.664489
18.87	0.664551
18.86	0.664613
18.85	0.664675
18.84	0.664737
18.83	0.664799
18.82	0.664862
18.81	0.664924
18.8	0.664987
18.79	0.665049
18.78	0.665112
18.77	0.665174
18.76	0.665237
18.75	0.6653
18.74	0.665363
18.73	0.665426
18.72	0.665489
18.71	0.665552
18.7	0.665616
18.69	0.665679
18.68	0.665742
18.67	0.665806
18.66	0.665869
18.65	0.665933
18.64	0.665997
18.63	0.666061
18.62	0.666124
18.61	0.666188
18.6	0.666252
18.59	0.666317
18.58	0.666381
18.57	0.666445
18.56	0.666509
18.55	0.666574
18.54	0.666638
18.53	0.666703
18.52	0.666768
18.51	0.666832
18.5	0.666897
18.49	0.666962
18.48	0.667027
18.47	0.667092
18.46	0.667157
18.45	0.667223
18.44	0.667288
18.43	0.667354
18.42	0.667419
18.41	0.667485
18.4	0.66755
18.39	0.667616
18.38	0.667682
18.37	0.667748
18.36	0.667814
18.35	0.66788
18.34	0.667946
18.33	0.668012
18.32	0.668079
18.31	0.668145
18.3	0.668211
18.29	0.668278
18.28	0.668345
18.27	0.668411
18.26	0.668478
18.25	0.668545
18.24	0.668612
18.23	0.668679
18.22	0.668747
18.21	0.668814
18.2	0.668881
18.19	0.668949
18.18	0.669016
18.17	0.669084
18.16	0.669151
18.15	0.669219
18.14	0.669287
18.13	0.669355
18.12	0.669423
18.11	0.669491
18.1	0.669559
18.09	0.669628
18.08	0.669696
18.07	0.669765
18.06	0.669833
18.05	0.669902
18.04	0.669971
18.03	0.670039
18.02	0.670108
18.01	0.670177
18	0.670246
17.99	0.670316
17.98	0.670385
17.97	0.670454
17.96	0.670524
17.95	0.670593
17.94	0.670663
17.93	0.670733
17.92	0.670802
17.91	0.670872
17.9	0.670942
17.89	0.671012
17.88	0.671083
17.87	0.671153
17.86	0.671223
17.85	0.671294
17.84	0.671364
17.83	0.671435
17.82	0.671506
17.81	0.671576
17.8	0.671647
17.79	0.671718
17.78	0.67179
17.77	0.671861
17.76	0.671932
17.75	0.672003
17.74	0.672075
17.73	0.672146
17.72	0.672218
17.71	0.67229
17.7	0.672362
17.69	0.672434
17.68	0.672506
17.67	0.672578
17.66	0.67265
17.65	0.672722
17.64	0.672795
17.63	0.672867
17.62	0.67294
17.61	0.673013
17.6	0.673086
17.59	0.673158
17.58	0.673231
17.57	0.673305
17.56	0.673378
17.55	0.673451
17.54	0.673524
17.53	0.673598
17.52	0.673672
17.51	0.673745
17.5	0.673819
17.49	0.673893
17.48	0.673967
17.47	0.674041
17.46	0.674115
17.45	0.674189
17.44	0.674264
17.43	0.674338
17.42	0.674413
17.41	0.674488
17.4	0.674562
17.39	0.674637
17.38	0.674712
17.37	0.674787
17.36	0.674863
17.35	0.674938
17.34	0.675013
17.33	0.675089
17.32	0.675164
17.31	0.67524
17.3	0.675316
17.29	0.675392
17.28	0.675468
17.27	0.675544
17.26	0.67562
17.25	0.675696
17.24	0.675773
17.23	0.675849
17.22	0.675926
17.21	0.676003
17.2	0.676079
17.19	0.676156
17.18	0.676233
17.17	0.676311
17.16	0.676388
17.15	0.676465
17.14	0.676543
17.13	0.67662
17.12	0.676698
17.11	0.676776
17.1	0.676854
17.09	0.676932
17.08	0.67701
17.07	0.677088
17.06	0.677166
17.05	0.677245
17.04	0.677323
17.03	0.677402
17.02	0.677481
17.01	0.677559
17	0.677638
16.99	0.677717
16.98	0.677797
16.97	0.677876
16.96	0.677955
16.95	0.678035
16.94	0.678114
16.93	0.678194
16.92	0.678274
16.91	0.678354
16.9	0.678434
16.89	0.678514
16.88	0.678594
16.87	0.678675
16.86	0.678755
16.85	0.678836
16.84	0.678917
16.83	0.678998
16.82	0.679079
16.81	0.67916
16.8	0.679241
16.79	0.679322
16.78	0.679404
16.77	0.679485
16.76	0.679567
16.75	0.679649
16.74	0.67973
16.73	0.679812
16.72	0.679895
16.71	0.679977
16.7	0.680059
16.69	0.680142
16.68	0.680224
16.67	0.680307
16.66	0.68039
16.65	0.680473
16.64	0.680556
16.63	0.680639
16.62	0.680722
16.61	0.680805
16.6	0.680889
16.59	0.680973
16.58	0.681056
16.57	0.68114
16.56	0.681224
16.55	0.681308
16.54	0.681392
16.53	0.681477
16.52	0.681561
16.51	0.681646
16.5	0.681731
16.49	0.681815
16.48	0.6819
16.47	0.681985
16.46	0.682071
16.45	0.682156
16.44	0.682241
16.43	0.682327
16.42	0.682413
16.41	0.682499
16.4	0.682584
16.39	0.68267
16.38	0.682757
16.37	0.682843
16.36	0.682929
16.35	0.683016
16.34	0.683103
16.33	0.683189
16.32	0.683276
16.31	0.683363
16.3	0.683451
16.29	0.683538
16.28	0.683625
16.27	0.683713
16.26	0.683801
16.25	0.683888
16.24	0.683976
16.23	0.684064
16.22	0.684153
16.21	0.684241
16.2	0.684329
16.19	0.684418
16.18	0.684507
16.17	0.684596
16.16	0.684685
16.15	0.684774
16.14	0.684863
16.13	0.684952
16.12	0.685042
16.11	0.685131
16.1	0.685221
16.09	0.685311
16.08	0.685401
16.07	0.685491
16.06	0.685582
16.05	0.685672
16.04	0.685763
16.03	0.685853
16.02	0.685944
16.01	0.686035
16	0.686126
15.99	0.686217
15.98	0.686309
15.97	0.6864
15.96	0.686492
15.95	0.686584
15.94	0.686676
15.93	0.686768
15.92	0.68686
15.91	0.686952
15.9	0.687045
15.89	0.687137
15.88	0.68723
15.87	0.687323
15.86	0.687416
15.85	0.687509
15.84	0.687602
15.83	0.687696
15.82	0.687789
15.81	0.687883
15.8	0.687977
15.79	0.688071
15.78	0.688165
15.77	0.688259
15.76	0.688354
15.75	0.688448
15.74	0.688543
15.73	0.688638
15.72	0.688733
15.71	0.688828
15.7	0.688924
15.69	0.689019
15.68	0.689115
15.67	0.68921
15.66	0.689306
15.65	0.689402
15.64	0.689498
15.63	0.689595
15.62	0.689691
15.61	0.689788
15.6	0.689884
15.59	0.689981
15.58	0.690078
15.57	0.690176
15.56	0.690273
15.55	0.69037
15.54	0.690468
15.53	0.690566
15.52	0.690664
15.51	0.690762
15.5	0.69086
15.49	0.690958
15.48	0.691057
15.47	0.691156
15.46	0.691255
15.45	0.691354
15.44	0.691453
15.43	0.691552
15.42	0.691652
15.41	0.691751
15.4	0.691851
15.39	0.691951
15.38	0.692051
15.37	0.692151
15.36	0.692252
15.35	0.692352
15.34	0.692453
15.33	0.692554
15.32	0.692655
15.31	0.692756
15.3	0.692857
15.29	0.692959
15.28	0.69306
15.27	0.693162
15.26	0.693264
15.25	0.693366
15.24	0.693469
15.23	0.693571
15.22	0.693674
15.21	0.693776
15.2	0.693879
15.19	0.693982
15.18	0.694086
15.17	0.694189
15.16	0.694293
15.15	0.694396
15.14	0.6945
15.13	0.694605
15.12	0.694709
15.11	0.694813
15.1	0.694918
15.09	0.695022
15.08	0.695127
15.07	0.695232
15.06	0.695338
15.05	0.695443
15.04	0.695549
15.03	0.695654
15.02	0.69576
15.01	0.695866
15	0.695973
14.99	0.696079
14.98	0.696186
14.97	0.696293
14.96	0.696399
14.95	0.696507
14.94	0.696614
14.93	0.696721
14.92	0.696829
14.91	0.696937
14.9	0.697045
14.89	0.697153
14.88	0.697261
14.87	0.69737
14.86	0.697478
14.85	0.697587
14.84	0.697696
14.83	0.697805
14.82	0.697915
14.81	0.698024
14.8	0.698134
14.79	0.698244
14.78	0.698354
14.77	0.698464
14.76	0.698575
14.75	0.698686
14.74	0.698796
14.73	0.698907
14.72	0.699018
14.71	0.69913
14.7	0.699241
14.69	0.699353
14.68	0.699465
14.67	0.699577
14.66	0.699689
14.65	0.699802
14.64	0.699915
14.63	0.700027
14.62	0.70014
14.61	0.700254
14.6	0.700367
14.59	0.700481
14.58	0.700594
14.57	0.700708
14.56	0.700822
14.55	0.700937
14.54	0.701051
14.53	0.701166
14.52	0.701281
14.51	0.701396
14.5	0.701511
14.49	0.701627
14.48	0.701742
14.47	0.701858
14.46	0.701974
14.45	0.702091
14.44	0.702207
14.43	0.702324
14.42	0.702441
14.41	0.702558
14.4	0.702675
14.39	0.702792
14.38	0.70291
14.37	0.703028
14.36	0.703146
14.35	0.703264
14.34	0.703382
14.33	0.703501
14.32	0.70362
14.31	0.703739
14.3	0.703858
14.29	0.703977
14.28	0.704097
14.27	0.704217
14.26	0.704337
14.25	0.704457
14.24	0.704578
14.23	0.704698
14.22	0.704819
14.21	0.70494
14.2	0.705061
14.19	0.705183
14.18	0.705305
14.17	0.705427
14.16	0.705549
14.15	0.705671
14.14	0.705793
14.13	0.705916
14.12	0.706039
14.11	0.706162
14.1	0.706286
14.09	0.706409
14.08	0.706533
14.07	0.706657
14.06	0.706781
14.05	0.706906
14.04	0.70703
14.03	0.707155
14.02	0.70728
14.01	0.707406
14	0.707531
13.99	0.707657
13.98	0.707783
13.97	0.707909
13.96	0.708035
13.95	0.708162
13.94	0.708289
13.93	0.708416
13.92	0.708543
13.91	0.708671
13.9	0.708798
13.89	0.708926
13.88	0.709055
13.87	0.709183
13.86	0.709312
13.85	0.70944
13.84	0.70957
13.83	0.709699
13.82	0.709828
13.81	0.709958
13.8	0.710088
13.79	0.710218
13.78	0.710349
13.77	0.710479
13.76	0.71061
13.75	0.710742
13.74	0.710873
13.73	0.711005
13.72	0.711136
13.71	0.711269
13.7	0.711401
13.69	0.711533
13.68	0.711666
13.67	0.711799
13.66	0.711932
13.65	0.712066
13.64	0.7122
13.63	0.712334
13.62	0.712468
13.61	0.712602
13.6	0.712737
13.59	0.712872
13.58	0.713007
13.57	0.713143
13.56	0.713278
13.55	0.713414
13.54	0.713551
13.53	0.713687
13.52	0.713824
13.51	0.713961
13.5	0.714098
13.49	0.714235
13.48	0.714373
13.47	0.714511
13.46	0.714649
13.45	0.714787
13.44	0.714926
13.43	0.715065
13.42	0.715204
13.41	0.715344
13.4	0.715483
13.39	0.715623
13.38	0.715763
13.37	0.715904
13.36	0.716045
13.35	0.716186
13.34	0.716327
13.33	0.716468
13.32	0.71661
13.31	0.716752
13.3	0.716894
13.29	0.717037
13.28	0.71718
13.27	0.717323
13.26	0.717466
13.25	0.71761
13.24	0.717754
13.23	0.717898
13.22	0.718042
13.21	0.718187
13.2	0.718332
13.19	0.718477
13.18	0.718623
13.17	0.718768
13.16	0.718914
13.15	0.719061
13.14	0.719207
13.13	0.719354
13.12	0.719501
13.11	0.719649
13.1	0.719796
13.09	0.719944
13.08	0.720093
13.07	0.720241
13.06	0.72039
13.05	0.720539
13.04	0.720688
13.03	0.720838
13.02	0.720988
13.01	0.721138
13	0.721289
12.99	0.72144
12.98	0.721591
12.97	0.721742
12.96	0.721894
12.95	0.722046
12.94	0.722198
12.93	0.72235
12.92	0.722503
12.91	0.722656
12.9	0.72281
12.89	0.722964
12.88	0.723118
12.87	0.723272
12.86	0.723426
12.85	0.723581
12.84	0.723737
12.83	0.723892
12.82	0.724048
12.81	0.724204
12.8	0.72436
12.79	0.724517
12.78	0.724674
12.77	0.724831
12.76	0.724989
12.75	0.725147
12.74	0.725305
12.73	0.725464
12.72	0.725622
12.71	0.725782
12.7	0.725941
12.69	0.726101
12.68	0.726261
12.67	0.726421
12.66	0.726582
12.65	0.726743
12.64	0.726905
12.63	0.727066
12.62	0.727228
12.61	0.727391
12.6	0.727553
12.59	0.727716
12.58	0.727879
12.57	0.728043
12.56	0.728207
12.55	0.728371
12.54	0.728536
12.53	0.728701
12.52	0.728866
12.51	0.729032
12.5	0.729197
12.49	0.729364
12.48	0.72953
12.47	0.729697
12.46	0.729864
12.45	0.730032
12.44	0.7302
12.43	0.730368
12.42	0.730537
12.41	0.730705
12.4	0.730875
12.39	0.731044
12.38	0.731214
12.37	0.731385
12.36	0.731555
12.35	0.731726
12.34	0.731897
12.33	0.732069
12.32	0.732241
12.31	0.732413
12.3	0.732586
12.29	0.732759
12.28	0.732933
12.27	0.733106
12.26	0.733281
12.25	0.733455
12.24	0.73363
12.23	0.733805
12.22	0.733981
12.21	0.734157
12.2	0.734333
12.19	0.734509
12.18	0.734686
12.17	0.734864
12.16	0.735042
12.15	0.73522
12.14	0.735398
12.13	0.735577
12.12	0.735756
12.11	0.735936
12.1	0.736116
12.09	0.736296
12.08	0.736477
12.07	0.736658
12.06	0.736839
12.05	0.737021
12.04	0.737203
12.03	0.737386
12.02	0.737569
12.01	0.737752
12	0.737936
11.99	0.73812
11.98	0.738305
11.97	0.73849
11.96	0.738675
11.95	0.738861
11.94	0.739047
11.93	0.739233
11.92	0.73942
11.91	0.739607
11.9	0.739795
11.89	0.739983
11.88	0.740172
11.87	0.74036
11.86	0.74055
11.85	0.740739
11.84	0.740929
11.83	0.74112
11.82	0.741311
11.81	0.741502
11.8	0.741694
11.79	0.741886
11.78	0.742078
11.77	0.742271
11.76	0.742465
11.75	0.742659
11.74	0.742853
11.73	0.743047
11.72	0.743242
11.71	0.743438
11.7	0.743634
11.69	0.74383
11.68	0.744027
11.67	0.744224
11.66	0.744421
11.65	0.744619
11.64	0.744818
11.63	0.745017
11.62	0.745216
11.61	0.745416
11.6	0.745616
11.59	0.745817
11.58	0.746018
11.57	0.746219
11.56	0.746421
11.55	0.746624
11.54	0.746826
11.53	0.74703
11.52	0.747233
11.51	0.747438
11.5	0.747642
11.49	0.747847
11.48	0.748053
11.47	0.748259
11.46	0.748465
11.45	0.748672
11.44	0.74888
11.43	0.749088
11.42	0.749296
11.41	0.749505
11.4	0.749714
11.39	0.749924
11.38	0.750134
11.37	0.750344
11.36	0.750555
11.35	0.750767
11.34	0.750979
11.33	0.751192
11.32	0.751405
11.31	0.751618
11.3	0.751832
11.29	0.752047
11.28	0.752262
11.27	0.752477
11.26	0.752693
11.25	0.75291
11.24	0.753126
11.23	0.753344
11.22	0.753562
11.21	0.75378
11.2	0.753999
11.19	0.754219
11.18	0.754438
11.17	0.754659
11.16	0.75488
11.15	0.755101
11.14	0.755323
11.13	0.755546
11.12	0.755769
11.11	0.755992
11.1	0.756216
11.09	0.756441
11.08	0.756666
11.07	0.756891
11.06	0.757117
11.05	0.757344
11.04	0.757571
11.03	0.757799
11.02	0.758027
11.01	0.758256
11	0.758485
10.99	0.758715
10.98	0.758945
10.97	0.759176
10.96	0.759408
10.95	0.75964
10.94	0.759872
10.93	0.760105
10.92	0.760339
10.91	0.760573
10.9	0.760808
10.89	0.761043
10.88	0.761279
10.87	0.761515
10.86	0.761752
10.85	0.76199
10.84	0.762228
10.83	0.762466
10.82	0.762706
10.81	0.762946
10.8	0.763186
10.79	0.763427
10.78	0.763668
10.77	0.763911
10.76	0.764153
10.75	0.764397
10.74	0.76464
10.73	0.764885
10.72	0.76513
10.71	0.765376
10.7	0.765622
10.69	0.765869
10.68	0.766116
10.67	0.766364
10.66	0.766613
10.65	0.766862
10.64	0.767112
10.63	0.767362
10.62	0.767614
10.61	0.767865
10.6	0.768118
10.59	0.768371
10.58	0.768624
10.57	0.768878
10.56	0.769133
10.55	0.769389
10.54	0.769645
10.53	0.769901
10.52	0.770159
10.51	0.770417
10.5	0.770675
10.49	0.770935
10.48	0.771194
10.47	0.771455
10.46	0.771716
10.45	0.771978
10.44	0.772241
10.43	0.772504
10.42	0.772768
10.41	0.773032
10.4	0.773297
10.39	0.773563
10.38	0.77383
10.37	0.774097
10.36	0.774365
10.35	0.774633
10.34	0.774902
10.33	0.775172
10.32	0.775443
10.31	0.775714
10.3	0.775986
10.29	0.776259
10.28	0.776532
10.27	0.776806
10.26	0.777081
10.25	0.777356
10.24	0.777632
10.23	0.777909
10.22	0.778187
10.21	0.778465
10.2	0.778744
10.19	0.779024
10.18	0.779304
10.17	0.779585
10.16	0.779867
10.15	0.78015
10.14	0.780433
10.13	0.780717
10.12	0.781002
10.11	0.781288
10.1	0.781574
10.09	0.781861
10.08	0.782149
10.07	0.782438
10.06	0.782727
10.05	0.783017
10.04	0.783308
10.03	0.7836
10.02	0.783892
10.01	0.784185
10	0.784479
9.99	0.784774
9.98	0.785069
9.97	0.785366
9.96	0.785663
9.95	0.785961
9.94	0.786259
9.93	0.786559
9.92	0.786859
9.91	0.78716
9.9	0.787462
9.89	0.787765
9.88	0.788068
9.87	0.788372
9.86	0.788678
9.85	0.788983
9.84	0.78929
9.83	0.789598
9.82	0.789906
9.81	0.790216
9.8	0.790526
9.79	0.790837
9.78	0.791148
9.77	0.791461
9.76	0.791775
9.75	0.792089
9.74	0.792404
9.73	0.79272
9.72	0.793037
9.71	0.793355
9.7	0.793674
9.69	0.793993
9.68	0.794314
9.67	0.794635
9.66	0.794957
9.65	0.795281
9.64	0.795605
9.63	0.795929
9.62	0.796255
9.61	0.796582
9.6	0.79691
9.59	0.797238
9.58	0.797568
9.57	0.797898
9.56	0.798229
9.55	0.798562
9.54	0.798895
9.53	0.799229
9.52	0.799564
9.51	0.7999
9.5	0.800237
9.49	0.800575
9.48	0.800914
9.47	0.801254
9.46	0.801595
9.45	0.801936
9.44	0.802279
9.43	0.802623
9.42	0.802968
9.41	0.803313
9.4	0.80366
9.39	0.804008
9.38	0.804356
9.37	0.804706
9.36	0.805057
9.35	0.805409
9.34	0.805761
9.33	0.806115
9.32	0.80647
9.31	0.806826
9.3	0.807183
9.29	0.80754
9.28	0.807899
9.27	0.808259
9.26	0.80862
9.25	0.808982
9.24	0.809346
9.23	0.80971
9.22	0.810075
9.21	0.810441
9.2	0.810809
9.19	0.811177
9.18	0.811547
9.17	0.811918
9.16	0.81229
9.15	0.812663
9.14	0.813037
9.13	0.813412
9.12	0.813788
9.11	0.814165
9.1	0.814544
9.09	0.814924
9.08	0.815304
9.07	0.815686
9.06	0.816069
9.05	0.816454
9.04	0.816839
9.03	0.817226
9.02	0.817613
9.01	0.818002
9	0.818393
8.99	0.818784
8.98	0.819176
8.97	0.81957
8.96	0.819965
8.95	0.820361
8.94	0.820758
8.93	0.821157
8.92	0.821557
8.91	0.821958
8.9	0.82236
8.89	0.822763
8.88	0.823168
8.87	0.823574
8.86	0.823981
8.85	0.82439
8.84	0.824799
8.83	0.82521
8.82	0.825623
8.81	0.826036
8.8	0.826451
8.79	0.826868
8.78	0.827285
8.77	0.827704
8.76	0.828124
8.75	0.828545
8.74	0.828968
8.73	0.829392
8.72	0.829818
8.71	0.830245
8.7	0.830673
8.69	0.831102
8.68	0.831533
8.67	0.831966
8.66	0.832399
8.65	0.832834
8.64	0.833271
8.63	0.833709
8.62	0.834148
8.61	0.834589
8.6	0.835031
8.59	0.835474
8.58	0.835919
8.57	0.836366
8.56	0.836814
8.55	0.837263
8.54	0.837714
8.53	0.838166
8.52	0.83862
8.51	0.839075
8.5	0.839532
8.49	0.83999
8.48	0.84045
8.47	0.840911
8.46	0.841374
8.45	0.841838
8.44	0.842304
8.43	0.842772
8.42	0.843241
8.41	0.843711
8.4	0.844183
8.39	0.844657
8.38	0.845132
8.37	0.845609
8.36	0.846088
8.35	0.846568
8.34	0.847049
8.33	0.847533
8.32	0.848017
8.31	0.848504
8.3	0.848992
8.29	0.849482
8.28	0.849974
8.27	0.850467
8.26	0.850962
8.25	0.851458
8.24	0.851957
8.23	0.852457
8.22	0.852958
8.21	0.853462
8.2	0.853967
8.19	0.854474
8.18	0.854983
8.17	0.855493
8.16	0.856005
8.15	0.856519
8.14	0.857035
8.13	0.857553
8.12	0.858072
8.11	0.858593
8.1	0.859116
8.09	0.859641
8.08	0.860168
8.07	0.860696
8.06	0.861227
8.05	0.861759
8.04	0.862293
8.03	0.862829
8.02	0.863367
8.01	0.863907
8	0.864449
7.99	0.864993
7.98	0.865539
7.97	0.866086
7.96	0.866636
7.95	0.867188
7.94	0.867741
7.93	0.868297
7.92	0.868854
7.91	0.869414
7.9	0.869976
7.89	0.870539
7.88	0.871105
7.87	0.871673
7.86	0.872243
7.85	0.872815
7.84	0.873389
7.83	0.873965
7.82	0.874543
7.81	0.875124
7.8	0.875706
7.79	0.876291
7.78	0.876878
7.77	0.877467
7.76	0.878058
7.75	0.878652
7.74	0.879248
7.73	0.879845
7.72	0.880446
7.71	0.881048
7.7	0.881653
7.69	0.88226
7.68	0.882869
7.67	0.883481
7.66	0.884094
7.65	0.884711
7.64	0.885329
7.63	0.88595
7.62	0.886573
7.61	0.887199
7.6	0.887827
7.59	0.888458
7.58	0.88909
7.57	0.889726
7.56	0.890364
7.55	0.891004
7.54	0.891647
7.53	0.892292
7.52	0.89294
7.51	0.89359
7.5	0.894243
7.49	0.894898
7.48	0.895556
7.47	0.896216
7.46	0.896879
7.45	0.897545
7.44	0.898214
7.43	0.898885
7.42	0.899558
7.41	0.900234
7.4	0.900913
7.39	0.901595
7.38	0.90228
7.37	0.902967
7.36	0.903657
7.35	0.904349
7.34	0.905045
7.33	0.905743
7.32	0.906444
7.31	0.907148
7.3	0.907855
7.29	0.908565
7.28	0.909277
7.27	0.909993
7.26	0.910711
7.25	0.911433
7.24	0.912157
7.23	0.912884
7.22	0.913615
7.21	0.914348
7.2	0.915084
7.19	0.915824
7.18	0.916566
7.17	0.917312
7.16	0.91806
7.15	0.918812
7.14	0.919567
7.13	0.920325
7.12	0.921086
7.11	0.921851
7.1	0.922619
7.09	0.92339
7.08	0.924164
7.07	0.924941
7.06	0.925722
7.05	0.926506
7.04	0.927294
7.03	0.928085
7.02	0.928879
7.01	0.929677
7	0.930478
6.99	0.931283
6.98	0.932091
6.97	0.932902
6.96	0.933717
6.95	0.934536
6.94	0.935358
6.93	0.936184
6.92	0.937014
6.91	0.937847
6.9	0.938683
6.89	0.939524
6.88	0.940368
6.87	0.941216
6.86	0.942068
6.85	0.942923
6.84	0.943782
6.83	0.944645
6.82	0.945512
6.81	0.946383
6.8	0.947258
6.79	0.948137
6.78	0.949019
6.77	0.949906
6.76	0.950797
6.75	0.951692
6.74	0.95259
6.73	0.953493
6.72	0.9544
6.71	0.955312
6.7	0.956227
6.69	0.957147
6.68	0.95807
6.67	0.958999
6.66	0.959931
6.65	0.960868
6.64	0.961809
6.63	0.962754
6.62	0.963704
6.61	0.964659
6.6	0.965618
6.59	0.966581
6.58	0.967549
6.57	0.968522
6.56	0.969499
6.55	0.97048
6.54	0.971467
6.53	0.972458
6.52	0.973454
6.51	0.974455
6.5	0.97546
6.49	0.976471
6.48	0.977486
6.47	0.978506
6.46	0.979531
6.45	0.980561
6.44	0.981596
6.43	0.982636
6.42	0.983681
6.41	0.984732
6.4	0.985787
6.39	0.986848
6.38	0.987914
6.37	0.988985
6.36	0.990062
6.35	0.991144
6.34	0.992231
6.33	0.993324
6.32	0.994422
6.31	0.995526
6.3	0.996636
6.29	0.99775
6.28	0.998871
6.27	0.999997
6.26	1.00113
6.25	1.00227
6.24	1.00341
6.23	1.00456
6.22	1.00572
6.21	1.00688
6.2	1.00804
6.19	1.00922
6.18	1.0104
6.17	1.01158
6.16	1.01277
6.15	1.01397
6.14	1.01518
6.13	1.01639
6.12	1.0176
6.11	1.01883
6.1	1.02006
6.09	1.02129
6.08	1.02254
6.07	1.02379
6.06	1.02504
6.05	1.02631
6.04	1.02758
6.03	1.02885
6.02	1.03014
6.01	1.03143
6	1.03272
5.99	1.03403
5.98	1.03534
5.97	1.03666
5.96	1.03799
5.95	1.03932
5.94	1.04066
5.93	1.04201
5.92	1.04336
5.91	1.04473
5.9	1.0461
5.89	1.04748
5.88	1.04886
5.87	1.05026
5.86	1.05166
5.85	1.05307
5.84	1.05448
5.83	1.05591
5.82	1.05734
5.81	1.05879
5.8	1.06024
5.79	1.0617
5.78	1.06316
5.77	1.06464
5.76	1.06612
5.75	1.06761
5.74	1.06912
5.73	1.07063
5.72	1.07215
5.71	1.07367
5.7	1.07521
5.69	1.07676
5.68	1.07831
5.67	1.07988
5.66	1.08145
5.65	1.08303
5.64	1.08462
5.63	1.08623
5.62	1.08784
5.61	1.08946
5.6	1.09109
5.59	1.09273
5.58	1.09438
5.57	1.09604
5.56	1.09772
5.55	1.0994
5.54	1.10109
5.53	1.10279
5.52	1.1045
5.51	1.10623
5.5	1.10796
5.49	1.10971
5.48	1.11146
5.47	1.11323
5.46	1.11501
5.45	1.1168
5.44	1.1186
5.43	1.12041
5.42	1.12224
5.41	1.12407
5.4	1.12592
5.39	1.12778
5.38	1.12965
5.37	1.13153
5.36	1.13343
5.35	1.13534
5.34	1.13726
5.33	1.13919
5.32	1.14114
5.31	1.1431
5.3	1.14507
5.29	1.14705
5.28	1.14905
5.27	1.15106
5.26	1.15309
5.25	1.15512
5.24	1.15718
5.23	1.15924
5.22	1.16132
5.21	1.16342
5.2	1.16553
5.19	1.16765
5.18	1.16979
5.17	1.17194
5.16	1.17411
5.15	1.17629
5.14	1.17849
5.13	1.1807
5.12	1.18293
5.11	1.18517
5.1	1.18743
5.09	1.18971
5.08	1.192
5.07	1.19431
5.06	1.19663
5.05	1.19898
5.04	1.20133
5.03	1.20371
5.02	1.2061
5.01	1.20851
5	1.21094
4.99	1.21339
4.98	1.21585
4.97	1.21833
4.96	1.22083
4.95	1.22335
4.94	1.22589
4.93	1.22845
4.92	1.23102
4.91	1.23362
4.9	1.23623
4.89	1.23887
4.88	1.24152
4.87	1.2442
4.86	1.24689
4.85	1.24961
4.84	1.25235
4.83	1.2551
4.82	1.25788
4.81	1.26069
4.8	1.26351
4.79	1.26636
4.78	1.26922
4.77	1.27211
4.76	1.27503
4.75	1.27797
4.74	1.28093
4.73	1.28391
4.72	1.28692
4.71	1.28995
4.7	1.29301
4.69	1.29609
4.68	1.2992
4.67	1.30234
4.66	1.3055
4.65	1.30868
4.64	1.31189
4.63	1.31513
4.62	1.3184
4.61	1.32169
4.6	1.32502
4.59	1.32837
4.58	1.33174
4.57	1.33515
4.56	1.33859
4.55	1.34205
4.54	1.34555
4.53	1.34908
4.52	1.35264
4.51	1.35622
4.5	1.35985
4.49	1.3635
4.48	1.36718
4.47	1.3709
4.46	1.37465
4.45	1.37844
4.44	1.38226
4.43	1.38611
4.42	1.39
4.41	1.39392
4.4	1.39788
4.39	1.40188
4.38	1.40591
4.37	1.40999
4.36	1.41409
4.35	1.41824
4.34	1.42243
4.33	1.42666
4.32	1.43092
4.31	1.43523
4.3	1.43958
4.29	1.44397
4.28	1.44841
4.27	1.45288
4.26	1.4574
4.25	1.46197
4.24	1.46658
4.23	1.47123
4.22	1.47594
4.21	1.48068
4.2	1.48548
4.19	1.49033
4.18	1.49522
4.17	1.50017
4.16	1.50516
4.15	1.51021
4.14	1.51531
4.13	1.52046
4.12	1.52566
4.11	1.53092
4.1	1.53624
4.09	1.54161
4.08	1.54704
4.07	1.55253
4.06	1.55807
4.05	1.56368
4.04	1.56935
4.03	1.57507
4.02	1.58087
4.01	1.58672
4	1.59264
3.99	1.59863
3.98	1.60468
3.97	1.61081
3.96	1.617
3.95	1.62326
3.94	1.6296
3.93	1.636
3.92	1.64249
3.91	1.64904
3.9	1.65568
3.89	1.66239
3.88	1.66918
3.87	1.67605
3.86	1.68301
3.85	1.69005
3.84	1.69717
3.83	1.70438
3.82	1.71168
3.81	1.71907
3.8	1.72655
3.79	1.73413
3.78	1.7418
3.77	1.74957
3.76	1.75743
3.75	1.7654
3.74	1.77347
3.73	1.78164
3.72	1.78992
3.71	1.79831
3.7	1.80681
3.69	1.81542
3.68	1.82415
3.67	1.833
3.66	1.84196
3.65	1.85105
3.64	1.86026
3.63	1.8696
3.62	1.87908
3.61	1.88868
3.6	1.89842
3.59	1.9083
3.58	1.91832
3.57	1.92848
3.56	1.93879
3.55	1.94925
3.54	1.95987
3.53	1.97065
3.52	1.98158
3.51	1.99268
3.5	2.00395
3.49	2.0154
3.48	2.02701
3.47	2.03881
3.46	2.0508
3.45	2.06298
3.44	2.07534
3.43	2.08791
3.42	2.10068
3.41	2.11367
3.4	2.12686
3.39	2.14028
3.38	2.15392
3.37	2.16779
3.36	2.18189
3.35	2.19625
3.34	2.21085
3.33	2.2257
3.32	2.24083
3.31	2.25622
3.3	2.27189
3.29	2.28784
3.28	2.30409
3.27	2.32065
3.26	2.33751
3.25	2.3547
3.24	2.37222
3.23	2.39007
3.22	2.40828
3.21	2.42685
3.2	2.4458
3.19	2.46513
3.18	2.48485
3.17	2.50499
3.16	2.52555
3.15	2.54655
3.14	2.56801
3.13	2.58993
3.12	2.61234
3.11	2.63525
3.1	2.65869
3.09	2.68267
3.08	2.70721
3.07	2.73233
3.06	2.75806
3.05	2.78442
3.04	2.81143
3.03	2.83913
3.02	2.86754
3.01	2.89669
3	2.92661
2.99	2.95734
2.98	2.98892
2.97	3.02139
2.96	3.05478
2.95	3.08914
2.94	3.12452
2.93	3.16098
2.92	3.19856
2.91	3.23733
2.9	3.27736
2.89	3.31871
2.88	3.36146
2.87	3.4057
2.86	3.45152
2.85	3.49901
2.84	3.54829
2.83	3.59948
2.82	3.6527
2.81	3.70812
2.8	3.76589
2.79	3.82619
2.78	3.88924
2.77	3.95526
2.76	4.02451
2.75	4.0973
2.74	4.17396
2.73	4.25489
2.72	4.34054
2.71	4.43145
2.7	4.52825
2.69	4.63168
2.68	4.74265
2.67	4.86226
2.66	4.99187
2.65	5.13318
2.64	5.28839
2.63	5.46035
2.62	5.65293
2.61	5.87148
2.6	6.12379
2.59	6.42174
2.58	6.78489
2.57	7.24888
2.56	7.89008
2.55	8.92874
2.54	11.9549
-2.54	11.9549
-2.55	8.92874
-2.56	7.89008
-2.57	7.24888
-2.58	6.78489
-2.59	6.42174
-2.6	6.12379
-2.61	5.87148
-2.62	5.65293
-2.63	5.46035
-2.64	5.28839
-2.65	5.13318
-2.66	4.99187
-2.67	4.86226
-2.68	4.74265
-2.69	4.63168
-2.7	4.52825
-2.71	4.43145
-2.72	4.34054
-2.73	4.25489
-2.74	4.17396
-2.75	4.0973
-2.76	4.02451
-2.77	3.95526
-2.78	3.88924
-2.79	3.82619
-2.8	3.76589
-2.81	3.70812
-2.82	3.6527
-2.83	3.59948
-2.84	3.54829
-2.85	3.49901
-2.86	3.45152
-2.87	3.4057
-2.88	3.36146
-2.89	3.31871
-2.9	3.27736
-2.91	3.23733
-2.92	3.19856
-2.93	3.16098
-2.94	3.12452
-2.95	3.08914
-2.96	3.05478
-2.97	3.02139
-2.98	2.98892
-2.99	2.95734
-3	2.92661
-3.01	2.89669
-3.02	2.86754
-3.03	2.83913
-3.04	2.81143
-3.05	2.78442
-3.06	2.75806
-3.07	2.73233
-3.08	2.70721
-3.09	2.68267
-3.1	2.65869
-3.11	2.63525
-3.12	2.61234
-3.13	2.58993
-3.14	2.56801
-3.15	2.54655
-3.16	2.52555
-3.17	2.50499
-3.18	2.48485
-3.19	2.46513
-3.2	2.4458
-3.21	2.42685
-3.22	2.40828
-3.23	2.39007
-3.24	2.37222
-3.25	2.3547
-3.26	2.33751
-3.27	2.32065
-3.28	2.30409
-3.29	2.28784
-3.3	2.27189
-3.31	2.25622
-3.32	2.24083
-3.33	2.2257
-3.34	2.21085
-3.35	2.19625
-3.36	2.18189
-3.37	2.16779
-3.38	2.15392
-3.39	2.14028
-3.4	2.12686
-3.41	2.11367
-3.42	2.10068
-3.43	2.08791
-3.44	2.07534
-3.45	2.06298
-3.46	2.0508
-3.47	2.03881
-3.48	2.02701
-3.49	2.0154
-3.5	2.00395
-3.51	1.99268
-3.52	1.98158
-3.53	1.97065
-3.54	1.95987
-3.55	1.94925
-3.56	1.93879
-3.57	1.92848
-3.58	1.91832
-3.59	1.9083
-3.6	1.89842
-3.61	1.88868
-3.62	1.87908
-3.63	1.8696
-3.64	1.86026
-3.65	1.85105
-3.66	1.84196
-3.67	1.833
-3.68	1.82415
-3.69	1.81542
-3.7	1.80681
-3.71	1.79831
-3.72	1.78992
-3.73	1.78164
-3.74	1.77347
-3.75	1.7654
-3.76	1.75743
-3.77	1.74957
-3.78	1.7418
-3.79	1.73413
-3.8	1.72655
-3.81	1.71907
-3.82	1.71168
-3.83	1.70438
-3.84	1.69717
-3.85	1.69005
-3.86	1.68301
-3.87	1.67605
-3.88	1.66918
-3.89	1.66239
-3.9	1.65568
-3.91	1.64904
-3.92	1.64249
-3.93	1.636
-3.94	1.6296
-3.95	1.62326
-3.96	1.617
-3.97	1.61081
-3.98	1.60468
-3.99	1.59863
-4	1.59264
-4.01	1.58672
-4.02	1.58087
-4.03	1.57507
-4.04	1.56935
-4.05	1.56368
-4.06	1.55807
-4.07	1.55253
-4.08	1.54704
-4.09	1.54161
-4.1	1.53624
-4.11	1.53092
-4.12	1.52566
-4.13	1.52046
-4.14	1.51531
-4.15	1.51021
-4.16	1.50516
-4.17	1.50017
-4.18	1.49522
-4.19	1.49033
-4.2	1.48548
-4.21	1.48068
-4.22	1.47594
-4.23	1.47123
-4.24	1.46658
-4.25	1.46197
-4.26	1.4574
-4.27	1.45288
-4.28	1.44841
-4.29	1.44397
-4.3	1.43958
-4.31	1.43523
-4.32	1.43092
-4.33	1.42666
-4.34	1.42243
-4.35	1.41824
-4.36	1.41409
-4.37	1.40999
-4.38	1.40591
-4.39	1.40188
-4.4	1.39788
-4.41	1.39392
-4.42	1.39
-4.43	1.38611
-4.44	1.38226
-4.45	1.37844
-4.46	1.37465
-4.47	1.3709
-4.48	1.36718
-4.49	1.3635
-4.5	1.35985
-4.51	1.35622
-4.52	1.35264
-4.53	1.34908
-4.54	1.34555
-4.55	1.34205
-4.56	1.33859
-4.57	1.33515
-4.58	1.33174
-4.59	1.32837
-4.6	1.32502
-4.61	1.32169
-4.62	1.3184
-4.63	1.31513
-4.64	1.31189
-4.65	1.30868
-4.66	1.3055
-4.67	1.30234
-4.68	1.2992
-4.69	1.29609
-4.7	1.29301
-4.71	1.28995
-4.72	1.28692
-4.73	1.28391
-4.74	1.28093
-4.75	1.27797
-4.76	1.27503
-4.77	1.27211
-4.78	1.26922
-4.79	1.26636
-4.8	1.26351
-4.81	1.26069
-4.82	1.25788
-4.83	1.2551
-4.84	1.25235
-4.85	1.24961
-4.86	1.24689
-4.87	1.2442
-4.88	1.24152
-4.89	1.23887
-4.9	1.23623
-4.91	1.23362
-4.92	1.23102
-4.93	1.22845
-4.94	1.22589
-4.95	1.22335
-4.96	1.22083
-4.97	1.21833
-4.98	1.21585
-4.99	1.21339
-5	1.21094
-5.01	1.20851
-5.02	1.2061
-5.03	1.20371
-5.04	1.20133
-5.05	1.19898
-5.06	1.19663
-5.07	1.19431
-5.08	1.192
-5.09	1.18971
-5.1	1.18743
-5.11	1.18517
-5.12	1.18293
-5.13	1.1807
-5.14	1.17849
-5.15	1.17629
-5.16	1.17411
-5.17	1.17194
-5.18	1.16979
-5.19	1.16765
-5.2	1.16553
-5.21	1.16342
-5.22	1.16132
-5.23	1.15924
-5.24	1.15718
-5.25	1.15512
-5.26	1.15309
-5.27	1.15106
-5.28	1.14905
-5.29	1.14705
-5.3	1.14507
-5.31	1.1431
-5.32	1.14114
-5.33	1.13919
-5.34	1.13726
-5.35	1.13534
-5.36	1.13343
-5.37	1.13153
-5.38	1.12965
-5.39	1.12778
-5.4	1.12592
-5.41	1.12407
-5.42	1.12224
-5.43	1.12041
-5.44	1.1186
-5.45	1.1168
-5.46	1.11501
-5.47	1.11323
-5.48	1.11146
-5.49	1.10971
-5.5	1.10796
-5.51	1.10623
-5.52	1.1045
-5.53	1.10279
-5.54	1.10109
-5.55	1.0994
-5.56	1.09772
-5.57	1.09604
-5.58	1.09438
-5.59	1.09273
-5.6	1.09109
-5.61	1.08946
-5.62	1.08784
-5.63	1.08623
-5.64	1.08462
-5.65	1.08303
-5.66	1.08145
-5.67	1.07988
-5.68	1.07831
-5.69	1.07676
-5.7	1.07521
-5.71	1.07367
-5.72	1.07215
-5.73	1.07063
-5.74	1.06912
-5.75	1.06761
-5.76	1.06612
-5.77	1.06464
-5.78	1.06316
-5.79	1.0617
-5.8	1.06024
-5.81	1.05879
-5.82	1.05734
-5.83	1.05591
-5.84	1.05448
-5.85	1.05307
-5.86	1.05166
-5.87	1.05026
-5.88	1.04886
-5.89	1.04748
-5.9	1.0461
-5.91	1.04473
-5.92	1.04336
-5.93	1.04201
-5.94	1.04066
-5.95	1.03932
-5.96	1.03799
-5.97	1.03666
-5.98	1.03534
-5.99	1.03403
-6	1.03272
-6.01	1.03143
-6.02	1.03014
-6.03	1.02885
-6.04	1.02758
-6.05	1.02631
-6.06	1.02504
-6.07	1.02379
-6.08	1.02254
-6.09	1.02129
-6.1	1.02006
-6.11	1.01883
-6.12	1.0176
-6.13	1.01639
-6.14	1.01518
-6.15	1.01397
-6.16	1.01277
-6.17	1.01158
-6.18	1.0104
-6.19	1.00922
-6.2	1.00804
-6.21	1.00688
-6.22	1.00572
-6.23	1.00456
-6.24	1.00341
-6.25	1.00227
-6.26	1.00113
-6.27	0.999997
-6.28	0.998871
-6.29	0.99775
-6.3	0.996636
-6.31	0.995526
-6.32	0.994422
-6.33	0.993324
-6.34	0.992231
-6.35	0.991144
-6.36	0.990062
-6.37	0.988985
-6.38	0.987914
-6.39	0.986848
-6.4	0.985787
-6.41	0.984732
-6.42	0.983681
-6.43	0.982636
-6.44	0.981596
-6.45	0.980561
-6.46	0.979531
-6.47	0.978506
-6.48	0.977486
-6.49	0.976471
-6.5	0.97546
-6.51	0.974455
-6.52	0.973454
-6.53	0.972458
-6.54	0.971467
-6.55	0.97048
-6.56	0.969499
-6.57	0.968522
-6.58	0.967549
-6.59	0.966581
-6.6	0.965618
-6.61	0.964659
-6.62	0.963704
-6.63	0.962754
-6.64	0.961809
-6.65	0.960868
-6.66	0.959931
-6.67	0.958999
-6.68	0.95807
-6.69	0.957147
-6.7	0.956227
-6.71	0.955312
-6.72	0.9544
-6.73	0.953493
-6.74	0.95259
-6.75	0.951692
-6.76	0.950797
-6.77	0.949906
-6.78	0.949019
-6.79	0.948137
-6.8	0.947258
-6.81	0.946383
-6.82	0.945512
-6.83	0.944645
-6.84	0.943782
-6.85	0.942923
-6.86	0.942068
-6.87	0.941216
-6.88	0.940368
-6.89	0.939524
-6.9	0.938683
-6.91	0.937847
-6.92	0.937014
-6.93	0.936184
-6.94	0.935358
-6.95	0.934536
-6.96	0.933717
-6.97	0.932902
-6.98	0.932091
-6.99	0.931283
-7	0.930478
-7.01	0.929677
-7.02	0.928879
-7.03	0.928085
-7.04	0.927294
-7.05	0.926506
-7.06	0.925722
-7.07	0.924941
-7.08	0.924164
-7.09	0.92339
-7.1	0.922619
-7.11	0.921851
-7.12	0.921086
-7.13	0.920325
-7.14	0.919567
-7.15	0.918812
-7.16	0.91806
-7.17	0.917312
-7.18	0.916566
-7.19	0.915824
-7.2	0.915084
-7.21	0.914348
-7.22	0.913615
-7.23	0.912884
-7.24	0.912157
-7.25	0.911433
-7.26	0.910711
-7.27	0.909993
-7.28	0.909277
-7.29	0.908565
-7.3	0.907855
-7.31	0.907148
-7.32	0.906444
-7.33	0.905743
-7.34	0.905045
-7.35	0.904349
-7.36	0.903657
-7.37	0.902967
-7.38	0.90228
-7.39	0.901595
-7.4	0.900913
-7.41	0.900234
-7.42	0.899558
-7.43	0.898885
-7.44	0.898214
-7.45	0.897545
-7.46	0.896879
-7.47	0.896216
-7.48	0.895556
-7.49	0.894898
-7.5	0.894243
-7.51	0.89359
-7.52	0.89294
-7.53	0.892292
-7.54	0.891647
-7.55	0.891004
-7.56	0.890364
-7.57	0.889726
-7.58	0.88909
-7.59	0.888458
-7.6	0.887827
-7.61	0.887199
-7.62	0.886573
-7.63	0.88595
-7.64	0.885329
-7.65	0.884711
-7.66	0.884094
-7.67	0.883481
-7.68	0.882869
-7.69	0.88226
-7.7	0.881653
-7.71	0.881048
-7.72	0.880446
-7.73	0.879845
-7.74	0.879248
-7.75	0.878652
-7.76	0.878058
-7.77	0.877467
-7.78	0.876878
-7.79	0.876291
-7.8	0.875706
-7.81	0.875124
-7.82	0.874543
-7.83	0.873965
-7.84	0.873389
-7.85	0.872815
-7.86	0.872243
-7.87	0.871673
-7.88	0.871105
-7.89	0.870539
-7.9	0.869976
-7.91	0.869414
-7.92	0.868854
-7.93	0.868297
-7.94	0.867741
-7.95	0.867188
-7.96	0.866636
-7.97	0.866086
-7.98	0.865539
-7.99	0.864993
-8	0.864449
-8.01	0.863907
-8.02	0.863367
-8.03	0.862829
-8.04	0.862293
-8.05	0.861759
-8.06	0.861227
-8.07	0.860696
-8.08	0.860168
-8.09	0.859641
-8.1	0.859116
-8.11	0.858593
-8.12	0.858072
-8.13	0.857553
-8.14	0.857035
-8.15	0.856519
-8.16	0.856005
-8.17	0.855493
-8.18	0.854983
-8.19	0.854474
-8.2	0.853967
-8.21	0.853462
-8.22	0.852958
-8.23	0.852457
-8.24	0.851957
-8.25	0.851458
-8.26	0.850962
-8.27	0.850467
-8.28	0.849974
-8.29	0.849482
-8.3	0.848992
-8.31	0.848504
-8.32	0.848017
-8.33	0.847533
-8.34	0.847049
-8.35	0.846568
-8.36	0.846088
-8.37	0.845609
-8.38	0.845132
-8.39	0.844657
-8.4	0.844183
-8.41	0.843711
-8.42	0.843241
-8.43	0.842772
-8.44	0.842304
-8.45	0.841838
-8.46	0.841374
-8.47	0.840911
-8.48	0.84045
-8.49	0.83999
-8.5	0.839532
-8.51	0.839075
-8.52	0.83862
-8.53	0.838166
-8.54	0.837714
-8.55	0.837263
-8.56	0.836814
-8.57	0.836366
-8.58	0.835919
-8.59	0.835474
-8.6	0.835031
-8.61	0.834589
-8.62	0.834148
-8.63	0.833709
-8.64	0.833271
-8.65	0.832834
-8.66	0.832399
-8.67	0.831966
-8.68	0.831533
-8.69	0.831102
-8.7	0.830673
-8.71	0.830245
-8.72	0.829818
-8.73	0.829392
-8.74	0.828968
-8.75	0.828545
-8.76	0.828124
-8.77	0.827704
-8.78	0.827285
-8.79	0.826868
-8.8	0.826451
-8.81	0.826036
-8.82	0.825623
-8.83	0.82521
-8.84	0.824799
-8.85	0.82439
-8.86	0.823981
-8.87	0.823574
-8.88	0.823168
-8.89	0.822763
-8.9	0.82236
-8.91	0.821958
-8.92	0.821557
-8.93	0.821157
-8.94	0.820758
-8.95	0.820361
-8.96	0.819965
-8.97	0.81957
-8.98	0.819176
-8.99	0.818784
-9	0.818393
-9.01	0.818002
-9.02	0.817613
-9.03	0.817226
-9.04	0.816839
-9.05	0.816454
-9.06	0.816069
-9.07	0.815686
-9.08	0.815304
-9.09	0.814924
-9.1	0.814544
-9.11	0.814165
-9.12	0.813788
-9.13	0.813412
-9.14	0.813037
-9.15	0.812663
-9.16	0.81229
-9.17	0.811918
-9.18	0.811547
-9.19	0.811177
-9.2	0.810809
-9.21	0.810441
-9.22	0.810075
-9.23	0.80971
-9.24	0.809346
-9.25	0.808982
-9.26	0.80862
-9.27	0.808259
-9.28	0.807899
-9.29	0.80754
-9.3	0.807183
-9.31	0.806826
-9.32	0.80647
-9.33	0.806115
-9.34	0.805761
-9.35	0.805409
-9.36	0.805057
-9.37	0.804706
-9.38	0.804356
-9.39	0.804008
-9.4	0.80366
-9.41	0.803313
-9.42	0.802968
-9.43	0.802623
-9.44	0.802279
-9.45	0.801936
-9.46	0.801595
-9.47	0.801254
-9.48	0.800914
-9.49	0.800575
-9.5	0.800237
-9.51	0.7999
-9.52	0.799564
-9.53	0.799229
-9.54	0.798895
-9.55	0.798562
-9.56	0.798229
-9.57	0.797898
-9.58	0.797568
-9.59	0.797238
-9.6	0.79691
-9.61	0.796582
-9.62	0.796255
-9.63	0.795929
-9.64	0.795605
-9.65	0.795281
-9.66	0.794957
-9.67	0.794635
-9.68	0.794314
-9.69	0.793993
-9.7	0.793674
-9.71	0.793355
-9.72	0.793037
-9.73	0.79272
-9.74	0.792404
-9.75	0.792089
-9.76	0.791775
-9.77	0.791461
-9.78	0.791148
-9.79	0.790837
-9.8	0.790526
-9.81	0.790216
-9.82	0.789906
-9.83	0.789598
-9.84	0.78929
-9.85	0.788983
-9.86	0.788678
-9.87	0.788372
-9.88	0.788068
-9.89	0.787765
-9.9	0.787462
-9.91	0.78716
-9.92	0.786859
-9.93	0.786559
-9.94	0.786259
-9.95	0.785961
-9.96	0.785663
-9.97	0.785366
-9.98	0.785069
-9.99	0.784774
-10	0.784479
-10.01	0.784185
-10.02	0.783892
-10.03	0.7836
-10.04	0.783308
-10.05	0.783017
-10.06	0.782727
-10.07	0.782438
-10.08	0.782149
-10.09	0.781861
-10.1	0.781574
-10.11	0.781288
-10.12	0.781002
-10.13	0.780717
-10.14	0.780433
-10.15	0.78015
-10.16	0.779867
-10.17	0.779585
-10.18	0.779304
-10.19	0.779024
-10.2	0.778744
-10.21	0.778465
-10.22	0.778187
-10.23	0.777909
-10.24	0.777632
-10.25	0.777356
-10.26	0.777081
-10.27	0.776806
-10.28	0.776532
-10.29	0.776259
-10.3	0.775986
-10.31	0.775714
-10.32	0.775443
-10.33	0.775172
-10.34	0.774902
-10.35	0.774633
-10.36	0.774365
-10.37	0.774097
-10.38	0.77383
-10.39	0.773563
-10.4	0.773297
-10.41	0.773032
-10.42	0.772768
-10.43	0.772504
-10.44	0.772241
-10.45	0.771978
-10.46	0.771716
-10.47	0.771455
-10.48	0.771194
-10.49	0.770935
-10.5	0.770675
-10.51	0.770417
-10.52	0.770159
-10.53	0.769901
-10.54	0.769645
-10.55	0.769389
-10.56	0.769133
-10.57	0.768878
-10.58	0.768624
-10.59	0.768371
-10.6	0.768118
-10.61	0.767865
-10.62	0.767614
-10.63	0.767362
-10.64	0.767112
-10.65	0.766862
-10.66	0.766613
-10.67	0.766364
-10.68	0.766116
-10.69	0.765869
-10.7	0.765622
-10.71	0.765376
-10.72	0.76513
-10.73	0.764885
-10.74	0.76464
-10.75	0.764397
-10.76	0.764153
-10.77	0.763911
-10.78	0.763668
-10.79	0.763427
-10.8	0.763186
-10.81	0.762946
-10.82	0.762706
-10.83	0.762466
-10.84	0.762228
-10.85	0.76199
-10.86	0.761752
-10.87	0.761515
-10.88	0.761279
-10.89	0.761043
-10.9	0.760808
-10.91	0.760573
-10.92	0.760339
-10.93	0.760105
-10.94	0.759872
-10.95	0.75964
-10.96	0.759408
-10.97	0.759176
-10.98	0.758945
-10.99	0.758715
-11	0.758485
-11.01	0.758256
-11.02	0.758027
-11.03	0.757799
-11.04	0.757571
-11.05	0.757344
-11.06	0.757117
-11.07	0.756891
-11.08	0.756666
-11.09	0.756441
-11.1	0.756216
-11.11	0.755992
-11.12	0.755769
-11.13	0.755546
-11.14	0.755323
-11.15	0.755101
-11.16	0.75488
-11.17	0.754659
-11.18	0.754438
-11.19	0.754219
-11.2	0.753999
-11.21	0.75378
-11.22	0.753562
-11.23	0.753344
-11.24	0.753126
-11.25	0.75291
-11.26	0.752693
-11.27	0.752477
-11.28	0.752262
-11.29	0.752047
-11.3	0.751832
-11.31	0.751618
-11.32	0.751405
-11.33	0.751192
-11.34	0.750979
-11.35	0.750767
-11.36	0.750555
-11.37	0.750344
-11.38	0.750134
-11.39	0.749924
-11.4	0.749714
-11.41	0.749505
-11.42	0.749296
-11.43	0.749088
-11.44	0.74888
-11.45	0.748672
-11.46	0.748465
-11.47	0.748259
-11.48	0.748053
-11.49	0.747847
-11.5	0.747642
-11.51	0.747438
-11.52	0.747233
-11.53	0.74703
-11.54	0.746826
-11.55	0.746624
-11.56	0.746421
-11.57	0.746219
-11.58	0.746018
-11.59	0.745817
-11.6	0.745616
-11.61	0.745416
-11.62	0.745216
-11.63	0.745017
-11.64	0.744818
-11.65	0.744619
-11.66	0.744421
-11.67	0.744224
-11.68	0.744027
-11.69	0.74383
-11.7	0.743634
-11.71	0.743438
-11.72	0.743242
-11.73	0.743047
-11.74	0.742853
-11.75	0.742659
-11.76	0.742465
-11.77	0.742271
-11.78	0.742078
-11.79	0.741886
-11.8	0.741694
-11.81	0.741502
-11.82	0.741311
-11.83	0.74112
-11.84	0.740929
-11.85	0.740739
-11.86	0.74055
-11.87	0.74036
-11.88	0.740172
-11.89	0.739983
-11.9	0.739795
-11.91	0.739607
-11.92	0.73942
-11.93	0.739233
-11.94	0.739047
-11.95	0.738861
-11.96	0.738675
-11.97	0.73849
-11.98	0.738305
-11.99	0.73812
-12	0.737936
-12.01	0.737752
-12.02	0.737569
-12.03	0.737386
-12.04	0.737203
-12.05	0.737021
-12.06	0.736839
-12.07	0.736658
-12.08	0.736477
-12.09	0.736296
-12.1	0.736116
-12.11	0.735936
-12.12	0.735756
-12.13	0.735577
-12.14	0.735398
-12.15	0.73522
-12.16	0.735042
-12.17	0.734864
-12.18	0.734686
-12.19	0.734509
-12.2	0.734333
-12.21	0.734157
-12.22	0.733981
-12.23	0.733805
-12.24	0.73363
-12.25	0.733455
-12.26	0.733281
-12.27	0.733106
-12.28	0.732933
-12.29	0.732759
-12.3	0.732586
-12.31	0.732413
-12.32	0.732241
-12.33	0.732069
-12.34	0.731897
-12.35	0.731726
-12.36	0.731555
-12.37	0.731385
-12.38	0.731214
-12.39	0.731044
-12.4	0.730875
-12.41	0.730705
-12.42	0.730537
-12.43	0.730368
-12.44	0.7302
-12.45	0.730032
-12.46	0.729864
-12.47	0.729697
-12.48	0.72953
-12.49	0.729364
-12.5	0.729197
-12.51	0.729032
-12.52	0.728866
-12.53	0.728701
-12.54	0.728536
-12.55	0.728371
-12.56	0.728207
-12.57	0.728043
-12.58	0.727879
-12.59	0.727716
-12.6	0.727553
-12.61	0.727391
-12.62	0.727228
-12.63	0.727066
-12.64	0.726905
-12.65	0.726743
-12.66	0.726582
-12.67	0.726421
-12.68	0.726261
-12.69	0.726101
-12.7	0.725941
-12.71	0.725782
-12.72	0.725622
-12.73	0.725464
-12.74	0.725305
-12.75	0.725147
-12.76	0.724989
-12.77	0.724831
-12.78	0.724674
-12.79	0.724517
-12.8	0.72436
-12.81	0.724204
-12.82	0.724048
-12.83	0.723892
-12.84	0.723737
-12.85	0.723581
-12.86	0.723426
-12.87	0.723272
-12.88	0.723118
-12.89	0.722964
-12.9	0.72281
-12.91	0.722656
-12.92	0.722503
-12.93	0.72235
-12.94	0.722198
-12.95	0.722046
-12.96	0.721894
-12.97	0.721742
-12.98	0.721591
-12.99	0.72144
-13	0.721289
-13.01	0.721138
-13.02	0.720988
-13.03	0.720838
-13.04	0.720688
-13.05	0.720539
-13.06	0.72039
-13.07	0.720241
-13.08	0.720093
-13.09	0.719944
-13.1	0.719796
-13.11	0.719649
-13.12	0.719501
-13.13	0.719354
-13.14	0.719207
-13.15	0.719061
-13.16	0.718914
-13.17	0.718768
-13.18	0.718623
-13.19	0.718477
-13.2	0.718332
-13.21	0.718187
-13.22	0.718042
-13.23	0.717898
-13.24	0.717754
-13.25	0.71761
-13.26	0.717466
-13.27	0.717323
-13.28	0.71718
-13.29	0.717037
-13.3	0.716894
-13.31	0.716752
-13.32	0.71661
-13.33	0.716468
-13.34	0.716327
-13.35	0.716186
-13.36	0.716045
-13.37	0.715904
-13.38	0.715763
-13.39	0.715623
-13.4	0.715483
-13.41	0.715344
-13.42	0.715204
-13.43	0.715065
-13.44	0.714926
-13.45	0.714787
-13.46	0.714649
-13.47	0.714511
-13.48	0.714373
-13.49	0.714235
-13.5	0.714098
-13.51	0.713961
-13.52	0.713824
-13.53	0.713687
-13.54	0.713551
-13.55	0.713414
-13.56	0.713278
-13.57	0.713143
-13.58	0.713007
-13.59	0.712872
-13.6	0.712737
-13.61	0.712602
-13.62	0.712468
-13.63	0.712334
-13.64	0.7122
-13.65	0.712066
-13.66	0.711932
-13.67	0.711799
-13.68	0.711666
-13.69	0.711533
-13.7	0.711401
-13.71	0.711269
-13.72	0.711136
-13.73	0.711005
-13.74	0.710873
-13.75	0.710742
-13.76	0.71061
-13.77	0.710479
-13.78	0.710349
-13.79	0.710218
-13.8	0.710088
-13.81	0.709958
-13.82	0.709828
-13.83	0.709699
-13.84	0.70957
-13.85	0.70944
-13.86	0.709312
-13.87	0.709183
-13.88	0.709055
-13.89	0.708926
-13.9	0.708798
-13.91	0.708671
-13.92	0.708543
-13.93	0.708416
-13.94	0.708289
-13.95	0.708162
-13.96	0.708035
-13.97	0.707909
-13.98	0.707783
-13.99	0.707657
-14	0.707531
-14.01	0.707406
-14.02	0.70728
-14.03	0.707155
-14.04	0.70703
-14.05	0.706906
-14.06	0.706781
-14.07	0.706657
-14.08	0.706533
-14.09	0.706409
-14.1	0.706286
-14.11	0.706162
-14.12	0.706039
-14.13	0.705916
-14.14	0.705793
-14.15	0.705671
-14.16	0.705549
-14.17	0.705427
-14.18	0.705305
-14.19	0.705183
-14.2	0.705061
-14.21	0.70494
-14.22	0.704819
-14.23	0.704698
-14.24	0.704578
-14.25	0.704457
-14.26	0.704337
-14.27	0.704217
-14.28	0.704097
-14.29	0.703977
-14.3	0.703858
-14.31	0.703739
-14.32	0.70362
-14.33	0.703501
-14.34	0.703382
-14.35	0.703264
-14.36	0.703146
-14.37	0.703028
-14.38	0.70291
-14.39	0.702792
-14.4	0.702675
-14.41	0.702558
-14.42	0.702441
-14.43	0.702324
-14.44	0.702207
-14.45	0.702091
-14.46	0.701974
-14.47	0.701858
-14.48	0.701742
-14.49	0.701627
-14.5	0.701511
-14.51	0.701396
-14.52	0.701281
-14.53	0.701166
-14.54	0.701051
-14.55	0.700937
-14.56	0.700822
-14.57	0.700708
-14.58	0.700594
-14.59	0.700481
-14.6	0.700367
-14.61	0.700254
-14.62	0.70014
-14.63	0.700027
-14.64	0.699915
-14.65	0.699802
-14.66	0.699689
-14.67	0.699577
-14.68	0.699465
-14.69	0.699353
-14.7	0.699241
-14.71	0.69913
-14.72	0.699018
-14.73	0.698907
-14.74	0.698796
-14.75	0.698686
-14.76	0.698575
-14.77	0.698464
-14.78	0.698354
-14.79	0.698244
-14.8	0.698134
-14.81	0.698024
-14.82	0.697915
-14.83	0.697805
-14.84	0.697696
-14.85	0.697587
-14.86	0.697478
-14.87	0.69737
-14.88	0.697261
-14.89	0.697153
-14.9	0.697045
-14.91	0.696937
-14.92	0.696829
-14.93	0.696721
-14.94	0.696614
-14.95	0.696507
-14.96	0.696399
-14.97	0.696293
-14.98	0.696186
-14.99	0.696079
-15	0.695973
-15.01	0.695866
-15.02	0.69576
-15.03	0.695654
-15.04	0.695549
-15.05	0.695443
-15.06	0.695338
-15.07	0.695232
-15.08	0.695127
-15.09	0.695022
-15.1	0.694918
-15.11	0.694813
-15.12	0.694709
-15.13	0.694605
-15.14	0.6945
-15.15	0.694396
-15.16	0.694293
-15.17	0.694189
-15.18	0.694086
-15.19	0.693982
-15.2	0.693879
-15.21	0.693776
-15.22	0.693674
-15.23	0.693571
-15.24	0.693469
-15.25	0.693366
-15.26	0.693264
-15.27	0.693162
-15.28	0.69306
-15.29	0.692959
-15.3	0.692857
-15.31	0.692756
-15.32	0.692655
-15.33	0.692554
-15.34	0.692453
-15.35	0.692352
-15.36	0.692252
-15.37	0.692151
-15.38	0.692051
-15.39	0.691951
-15.4	0.691851
-15.41	0.691751
-15.42	0.691652
-15.43	0.691552
-15.44	0.691453
-15.45	0.691354
-15.46	0.691255
-15.47	0.691156
-15.48	0.691057
-15.49	0.690958
-15.5	0.69086
-15.51	0.690762
-15.52	0.690664
-15.53	0.690566
-15.54	0.690468
-15.55	0.69037
-15.56	0.690273
-15.57	0.690176
-15.58	0.690078
-15.59	0.689981
-15.6	0.689884
-15.61	0.689788
-15.62	0.689691
-15.63	0.689595
-15.64	0.689498
-15.65	0.689402
-15.66	0.689306
-15.67	0.68921
-15.68	0.689115
-15.69	0.689019
-15.7	0.688924
-15.71	0.688828
-15.72	0.688733
-15.73	0.688638
-15.74	0.688543
-15.75	0.688448
-15.76	0.688354
-15.77	0.688259
-15.78	0.688165
-15.79	0.688071
-15.8	0.687977
-15.81	0.687883
-15.82	0.687789
-15.83	0.687696
-15.84	0.687602
-15.85	0.687509
-15.86	0.687416
-15.87	0.687323
-15.88	0.68723
-15.89	0.687137
-15.9	0.687045
-15.91	0.686952
-15.92	0.68686
-15.93	0.686768
-15.94	0.686676
-15.95	0.686584
-15.96	0.686492
-15.97	0.6864
-15.98	0.686309
-15.99	0.686217
-16	0.686126
-16.01	0.686035
-16.02	0.685944
-16.03	0.685853
-16.04	0.685763
-16.05	0.685672
-16.06	0.685582
-16.07	0.685491
-16.08	0.685401
-16.09	0.685311
-16.1	0.685221
-16.11	0.685131
-16.12	0.685042
-16.13	0.684952
-16.14	0.684863
-16.15	0.684774
-16.16	0.684685
-16.17	0.684596
-16.18	0.684507
-16.19	0.684418
-16.2	0.684329
-16.21	0.684241
-16.22	0.684153
-16.23	0.684064
-16.24	0.683976
-16.25	0.683888
-16.26	0.683801
-16.27	0.683713
-16.28	0.683625
-16.29	0.683538
-16.3	0.683451
-16.31	0.683363
-16.32	0.683276
-16.33	0.683189
-16.34	0.683103
-16.35	0.683016
-16.36	0.682929
-16.37	0.682843
-16.38	0.682757
-16.39	0.68267
-16.4	0.682584
-16.41	0.682499
-16.42	0.682413
-16.43	0.682327
-16.44	0.682241
-16.45	0.682156
-16.46	0.682071
-16.47	0.681985
-16.48	0.6819
-16.49	0.681815
-16.5	0.681731
-16.51	0.681646
-16.52	0.681561
-16.53	0.681477
-16.54	0.681392
-16.55	0.681308
-16.56	0.681224
-16.57	0.68114
-16.58	0.681056
-16.59	0.680973
-16.6	0.680889
-16.61	0.680805
-16.62	0.680722
-16.63	0.680639
-16.64	0.680556
-16.65	0.680473
-16.66	0.68039
-16.67	0.680307
-16.68	0.680224
-16.69	0.680142
-16.7	0.680059
-16.71	0.679977
-16.72	0.679895
-16.73	0.679812
-16.74	0.67973
-16.75	0.679649
-16.76	0.679567
-16.77	0.679485
-16.78	0.679404
-16.79	0.679322
-16.8	0.679241
-16.81	0.67916
-16.82	0.679079
-16.83	0.678998
-16.84	0.678917
-16.85	0.678836
-16.86	0.678755
-16.87	0.678675
-16.88	0.678594
-16.89	0.678514
-16.9	0.678434
-16.91	0.678354
-16.92	0.678274
-16.93	0.678194
-16.94	0.678114
-16.95	0.678035
-16.96	0.677955
-16.97	0.677876
-16.98	0.677797
-16.99	0.677717
-17	0.677638
-17.01	0.677559
-17.02	0.677481
-17.03	0.677402
-17.04	0.677323
-17.05	0.677245
-17.06	0.677166
-17.07	0.677088
-17.08	0.67701
-17.09	0.676932
-17.1	0.676854
-17.11	0.676776
-17.12	0.676698
-17.13	0.67662
-17.14	0.676543
-17.15	0.676465
-17.16	0.676388
-17.17	0.676311
-17.18	0.676233
-17.19	0.676156
-17.2	0.676079
-17.21	0.676003
-17.22	0.675926
-17.23	0.675849
-17.24	0.675773
-17.25	0.675696
-17.26	0.67562
-17.27	0.675544
-17.28	0.675468
-17.29	0.675392
-17.3	0.675316
-17.31	0.67524
-17.32	0.675164
-17.33	0.675089
-17.34	0.675013
-17.35	0.674938
-17.36	0.674863
-17.37	0.674787
-17.38	0.674712
-17.39	0.674637
-17.4	0.674562
-17.41	0.674488
-17.42	0.674413
-17.43	0.674338
-17.44	0.674264
-17.45	0.674189
-17.46	0.674115
-17.47	0.674041
-17.48	0.673967
-17.49	0.673893
-17.5	0.673819
-17.51	0.673745
-17.52	0.673672
-17.53	0.673598
-17.54	0.673524
-17.55	0.673451
-17.56	0.673378
-17.57	0.673305
-17.58	0.673231
-17.59	0.673158
-17.6	0.673086
-17.61	0.673013
-17.62	0.67294
-17.63	0.672867
-17.64	0.672795
-17.65	0.672722
-17.66	0.67265
-17.67	0.672578
-17.68	0.672506
-17.69	0.672434
-17.7	0.672362
-17.71	0.67229
-17.72	0.672218
-17.73	0.672146
-17.74	0.672075
-17.75	0.672003
-17.76	0.671932
-17.77	0.671861
-17.78	0.67179
-17.79	0.671718
-17.8	0.671647
-17.81	0.671576
-17.82	0.671506
-17.83	0.671435
-17.84	0.671364
-17.85	0.671294
-17.86	0.671223
-17.87	0.671153
-17.88	0.671083
-17.89	0.671012
-17.9	0.670942
-17.91	0.670872
-17.92	0.670802
-17.93	0.670733
-17.94	0.670663
-17.95	0.670593
-17.96	0.670524
-17.97	0.670454
-17.98	0.670385
-17.99	0.670316
-18	0.670246
-18.01	0.670177
-18.02	0.670108
-18.03	0.670039
-18.04	0.669971
-18.05	0.669902
-18.06	0.669833
-18.07	0.669765
-18.08	0.669696
-18.09	0.669628
-18.1	0.669559
-18.11	0.669491
-18.12	0.669423
-18.13	0.669355
-18.14	0.669287
-18.15	0.669219
-18.16	0.669151
-18.17	0.669084
-18.18	0.669016
-18.19	0.668949
-18.2	0.668881
-18.21	0.668814
-18.22	0.668747
-18.23	0.668679
-18.24	0.668612
-18.25	0.668545
-18.26	0.668478
-18.27	0.668411
-18.28	0.668345
-18.29	0.668278
-18.3	0.668211
-18.31	0.668145
-18.32	0.668079
-18.33	0.668012
-18.34	0.667946
-18.35	0.66788
-18.36	0.667814
-18.37	0.667748
-18.38	0.667682
-18.39	0.667616
-18.4	0.66755
-18.41	0.667485
-18.42	0.667419
-18.43	0.667354
-18.44	0.667288
-18.45	0.667223
-18.46	0.667157
-18.47	0.667092
-18.48	0.667027
-18.49	0.666962
-18.5	0.666897
-18.51	0.666832
-18.52	0.666768
-18.53	0.666703
-18.54	0.666638
-18.55	0.666574
-18.56	0.666509
-18.57	0.666445
-18.58	0.666381
-18.59	0.666317
-18.6	0.666252
-18.61	0.666188
-18.62	0.666124
-18.63	0.666061
-18.64	0.665997
-18.65	0.665933
-18.66	0.665869
-18.67	0.665806
-18.68	0.665742
-18.69	0.665679
-18.7	0.665616
-18.71	0.665552
-18.72	0.665489
-18.73	0.665426
-18.74	0.665363
-18.75	0.6653
-18.76	0.665237
-18.77	0.665174
-18.78	0.665112
-18.79	0.665049
-18.8	0.664987
-18.81	0.664924
-18.82	0.664862
-18.83	0.664799
-18.84	0.664737
-18.85	0.664675
-18.86	0.664613
-18.87	0.664551
-18.88	0.664489
-18.89	0.664427
-18.9	0.664365
-18.91	0.664303
-18.92	0.664242
-18.93	0.66418
-18.94	0.664119
-18.95	0.664057
-18.96	0.663996
-18.97	0.663935
-18.98	0.663874
-18.99	0.663812
-19	0.663751
-19.01	0.66369
-19.02	0.66363
-19.03	0.663569
-19.04	0.663508
-19.05	0.663447
-19.06	0.663387
-19.07	0.663326
-19.08	0.663266
-19.09	0.663205
-19.1	0.663145
-19.11	0.663085
-19.12	0.663025
-19.13	0.662965
-19.14	0.662905
-19.15	0.662845
-19.16	0.662785
-19.17	0.662725
-19.18	0.662665
-19.19	0.662605
-19.2	0.662546
-19.21	0.662486
-19.22	0.662427
-19.23	0.662368
-19.24	0.662308
-19.25	0.662249
-19.26	0.66219
-19.27	0.662131
-19.28	0.662072
-19.29	0.662013
-19.3	0.661954
-19.31	0.661895
-19.32	0.661836
-19.33	0.661778
-19.34	0.661719
-19.35	0.661661
-19.36	0.661602
-19.37	0.661544
-19.38	0.661485
-19.39	0.661427
-19.4	0.661369
-19.41	0.661311
-19.42	0.661253
-19.43	0.661195
-19.44	0.661137
-19.45	0.661079
-19.46	0.661021
-19.47	0.660964
-19.48	0.660906
-19.49	0.660848
-19.5	0.660791
-19.51	0.660733
-19.52	0.660676
-19.53	0.660619
-19.54	0.660562
-19.55	0.660504
-19.56	0.660447
-19.57	0.66039
-19.58	0.660333
-19.59	0.660276
-19.6	0.660219
-19.61	0.660163
-19.62	0.660106
-19.63	0.660049
-19.64	0.659993
-19.65	0.659936
-19.66	0.65988
-19.67	0.659824
-19.68	0.659767
-19.69	0.659711
-19.7	0.659655
-19.71	0.659599
-19.72	0.659543
-19.73	0.659487
-19.74	0.659431
-19.75	0.659375
-19.76	0.659319
-19.77	0.659263
-19.78	0.659208
-19.79	0.659152
-19.8	0.659097
-19.81	0.659041
-19.82	0.658986
-19.83	0.658931
-19.84	0.658875
-19.85	0.65882
-19.86	0.658765
-19.87	0.65871
-19.88	0.658655
-19.89	0.6586
-19.9	0.658545
-19.91	0.65849
-19.92	0.658435
-19.93	0.658381
-19.94	0.658326
-19.95	0.658272
-19.96	0.658217
-19.97	0.658163
-19.98	0.658108
-19.99	0.658054
-20	0.658
-20.01	0.657945
-20.02	0.657891
-20.03	0.657837
-20.04	0.657783
-20.05	0.657729
-20.06	0.657675
-20.07	0.657622
-20.08	0.657568
-20.09	0.657514
-20.1	0.65746
-20.11	0.657407
-20.12	0.657353
-20.13	0.6573
-20.14	0.657247
-20.15	0.657193
-20.16	0.65714
-20.17	0.657087
-20.18	0.657034
-20.19	0.65698
-20.2	0.656927
-20.21	0.656874
-20.22	0.656821
-20.23	0.656769
-20.24	0.656716
-20.25	0.656663
-20.26	0.65661
-20.27	0.656558
-20.28	0.656505
-20.29	0.656453
-20.3	0.6564
-20.31	0.656348
-20.32	0.656296
-20.33	0.656243
-20.34	0.656191
-20.35	0.656139
-20.36	0.656087
-20.37	0.656035
-20.38	0.655983
-20.39	0.655931
-20.4	0.655879
-20.41	0.655827
-20.42	0.655776
-20.43	0.655724
-20.44	0.655672
-20.45	0.655621
-20.46	0.655569
-20.47	0.655518
-20.48	0.655466
-20.49	0.655415
-20.5	0.655364
-20.51	0.655313
-20.52	0.655261
-20.53	0.65521
-20.54	0.655159
-20.55	0.655108
-20.56	0.655057
-20.57	0.655006
-20.58	0.654956
-20.59	0.654905
-20.6	0.654854
-20.61	0.654803
-20.62	0.654753
-20.63	0.654702
-20.64	0.654652
-20.65	0.654601
-20.66	0.654551
-20.67	0.654501
-20.68	0.65445
-20.69	0.6544
-20.7	0.65435
-20.71	0.6543
-20.72	0.65425
-20.73	0.6542
-20.74	0.65415
-20.75	0.6541
-20.76	0.65405
-20.77	0.654001
-20.78	0.653951
-20.79	0.653901
-20.8	0.653852
-20.81	0.653802
-20.82	0.653752
-20.83	0.653703
-20.84	0.653654
-20.85	0.653604
-20.86	0.653555
-20.87	0.653506
-20.88	0.653457
-20.89	0.653407
-20.9	0.653358
-20.91	0.653309
-20.92	0.65326
-20.93	0.653211
-20.94	0.653163
-20.95	0.653114
-20.96	0.653065
-20.97	0.653016
-20.98	0.652968
-20.99	0.652919
-21	0.652871
-21.01	0.652822
-21.02	0.652774
-21.03	0.652725
-21.04	0.652677
-21.05	0.652629
-21.06	0.65258
-21.07	0.652532
-21.08	0.652484
-21.09	0.652436
-21.1	0.652388
-21.11	0.65234
-21.12	0.652292
-21.13	0.652244
-21.14	0.652197
-21.15	0.652149
-21.16	0.652101
-21.17	0.652053
-21.18	0.652006
-21.19	0.651958
-21.2	0.651911
-21.21	0.651863
-21.22	0.651816
-21.23	0.651769
-21.24	0.651721
-21.25	0.651674
-21.26	0.651627
-21.27	0.65158
-21.28	0.651533
-21.29	0.651485
-21.3	0.651438
-21.31	0.651392
-21.32	0.651345
-21.33	0.651298
-21.34	0.651251
-21.35	0.651204
-21.36	0.651157
-21.37	0.651111
-21.38	0.651064
-21.39	0.651018
-21.4	0.650971
-21.41	0.650925
-21.42	0.650878
-21.43	0.650832
-21.44	0.650786
-21.45	0.650739
-21.46	0.650693
-21.47	0.650647
-21.48	0.650601
-21.49	0.650555
-21.5	0.650509
-21.51	0.650463
-21.52	0.650417
-21.53	0.650371
-21.54	0.650325
-21.55	0.65028
-21.56	0.650234
-21.57	0.650188
-21.58	0.650142
-21.59	0.650097
-21.6	0.650051
-21.61	0.650006
-21.62	0.64996
-21.63	0.649915
-21.64	0.64987
-21.65	0.649824
-21.66	0.649779
-21.67	0.649734
-21.68	0.649689
-21.69	0.649644
-21.7	0.649599
-21.71	0.649554
-21.72	0.649509
-21.73	0.649464
-21.74	0.649419
-21.75	0.649374
-21.76	0.649329
-21.77	0.649285
-21.78	0.64924
-21.79	0.649195
-21.8	0.649151
-21.81	0.649106
-21.82	0.649062
-21.83	0.649017
-21.84	0.648973
-21.85	0.648928
-21.86	0.648884
-21.87	0.64884
-21.88	0.648796
-21.89	0.648751
-21.9	0.648707
-21.91	0.648663
-21.92	0.648619
-21.93	0.648575
-21.94	0.648531
-21.95	0.648487
-21.96	0.648443
-21.97	0.6484
-21.98	0.648356
-21.99	0.648312
-22	0.648268
-22.01	0.648225
-22.02	0.648181
-22.03	0.648138
-22.04	0.648094
-22.05	0.648051
-22.06	0.648007
-22.07	0.647964
-22.08	0.647921
-22.09	0.647877
-22.1	0.647834
-22.11	0.647791
-22.12	0.647748
-22.13	0.647705
-22.14	0.647662
-22.15	0.647619
-22.16	0.647576
-22.17	0.647533
-22.18	0.64749
-22.19	0.647447
-22.2	0.647404
-22.21	0.647361
-22.22	0.647319
-22.23	0.647276
-22.24	0.647233
-22.25	0.647191
-22.26	0.647148
-22.27	0.647106
-22.28	0.647063
-22.29	0.647021
-22.3	0.646979
-22.31	0.646936
-22.32	0.646894
-22.33	0.646852
-22.34	0.64681
-22.35	0.646767
-22.36	0.646725
-22.37	0.646683
-22.38	0.646641
-22.39	0.646599
-22.4	0.646557
-22.41	0.646515
-22.42	0.646474
-22.43	0.646432
-22.44	0.64639
-22.45	0.646348
-22.46	0.646307
-22.47	0.646265
-22.48	0.646223
-22.49	0.646182
-22.5	0.64614
-22.51	0.646099
-22.52	0.646057
-22.53	0.646016
-22.54	0.645975
-22.55	0.645933
-22.56	0.645892
-22.57	0.645851
-22.58	0.64581
-22.59	0.645768
-22.6	0.645727
-22.61	0.645686
-22.62	0.645645
-22.63	0.645604
-22.64	0.645563
-22.65	0.645522
-22.66	0.645482
-22.67	0.645441
-22.68	0.6454
-22.69	0.645359
-22.7	0.645319
-22.71	0.645278
-22.72	0.645237
-22.73	0.645197
-22.74	0.645156
-22.75	0.645116
-22.76	0.645075
-22.77	0.645035
-22.78	0.644994
-22.79	0.644954
-22.8	0.644914
-22.81	0.644873
-22.82	0.644833
-22.83	0.644793
-22.84	0.644753
-22.85	0.644713
-22.86	0.644673
-22.87	0.644633
-22.88	0.644593
-22.89	0.644553
-22.9	0.644513
-22.91	0.644473
-22.92	0.644433
-22.93	0.644394
-22.94	0.644354
-22.95	0.644314
-22.96	0.644274
-22.97	0.644235
-22.98	0.644195
-22.99	0.644156
-23	0.644116
-23.01	0.644077
-23.02	0.644037
-23.03	0.643998
-23.04	0.643958
-23.05	0.643919
-23.06	0.64388
-23.07	0.643841
-23.08	0.643801
-23.09	0.643762
-23.1	0.643723
-23.11	0.643684
-23.12	0.643645
-23.13	0.643606
-23.14	0.643567
-23.15	0.643528
-23.16	0.643489
-23.17	0.64345
-23.18	0.643411
-23.19	0.643373
-23.2	0.643334
-23.21	0.643295
-23.22	0.643256
-23.23	0.643218
-23.24	0.643179
-23.25	0.643141
-23.26	0.643102
-23.27	0.643064
-23.28	0.643025
-23.29	0.642987
-23.3	0.642948
-23.31	0.64291
-23.32	0.642872
-23.33	0.642833
-23.34	0.642795
-23.35	0.642757
-23.36	0.642719
-23.37	0.642681
-23.38	0.642643
-23.39	0.642605
-23.4	0.642567
-23.41	0.642529
-23.42	0.642491
-23.43	0.642453
-23.44	0.642415
-23.45	0.642377
-23.46	0.642339
-23.47	0.642301
-23.48	0.642264
-23.49	0.642226
-23.5	0.642188
-23.51	0.642151
-23.52	0.642113
-23.53	0.642076
-23.54	0.642038
-23.55	0.642001
-23.56	0.641963
-23.57	0.641926
-23.58	0.641888
-23.59	0.641851
-23.6	0.641814
-23.61	0.641777
-23.62	0.641739
-23.63	0.641702
-23.64	0.641665
-23.65	0.641628
-23.66	0.641591
-23.67	0.641554
-23.68	0.641517
-23.69	0.64148
-23.7	0.641443
-23.71	0.641406
-23.72	0.641369
-23.73	0.641332
-23.74	0.641295
-23.75	0.641259
-23.76	0.641222
-23.77	0.641185
-23.78	0.641149
-23.79	0.641112
-23.8	0.641075
-23.81	0.641039
-23.82	0.641002
-23.83	0.640966
-23.84	0.640929
-23.85	0.640893
-23.86	0.640857
-23.87	0.64082
-23.88	0.640784
-23.89	0.640748
-23.9	0.640711
-23.91	0.640675
-23.92	0.640639
-23.93	0.640603
-23.94	0.640567
-23.95	0.640531
-23.96	0.640495
-23.97	0.640458
-23.98	0.640423
-23.99	0.640387
-24	0.640351
-24.01	0.640315
-24.02	0.640279
-24.03	0.640243
-24.04	0.640207
-24.05	0.640172
-24.06	0.640136
-24.07	0.6401
-24.08	0.640064
-24.09	0.640029
-24.1	0.639993
-24.11	0.639958
-24.12	0.639922
-24.13	0.639887
-24.14	0.639851
-24.15	0.639816
-24.16	0.639781
-24.17	0.639745
-24.18	0.63971
-24.19	0.639675
-24.2	0.639639
-24.21	0.639604
-24.22	0.639569
-24.23	0.639534
-24.24	0.639499
-24.25	0.639463
-24.26	0.639428
-24.27	0.639393
-24.28	0.639358
-24.29	0.639323
-24.3	0.639288
-24.31	0.639254
-24.32	0.639219
-24.33	0.639184
-24.34	0.639149
-24.35	0.639114
-24.36	0.63908
-24.37	0.639045
-24.38	0.63901
-24.39	0.638976
-24.4	0.638941
-24.41	0.638906
-24.42	0.638872
-24.43	0.638837
-24.44	0.638803
-24.45	0.638768
-24.46	0.638734
-24.47	0.6387
-24.48	0.638665
-24.49	0.638631
-24.5	0.638597
-24.51	0.638562
-24.52	0.638528
-24.53	0.638494
-24.54	0.63846
-24.55	0.638426
-24.56	0.638391
-24.57	0.638357
-24.58	0.638323
-24.59	0.638289
-24.6	0.638255
-24.61	0.638221
-24.62	0.638187
-24.63	0.638153
-24.64	0.63812
-24.65	0.638086
-24.66	0.638052
-24.67	0.638018
-24.68	0.637984
-24.69	0.637951
-24.7	0.637917
-24.71	0.637883
-24.72	0.63785
-24.73	0.637816
-24.74	0.637783
-24.75	0.637749
-24.76	0.637716
-24.77	0.637682
-24.78	0.637649
-24.79	0.637615
-24.8	0.637582
-24.81	0.637549
-24.82	0.637515
-24.83	0.637482
-24.84	0.637449
-24.85	0.637415
-24.86	0.637382
-24.87	0.637349
-24.88	0.637316
-24.89	0.637283
-24.9	0.63725
-24.91	0.637217
-24.92	0.637184
-24.93	0.637151
-24.94	0.637118
-24.95	0.637085
-24.96	0.637052
-24.97	0.637019
-24.98	0.636986
-24.99	0.636953
-25	0.636921
-25.01	0.636888
-25.02	0.636855
-25.03	0.636822
-25.04	0.63679
-25.05	0.636757
-25.06	0.636724
-25.07	0.636692
-25.08	0.636659
-25.09	0.636627
-25.1	0.636594
-25.11	0.636562
-25.12	0.636529
-25.13	0.636497
-25.14	0.636465
-25.15	0.636432
-25.16	0.6364
-25.17	0.636368
-25.18	0.636335
-25.19	0.636303
-25.2	0.636271
-25.21	0.636239
-25.22	0.636207
-25.23	0.636174
-25.24	0.636142
-25.25	0.63611
-25.26	0.636078
-25.27	0.636046
-25.28	0.636014
-25.29	0.635982
-25.3	0.63595
-25.31	0.635918
-25.32	0.635887
-25.33	0.635855
-25.34	0.635823
-25.35	0.635791
-25.36	0.635759
-25.37	0.635728
-25.38	0.635696
-25.39	0.635664
-25.4	0.635633
-25.41	0.635601
-25.42	0.635569
-25.43	0.635538
-25.44	0.635506
-25.45	0.635475
-25.46	0.635443
-25.47	0.635412
-25.48	0.63538
-25.49	0.635349
-25.5	0.635318
-25.51	0.635286
-25.52	0.635255
-25.53	0.635224
-25.54	0.635192
-25.55	0.635161
-25.56	0.63513
-25.57	0.635099
-25.58	0.635068
-25.59	0.635036
-25.6	0.635005
-25.61	0.634974
-25.62	0.634943
-25.63	0.634912
-25.64	0.634881
-25.65	0.63485
-25.66	0.634819
-25.67	0.634788
-25.68	0.634757
-25.69	0.634727
-25.7	0.634696
-25.71	0.634665
-25.72	0.634634
-25.73	0.634603
-25.74	0.634573
-25.75	0.634542
-25.76	0.634511
-25.77	0.634481
-25.78	0.63445
-25.79	0.634419
-25.8	0.634389
-25.81	0.634358
-25.82	0.634328
-25.83	0.634297
-25.84	0.634267
-25.85	0.634236
-25.86	0.634206
-25.87	0.634176
-25.88	0.634145
-25.89	0.634115
-25.9	0.634085
-25.91	0.634054
-25.92	0.634024
-25.93	0.633994
-25.94	0.633964
-25.95	0.633933
-25.96	0.633903
-25.97	0.633873
-25.98	0.633843
-25.99	0.633813
-26	0.633783
-26.01	0.633753
-26.02	0.633723
-26.03	0.633693
-26.04	0.633663
-26.05	0.633633
-26.06	0.633603
-26.07	0.633573
-26.08	0.633543
-26.09	0.633514
-26.1	0.633484
-26.11	0.633454
-26.12	0.633424
-26.13	0.633395
-26.14	0.633365
-26.15	0.633335
-26.16	0.633306
-26.17	0.633276
-26.18	0.633246
-26.19	0.633217
-26.2	0.633187
-26.21	0.633158
-26.22	0.633128
-26.23	0.633099
-26.24	0.633069
-26.25	0.63304
-26.26	0.633011
-26.27	0.632981
-26.28	0.632952
-26.29	0.632922
-26.3	0.632893
-26.31	0.632864
-26.32	0.632835
-26.33	0.632805
-26.34	0.632776
-26.35	0.632747
-26.36	0.632718
-26.37	0.632689
-26.38	0.63266
-26.39	0.632631
-26.4	0.632602
-26.41	0.632573
-26.42	0.632544
-26.43	0.632515
-26.44	0.632486
-26.45	0.632457
-26.46	0.632428
-26.47	0.632399
-26.48	0.63237
-26.49	0.632341
-26.5	0.632312
-26.51	0.632284
-26.52	0.632255
-26.53	0.632226
-26.54	0.632197
-26.55	0.632169
-26.56	0.63214
-26.57	0.632111
-26.58	0.632083
-26.59	0.632054
-26.6	0.632026
-26.61	0.631997
-26.62	0.631968
-26.63	0.63194
-26.64	0.631912
-26.65	0.631883
-26.66	0.631855
-26.67	0.631826
-26.68	0.631798
-26.69	0.63177
-26.7	0.631741
-26.71	0.631713
-26.72	0.631685
-26.73	0.631656
-26.74	0.631628
-26.75	0.6316
-26.76	0.631572
-26.77	0.631544
-26.78	0.631515
-26.79	0.631487
-26.8	0.631459
-26.81	0.631431
-26.82	0.631403
-26.83	0.631375
-26.84	0.631347
-26.85	0.631319
-26.86	0.631291
-26.87	0.631263
-26.88	0.631235
-26.89	0.631207
-26.9	0.631179
-26.91	0.631152
-26.92	0.631124
-26.93	0.631096
-26.94	0.631068
-26.95	0.63104
-26.96	0.631013
-26.97	0.630985
-26.98	0.630957
-26.99	0.63093
-27	0.630902
-27.01	0.630874
-27.02	0.630847
-27.03	0.630819
-27.04	0.630792
-27.05	0.630764
-27.06	0.630737
-27.07	0.630709
-27.08	0.630682
-27.09	0.630654
-27.1	0.630627
-27.11	0.630599
-27.12	0.630572
-27.13	0.630545
-27.14	0.630517
-27.15	0.63049
-27.16	0.630463
-27.17	0.630435
-27.18	0.630408
-27.19	0.630381
-27.2	0.630354
-27.21	0.630327
-27.22	0.630299
-27.23	0.630272
-27.24	0.630245
-27.25	0.630218
-27.26	0.630191
-27.27	0.630164
-27.28	0.630137
-27.29	0.63011
-27.3	0.630083
-27.31	0.630056
-27.32	0.630029
-27.33	0.630002
-27.34	0.629975
-27.35	0.629948
-27.36	0.629922
-27.37	0.629895
-27.38	0.629868
-27.39	0.629841
-27.4	0.629814
-27.41	0.629788
-27.42	0.629761
-27.43	0.629734
-27.44	0.629708
-27.45	0.629681
-27.46	0.629654
-27.47	0.629628
-27.48	0.629601
-27.49	0.629575
-27.5	0.629548
-27.51	0.629522
-27.52	0.629495
-27.53	0.629469
-27.54	0.629442
-27.55	0.629416
-27.56	0.629389
-27.57	0.629363
-27.58	0.629336
-27.59	0.62931
-27.6	0.629284
-27.61	0.629257
-27.62	0.629231
-27.63	0.629205
-27.64	0.629179
-27.65	0.629152
-27.66	0.629126
-27.67	0.6291
-27.68	0.629074
-27.69	0.629048
-27.7	0.629022
-27.71	0.628995
-27.72	0.628969
-27.73	0.628943
-27.74	0.628917
-27.75	0.628891
-27.76	0.628865
-27.77	0.628839
-27.78	0.628813
-27.79	0.628787
-27.8	0.628761
-27.81	0.628736
-27.82	0.62871
-27.83	0.628684
-27.84	0.628658
-27.85	0.628632
-27.86	0.628606
-27.87	0.628581
-27.88	0.628555
-27.89	0.628529
-27.9	0.628503
-27.91	0.628478
-27.92	0.628452
-27.93	0.628426
-27.94	0.628401
-27.95	0.628375
-27.96	0.62835
-27.97	0.628324
-27.98	0.628298
-27.99	0.628273
-28	0.628247
-28.01	0.628222
-28.02	0.628196
-28.03	0.628171
-28.04	0.628146
-28.05	0.62812
-28.06	0.628095
-28.07	0.628069
-28.08	0.628044
-28.09	0.628019
-28.1	0.627993
-28.11	0.627968
-28.12	0.627943
-28.13	0.627918
-28.14	0.627892
-28.15	0.627867
-28.16	0.627842
-28.17	0.627817
-28.18	0.627792
-28.19	0.627766
-28.2	0.627741
-28.21	0.627716
-28.22	0.627691
-28.23	0.627666
-28.24	0.627641
-28.25	0.627616
-28.26	0.627591
-28.27	0.627566
-28.28	0.627541
-28.29	0.627516
-28.3	0.627491
-28.31	0.627466
-28.32	0.627441
-28.33	0.627417
-28.34	0.627392
-28.35	0.627367
-28.36	0.627342
-28.37	0.627317
-28.38	0.627293
-28.39	0.627268
-28.4	0.627243
-28.41	0.627218
-28.42	0.627194
-28.43	0.627169
-28.44	0.627144
-28.45	0.62712
-28.46	0.627095
-28.47	0.62707
-28.48	0.627046
-28.49	0.627021
-28.5	0.626997
-28.51	0.626972
-28.52	0.626948
-28.53	0.626923
-28.54	0.626899
-28.55	0.626874
-28.56	0.62685
-28.57	0.626826
-28.58	0.626801
-28.59	0.626777
-28.6	0.626752
-28.61	0.626728
-28.62	0.626704
-28.63	0.626679
-28.64	0.626655
-28.65	0.626631
-28.66	0.626607
-28.67	0.626583
-28.68	0.626558
-28.69	0.626534
-28.7	0.62651
-28.71	0.626486
-28.72	0.626462
-28.73	0.626438
-28.74	0.626413
-28.75	0.626389
-28.76	0.626365
-28.77	0.626341
-28.78	0.626317
-28.79	0.626293
-28.8	0.626269
-28.81	0.626245
-28.82	0.626221
-28.83	0.626198
-28.84	0.626174
-28.85	0.62615
-28.86	0.626126
-28.87	0.626102
-28.88	0.626078
-28.89	0.626054
-28.9	0.626031
-28.91	0.626007
-28.92	0.625983
-28.93	0.625959
-28.94	0.625935
-28.95	0.625912
-28.96	0.625888
-28.97	0.625864
-28.98	0.625841
-28.99	0.625817
-29	0.625794
-29.01	0.62577
-29.02	0.625746
-29.03	0.625723
-29.04	0.625699
-29.05	0.625676
-29.06	0.625652
-29.07	0.625629
-29.08	0.625605
-29.09	0.625582
-29.1	0.625558
-29.11	0.625535
-29.12	0.625511
-29.13	0.625488
-29.14	0.625465
-29.15	0.625441
-29.16	0.625418
-29.17	0.625395
-29.18	0.625371
-29.19	0.625348
-29.2	0.625325
-29.21	0.625302
-29.22	0.625278
-29.23	0.625255
-29.24	0.625232
-29.25	0.625209
-29.26	0.625186
-29.27	0.625162
-29.28	0.625139
-29.29	0.625116
-29.3	0.625093
-29.31	0.62507
-29.32	0.625047
-29.33	0.625024
-29.34	0.625001
-29.35	0.624978
-29.36	0.624955
-29.37	0.624932
-29.38	0.624909
-29.39	0.624886
-29.4	0.624863
-29.41	0.62484
-29.42	0.624817
-29.43	0.624794
-29.44	0.624772
-29.45	0.624749
-29.46	0.624726
-29.47	0.624703
-29.48	0.62468
-29.49	0.624658
-29.5	0.624635
-29.51	0.624612
-29.52	0.624589
-29.53	0.624567
-29.54	0.624544
-29.55	0.624521
-29.56	0.624499
-29.57	0.624476
-29.58	0.624453
-29.59	0.624431
-29.6	0.624408
-29.61	0.624386
-29.62	0.624363
-29.63	0.624341
-29.64	0.624318
-29.65	0.624296
-29.66	0.624273
-29.67	0.624251
-29.68	0.624228
-29.69	0.624206
-29.7	0.624183
-29.71	0.624161
-29.72	0.624139
-29.73	0.624116
-29.74	0.624094
-29.75	0.624072
-29.76	0.624049
-29.77	0.624027
-29.78	0.624005
-29.79	0.623982
-29.8	0.62396
-29.81	0.623938
-29.82	0.623916
-29.83	0.623893
-29.84	0.623871
-29.85	0.623849
-29.86	0.623827
-29.87	0.623805
-29.88	0.623783
-29.89	0.623761
-29.9	0.623739
-29.91	0.623716
-29.92	0.623694
-29.93	0.623672
-29.94	0.62365
-29.95	0.623628
-29.96	0.623606
-29.97	0.623584
-29.98	0.623562
-29.99	0.62354
-30	0.623518
