x	y
30	0.702494
29.99	0.702521
29.98	0.702548
29.97	0.702575
29.96	0.702603
29.95	0.70263
29.94	0.702657
29.93	0.702684
29.92	0.702711
29.91	0.702738
29.9	0.702766
29.89	0.702793
29.88	0.70282
29.87	0.702847
29.86	0.702875
29.85	0.702902
29.84	0.702929
29.83	0.702957
29.82	0.702984
29.81	0.703011
29.8	0.703039
29.79	0.703066
29.78	0.703094
29.77	0.703121
29.76	0.703149
29.75	0.703176
29.74	0.703204
29.73	0.703231
29.72	0.703259
29.71	0.703286
29.7	0.703314
29.69	0.703342
29.68	0.703369
29.67	0.703397
29.66	0.703425
29.65	0.703452
29.64	0.70348
29.63	0.703508
29.62	0.703536
29.61	0.703563
29.6	0.703591
29.59	0.703619
29.58	0.703647
29.57	0.703675
29.56	0.703703
29.55	0.703731
29.54	0.703759
29.53	0.703787
29.52	0.703815
29.51	0.703843
29.5	0.703871
29.49	0.703899
29.48	0.703927
29.47	0.703955
29.46	0.703983
29.45	0.704011
29.44	0.704039
29.43	0.704067
29.42	0.704096
29.41	0.704124
29.4	0.704152
29.39	0.70418
29.38	0.704209
29.37	0.704237
29.36	0.704265
29.35	0.704294
29.34	0.704322
29.33	0.70435
29.32	0.704379
29.31	0.704407
29.3	0.704436
29.29	0.704464
29.28	0.704493
29.27	0.704521
29.26	0.70455
29.25	0.704578
29.24	0.704607
29.23	0.704635
29.22	0.704664
29.21	0.704693
29.2	0.704721
29.19	0.70475
29.18	0.704779
29.17	0.704807
29.16	0.704836
29.15	0.704865
29.14	0.704894
29.13	0.704923
29.12	0.704951
29.11	0.70498
29.1	0.705009
29.09	0.705038
29.08	0.705067
29.07	0.705096
29.06	0.705125
29.05	0.705154
29.04	0.705183
29.03	0.705212
29.02	0.705241
29.01	0.70527
29	0.705299
28.99	0.705328
28.98	0.705358
28.97	0.705387
28.96	0.705416
28.95	0.705445
28.94	0.705474
28.93	0.705504
28.92	0.705533
28.91	0.705562
28.9	0.705592
28.89	0.705621
28.88	0.70565
28.87	0.70568
28.86	0.705709
28.85	0.705739
28.84	0.705768
28.83	0.705797
28.82	0.705827
28.81	0.705857
28.8	0.705886
28.79	0.705916
28.78	0.705945
28.77	0.705975
28.76	0.706005
28.75	0.706034
28.74	0.706064
28.73	0.706094
28.72	0.706123
28.71	0.706153
28.7	0.706183
28.69	0.706213
28.68	0.706243
28.67	0.706272
28.66	0.706302
28.65	0.706332
28.64	0.706362
28.63	0.706392
28.62	0.706422
28.61	0.706452
28.6	0.706482
28.59	0.706512
28.58	0.706542
28.57	0.706572
28.56	0.706602
28.55	0.706632
28.54	0.706663
28.53	0.706693
28.52	0.706723
28.51	0.706753
28.5	0.706783
28.49	0.706814
28.48	0.706844
28.47	0.706874
28.46	0.706905
28.45	0.706935
28.44	0.706965
28.43	0.706996
28.42	0.707026
28.41	0.707057
28.4	0.707087
28.39	0.707118
28.38	0.707148
28.37	0.707179
28.36	0.707209
28.35	0.70724
28.34	0.707271
28.33	0.707301
28.32	0.707332
28.31	0.707363
28.3	0.707393
28.29	0.707424
28.28	0.707455
28.27	0.707486
28.26	0.707516
28.25	0.707547
28.24	0.707578
28.23	0.707609
28.22	0.70764
28.21	0.707671
28.2	0.707702
28.19	0.707733
28.18	0.707764
28.17	0.707795
28.16	0.707826
28.15	0.707857
28.14	0.707888
28.13	0.707919
28.12	0.70795
28.11	0.707982
28.1	0.708013
28.09	0.708044
28.08	0.708075
28.07	0.708107
28.06	0.708138
28.05	0.708169
28.04	0.708201
28.03	0.708232
28.02	0.708263
28.01	0.708295
28	0.708326
27.99	0.708358
27.98	0.708389
27.97	0.708421
27.96	0.708452
27.95	0.708484
27.94	0.708516
27.93	0.708547
27.92	0.708579
27.91	0.708611
27.9	0.708642
27.89	0.708674
27.88	0.708706
27.87	0.708737
27.86	0.708769
27.85	0.708801
27.84	0.708833
27.83	0.708865
27.82	0.708897
27.81	0.708929
27.8	0.708961
27.79	0.708993
27.78	0.709025
27.77	0.709057
27.76	0.709089
27.75	0.709121
27.74	0.709153
27.73	0.709185
27.72	0.709217
27.71	0.709249
27.7	0.709282
27.69	0.709314
27.68	0.709346
27.67	0.709379
27.66	0.709411
27.65	0.709443
27.64	0.709476
27.63	0.709508
27.62	0.70954
27.61	0.709573
27.6	0.709605
27.59	0.709638
27.58	0.70967
27.57	0.709703
27.56	0.709735
27.55	0.709768
27.54	0.709801
27.53	0.709833
27.52	0.709866
27.51	0.709899
27.5	0.709931
27.49	0.709964
27.48	0.709997
27.47	0.71003
27.46	0.710063
27.45	0.710096
27.44	0.710128
27.43	0.710161
27.42	0.710194
27.41	0.710227
27.4	0.71026
27.39	0.710293
27.38	0.710326
27.37	0.71036
27.36	0.710393
27.35	0.710426
27.34	0.710459
27.33	0.710492
27.32	0.710525
27.31	0.710559
27.3	0.710592
27.29	0.710625
27.28	0.710658
27.27	0.710692
27.26	0.710725
27.25	0.710759
27.24	0.710792
27.23	0.710826
27.22	0.710859
27.21	0.710893
27.2	0.710926
27.19	0.71096
27.18	0.710993
27.17	0.711027
27.16	0.711061
27.15	0.711094
27.14	0.711128
27.13	0.711162
27.12	0.711195
27.11	0.711229
27.1	0.711263
27.09	0.711297
27.08	0.711331
27.07	0.711365
27.06	0.711399
27.05	0.711433
27.04	0.711467
27.03	0.711501
27.02	0.711535
27.01	0.711569
27	0.711603
26.99	0.711637
26.98	0.711671
26.97	0.711705
26.96	0.71174
26.95	0.711774
26.94	0.711808
26.93	0.711842
26.92	0.711877
26.91	0.711911
26.9	0.711945
26.89	0.71198
26.88	0.712014
26.87	0.712049
26.86	0.712083
26.85	0.712118
26.84	0.712152
26.83	0.712187
26.82	0.712222
26.81	0.712256
26.8	0.712291
26.79	0.712326
26.78	0.71236
26.77	0.712395
26.76	0.71243
26.75	0.712465
26.74	0.712499
26.73	0.712534
26.72	0.712569
26.71	0.712604
26.7	0.712639
26.69	0.712674
26.68	0.712709
26.67	0.712744
26.66	0.712779
26.65	0.712814
26.64	0.712849
26.63	0.712885
26.62	0.71292
26.61	0.712955
26.6	0.71299
26.59	0.713026
26.58	0.713061
26.57	0.713096
26.56	0.713132
26.55	0.713167
26.54	0.713202
26.53	0.713238
26.52	0.713273
26.51	0.713309
26.5	0.713344
26.49	0.71338
26.48	0.713416
26.47	0.713451
26.46	0.713487
26.45	0.713523
26.44	0.713558
26.43	0.713594
26.42	0.71363
26.41	0.713666
26.4	0.713702
26.39	0.713737
26.38	0.713773
26.37	0.713809
26.36	0.713845
26.35	0.713881
26.34	0.713917
26.33	0.713953
26.32	0.71399
26.31	0.714026
26.3	0.714062
26.29	0.714098
26.28	0.714134
26.27	0.71417
26.26	0.714207
26.25	0.714243
26.24	0.714279
26.23	0.714316
26.22	0.714352
26.21	0.714389
26.2	0.714425
26.19	0.714462
26.18	0.714498
26.17	0.714535
26.16	0.714571
26.15	0.714608
26.14	0.714645
26.13	0.714681
26.12	0.714718
26.11	0.714755
26.1	0.714791
26.09	0.714828
26.08	0.714865
26.07	0.714902
26.06	0.714939
26.05	0.714976
26.04	0.715013
26.03	0.71505
26.02	0.715087
26.01	0.715124
26	0.715161
25.99	0.715198
25.98	0.715235
25.97	0.715272
25.96	0.71531
25.95	0.715347
25.94	0.715384
25.93	0.715421
25.92	0.715459
25.91	0.715496
25.9	0.715534
25.89	0.715571
25.88	0.715609
25.87	0.715646
25.86	0.715684
25.85	0.715721
25.84	0.715759
25.83	0.715796
25.82	0.715834
25.81	0.715872
25.8	0.71591
25.79	0.715947
25.78	0.715985
25.77	0.716023
25.76	0.716061
25.75	0.716099
25.74	0.716137
25.73	0.716175
25.72	0.716213
25.71	0.716251
25.7	0.716289
25.69	0.716327
25.68	0.716365
25.67	0.716403
25.66	0.716441
25.65	0.71648
25.64	0.716518
25.63	0.716556
25.62	0.716595
25.61	0.716633
25.6	0.716671
25.59	0.71671
25.58	0.716748
25.57	0.716787
25.56	0.716825
25.55	0.716864
25.54	0.716902
25.53	0.716941
25.52	0.71698
25.51	0.717018
25.5	0.717057
25.49	0.717096
25.48	0.717135
25.47	0.717174
25.46	0.717212
25.45	0.717251
25.44	0.71729
25.43	0.717329
25.42	0.717368
25.41	0.717407
25.4	0.717447
25.39	0.717486
25.38	0.717525
25.37	0.717564
25.36	0.717603
25.35	0.717642
25.34	0.717682
25.33	0.717721
25.32	0.71776
25.31	0.7178
25.3	0.717839
25.29	0.717879
25.28	0.717918
25.27	0.717958
25.26	0.717997
25.25	0.718037
25.24	0.718077
25.23	0.718116
25.22	0.718156
25.21	0.718196
25.2	0.718235
25.19	0.718275
25.18	0.718315
25.17	0.718355
25.16	0.718395
25.15	0.718435
25.14	0.718475
25.13	0.718515
25.12	0.718555
25.11	0.718595
25.1	0.718635
25.09	0.718675
25.08	0.718716
25.07	0.718756
25.06	0.718796
25.05	0.718836
25.04	0.718877
25.03	0.718917
25.02	0.718958
25.01	0.718998
25	0.719039
24.99	0.719079
24.98	0.71912
24.97	0.71916
24.96	0.719201
24.95	0.719242
24.94	0.719282
24.93	0.719323
24.92	0.719364
24.91	0.719405
24.9	0.719446
24.89	0.719486
24.88	0.719527
24.87	0.719568
24.86	0.719609
24.85	0.71965
24.84	0.719692
24.83	0.719733
24.82	0.719774
24.81	0.719815
24.8	0.719856
24.79	0.719898
24.78	0.719939
24.77	0.71998
24.76	0.720022
24.75	0.720063
24.74	0.720104
24.73	0.720146
24.72	0.720188
24.71	0.720229
24.7	0.720271
24.69	0.720312
24.68	0.720354
24.67	0.720396
24.66	0.720438
24.65	0.720479
24.64	0.720521
24.63	0.720563
24.62	0.720605
24.61	0.720647
24.6	0.720689
24.59	0.720731
24.58	0.720773
24.57	0.720815
24.56	0.720857
24.55	0.720899
24.54	0.720942
24.53	0.720984
24.52	0.721026
24.51	0.721069
24.5	0.721111
24.49	0.721153
24.48	0.721196
24.47	0.721238
24.46	0.721281
24.45	0.721323
24.44	0.721366
24.43	0.721409
24.42	0.721451
24.41	0.721494
24.4	0.721537
24.39	0.72158
24.38	0.721623
24.37	0.721665
24.36	0.721708
24.35	0.721751
24.34	0.721794
24.33	0.721837
24.32	0.72188
24.31	0.721924
24.3	0.721967
24.29	0.72201
24.28	0.722053
24.27	0.722097
24.26	0.72214
24.25	0.722183
24.24	0.722227
24.23	0.72227
24.22	0.722314
24.21	0.722357
24.2	0.722401
24.19	0.722444
24.18	0.722488
24.17	0.722532
24.16	0.722575
24.15	0.722619
24.14	0.722663
24.13	0.722707
24.12	0.722751
24.11	0.722795
24.1	0.722839
24.09	0.722883
24.08	0.722927
24.07	0.722971
24.06	0.723015
24.05	0.723059
24.04	0.723103
24.03	0.723148
24.02	0.723192
24.01	0.723236
24	0.723281
23.99	0.723325
23.98	0.72337
23.97	0.723414
23.96	0.723459
23.95	0.723503
23.94	0.723548
23.93	0.723593
23.92	0.723637
23.91	0.723682
23.9	0.723727
23.89	0.723772
23.88	0.723817
23.87	0.723862
23.86	0.723907
23.85	0.723952
23.84	0.723997
23.83	0.724042
23.82	0.724087
23.81	0.724132
23.8	0.724177
23.79	0.724223
23.78	0.724268
23.77	0.724313
23.76	0.724359
23.75	0.724404
23.74	0.72445
23.73	0.724495
23.72	0.724541
23.71	0.724587
23.7	0.724632
23.69	0.724678
23.68	0.724724
23.67	0.72477
23.66	0.724815
23.65	0.724861
23.64	0.724907
23.63	0.724953
23.62	0.724999
23.61	0.725045
23.6	0.725091
23.59	0.725138
23.58	0.725184
23.57	0.72523
23.56	0.725276
23.55	0.725323
23.54	0.725369
23.53	0.725415
23.52	0.725462
23.51	0.725508
23.5	0.725555
23.49	0.725601
23.48	0.725648
23.47	0.725695
23.46	0.725742
23.45	0.725788
23.44	0.725835
23.43	0.725882
23.42	0.725929
23.41	0.725976
23.4	0.726023
23.39	0.72607
23.38	0.726117
23.37	0.726164
23.36	0.726211
23.35	0.726259
23.34	0.726306
23.33	0.726353
23.32	0.726401
23.31	0.726448
23.3	0.726496
23.29	0.726543
23.28	0.726591
23.27	0.726638
23.26	0.726686
23.25	0.726734
23.24	0.726781
23.23	0.726829
23.22	0.726877
23.21	0.726925
23.2	0.726973
23.19	0.727021
23.18	0.727069
23.17	0.727117
23.16	0.727165
23.15	0.727213
23.14	0.727261
23.13	0.72731
23.12	0.727358
23.11	0.727406
23.1	0.727455
23.09	0.727503
23.08	0.727552
23.07	0.7276
23.06	0.727649
23.05	0.727697
23.04	0.727746
23.03	0.727795
23.02	0.727844
23.01	0.727892
23	0.727941
22.99	0.72799
22.98	0.728039
22.97	0.728088
22.96	0.728137
22.95	0.728186
22.94	0.728236
22.93	0.728285
22.92	0.728334
22.91	0.728383
22.9	0.728433
22.89	0.728482
22.88	0.728532
22.87	0.728581
22.86	0.728631
22.85	0.72868
22.84	0.72873
22.83	0.72878
22.82	0.728829
22.81	0.728879
22.8	0.728929
22.79	0.728979
22.78	0.729029
22.77	0.729079
22.76	0.729129
22.75	0.729179
22.74	0.729229
22.73	0.729279
22.72	0.72933
22.71	0.72938
22.7	0.72943
22.69	0.729481
22.68	0.729531
22.67	0.729582
22.66	0.729632
22.65	0.729683
22.64	0.729734
22.63	0.729784
22.62	0.729835
22.61	0.729886
22.6	0.729937
22.59	0.729988
22.58	0.730039
22.57	0.73009
22.56	0.730141
22.55	0.730192
22.54	0.730243
22.53	0.730294
22.52	0.730345
22.51	0.730397
22.5	0.730448
22.49	0.7305
22.48	0.730551
22.47	0.730603
22.46	0.730654
22.45	0.730706
22.44	0.730758
22.43	0.730809
22.42	0.730861
22.41	0.730913
22.4	0.730965
22.39	0.731017
22.38	0.731069
22.37	0.731121
22.36	0.731173
22.35	0.731225
22.34	0.731277
22.33	0.73133
22.32	0.731382
22.31	0.731434
22.3	0.731487
22.29	0.731539
22.28	0.731592
22.27	0.731644
22.26	0.731697
22.25	0.73175
22.24	0.731803
22.23	0.731855
22.22	0.731908
22.21	0.731961
22.2	0.732014
22.19	0.732067
22.18	0.73212
22.17	0.732173
22.16	0.732227
22.15	0.73228
22.14	0.732333
22.13	0.732386
22.12	0.73244
22.11	0.732493
22.1	0.732547
22.09	0.7326
22.08	0.732654
22.07	0.732708
22.06	0.732762
22.05	0.732815
22.04	0.732869
22.03	0.732923
22.02	0.732977
22.01	0.733031
22	0.733085
21.99	0.733139
21.98	0.733193
21.97	0.733248
21.96	0.733302
21.95	0.733356
21.94	0.733411
21.93	0.733465
21.92	0.73352
21.91	0.733574
21.9	0.733629
21.89	0.733684
21.88	0.733738
21.87	0.733793
21.86	0.733848
21.85	0.733903
21.84	0.733958
21.83	0.734013
21.82	0.734068
21.81	0.734123
21.8	0.734179
21.79	0.734234
21.78	0.734289
21.77	0.734345
21.76	0.7344
21.75	0.734456
21.74	0.734511
21.73	0.734567
21.72	0.734622
21.71	0.734678
21.7	0.734734
21.69	0.73479
21.68	0.734846
21.67	0.734902
21.66	0.734958
21.65	0.735014
21.64	0.73507
21.63	0.735126
21.62	0.735182
21.61	0.735239
21.6	0.735295
21.59	0.735352
21.58	0.735408
21.57	0.735465
21.56	0.735521
21.55	0.735578
21.54	0.735635
21.53	0.735692
21.52	0.735748
21.51	0.735805
21.5	0.735862
21.49	0.735919
21.48	0.735977
21.47	0.736034
21.46	0.736091
21.45	0.736148
21.44	0.736206
21.43	0.736263
21.42	0.73632
21.41	0.736378
21.4	0.736436
21.39	0.736493
21.38	0.736551
21.37	0.736609
21.36	0.736667
21.35	0.736725
21.34	0.736783
21.33	0.736841
21.32	0.736899
21.31	0.736957
21.3	0.737015
21.29	0.737073
21.28	0.737132
21.27	0.73719
21.26	0.737249
21.25	0.737307
21.24	0.737366
21.23	0.737424
21.22	0.737483
21.21	0.737542
21.2	0.737601
21.19	0.73766
21.18	0.737719
21.17	0.737778
21.16	0.737837
21.15	0.737896
21.14	0.737955
21.13	0.738015
21.12	0.738074
21.11	0.738133
21.1	0.738193
21.09	0.738253
21.08	0.738312
21.07	0.738372
21.06	0.738432
21.05	0.738491
21.04	0.738551
21.03	0.738611
21.02	0.738671
21.01	0.738731
21	0.738792
20.99	0.738852
20.98	0.738912
20.97	0.738972
20.96	0.739033
20.95	0.739093
20.94	0.739154
20.93	0.739214
20.92	0.739275
20.91	0.739336
20.9	0.739397
20.89	0.739458
20.88	0.739518
20.87	0.739579
20.86	0.739641
20.85	0.739702
20.84	0.739763
20.83	0.739824
20.82	0.739886
20.81	0.739947
20.8	0.740008
20.79	0.74007
20.78	0.740132
20.77	0.740193
20.76	0.740255
20.75	0.740317
20.74	0.740379
20.73	0.740441
20.72	0.740503
20.71	0.740565
20.7	0.740627
20.69	0.740689
20.68	0.740752
20.67	0.740814
20.66	0.740876
20.65	0.740939
20.64	0.741002
20.63	0.741064
20.62	0.741127
20.61	0.74119
20.6	0.741253
20.59	0.741316
20.58	0.741379
20.57	0.741442
20.56	0.741505
20.55	0.741568
20.54	0.741631
20.53	0.741695
20.52	0.741758
20.51	0.741822
20.5	0.741885
20.49	0.741949
20.48	0.742013
20.47	0.742076
20.46	0.74214
20.45	0.742204
20.44	0.742268
20.43	0.742332
20.42	0.742396
20.41	0.742461
20.4	0.742525
20.39	0.742589
20.38	0.742654
20.37	0.742718
20.36	0.742783
20.35	0.742848
20.34	0.742912
20.33	0.742977
20.32	0.743042
20.31	0.743107
20.3	0.743172
20.29	0.743237
20.28	0.743302
20.27	0.743367
20.26	0.743433
20.25	0.743498
20.24	0.743564
20.23	0.743629
20.22	0.743695
20.21	0.743761
20.2	0.743826
20.19	0.743892
20.18	0.743958
20.17	0.744024
20.16	0.74409
20.15	0.744156
20.14	0.744223
20.13	0.744289
20.12	0.744355
20.11	0.744422
20.1	0.744488
20.09	0.744555
20.08	0.744622
20.07	0.744688
20.06	0.744755
20.05	0.744822
20.04	0.744889
20.03	0.744956
20.02	0.745023
20.01	0.745091
20	0.745158
19.99	0.745225
19.98	0.745293
19.97	0.74536
19.96	0.745428
19.95	0.745496
19.94	0.745563
19.93	0.745631
19.92	0.745699
19.91	0.745767
19.9	0.745835
19.89	0.745903
19.88	0.745972
19.87	0.74604
19.86	0.746108
19.85	0.746177
19.84	0.746245
19.83	0.746314
19.82	0.746383
19.81	0.746452
19.8	0.746521
19.79	0.746589
19.78	0.746659
19.77	0.746728
19.76	0.746797
19.75	0.746866
19.74	0.746936
19.73	0.747005
19.72	0.747075
19.71	0.747144
19.7	0.747214
19.69	0.747284
19.68	0.747353
19.67	0.747423
19.66	0.747494
19.65	0.747564
19.64	0.747634
19.63	0.747704
19.62	0.747774
19.61	0.747845
19.6	0.747915
19.59	0.747986
19.58	0.748057
19.57	0.748128
19.56	0.748198
19.55	0.748269
19.54	0.74834
19.53	0.748411
19.52	0.748483
19.51	0.748554
19.5	0.748625
19.49	0.748697
19.48	0.748768
19.47	0.74884
19.46	0.748912
19.45	0.748983
19.44	0.749055
19.43	0.749127
19.42	0.749199
19.41	0.749272
19.4	0.749344
19.39	0.749416
19.38	0.749488
19.37	0.749561
19.36	0.749633
19.35	0.749706
19.34	0.749779
19.33	0.749852
19.32	0.749925
19.31	0.749998
19.3	0.750071
19.29	0.750144
19.28	0.750217
19.27	0.750291
19.26	0.750364
19.25	0.750438
19.24	0.750511
19.23	0.750585
19.22	0.750659
19.21	0.750733
19.2	0.750807
19.19	0.750881
19.18	0.750955
19.17	0.751029
19.16	0.751104
19.15	0.751178
19.14	0.751252
19.13	0.751327
19.12	0.751402
19.11	0.751477
19.1	0.751552
19.09	0.751626
19.08	0.751702
19.07	0.751777
19.06	0.751852
19.05	0.751927
19.04	0.752003
19.03	0.752078
19.02	0.752154
19.01	0.75223
19	0.752306
18.99	0.752381
18.98	0.752457
18.97	0.752533
18.96	0.75261
18.95	0.752686
18.94	0.752762
18.93	0.752839
18.92	0.752915
18.91	0.752992
18.9	0.753069
18.89	0.753146
18.88	0.753223
18.87	0.7533
18.86	0.753377
18.85	0.753454
18.84	0.753531
18.83	0.753609
18.82	0.753686
18.81	0.753764
18.8	0.753842
18.79	0.753919
18.78	0.753997
18.77	0.754075
18.76	0.754153
18.75	0.754232
18.74	0.75431
18.73	0.754388
18.72	0.754467
18.71	0.754545
18.7	0.754624
18.69	0.754703
18.68	0.754782
18.67	0.754861
18.66	0.75494
18.65	0.755019
18.64	0.755098
18.63	0.755177
18.62	0.755257
18.61	0.755337
18.6	0.755416
18.59	0.755496
18.58	0.755576
18.57	0.755656
18.56	0.755736
18.55	0.755816
18.54	0.755896
18.53	0.755977
18.52	0.756057
18.51	0.756138
18.5	0.756218
18.49	0.756299
18.48	0.75638
18.47	0.756461
18.46	0.756542
18.45	0.756624
18.44	0.756705
18.43	0.756786
18.42	0.756868
18.41	0.756949
18.4	0.757031
18.39	0.757113
18.38	0.757195
18.37	0.757277
18.36	0.757359
18.35	0.757441
18.34	0.757524
18.33	0.757606
18.32	0.757689
18.31	0.757771
18.3	0.757854
18.29	0.757937
18.28	0.75802
18.27	0.758103
18.26	0.758186
18.25	0.758269
18.24	0.758353
18.23	0.758436
18.22	0.75852
18.21	0.758604
18.2	0.758687
18.19	0.758771
18.18	0.758855
18.17	0.75894
18.16	0.759024
18.15	0.759108
18.14	0.759193
18.13	0.759277
18.12	0.759362
18.11	0.759447
18.1	0.759532
18.09	0.759617
18.08	0.759702
18.07	0.759787
18.06	0.759873
18.05	0.759958
18.04	0.760044
18.03	0.760129
18.02	0.760215
18.01	0.760301
18	0.760387
17.99	0.760473
17.98	0.76056
17.97	0.760646
17.96	0.760732
17.95	0.760819
17.94	0.760906
17.93	0.760993
17.92	0.76108
17.91	0.761167
17.9	0.761254
17.89	0.761341
17.88	0.761429
17.87	0.761516
17.86	0.761604
17.85	0.761691
17.84	0.761779
17.83	0.761867
17.82	0.761955
17.81	0.762044
17.8	0.762132
17.79	0.76222
17.78	0.762309
17.77	0.762398
17.76	0.762486
17.75	0.762575
17.74	0.762664
17.73	0.762754
17.72	0.762843
17.71	0.762932
17.7	0.763022
17.69	0.763111
17.68	0.763201
17.67	0.763291
17.66	0.763381
17.65	0.763471
17.64	0.763561
17.63	0.763652
17.62	0.763742
17.61	0.763833
17.6	0.763923
17.59	0.764014
17.58	0.764105
17.57	0.764196
17.56	0.764288
17.55	0.764379
17.54	0.76447
17.53	0.764562
17.52	0.764654
17.51	0.764745
17.5	0.764837
17.49	0.764929
17.48	0.765022
17.47	0.765114
17.46	0.765206
17.45	0.765299
17.44	0.765392
17.43	0.765484
17.42	0.765577
17.41	0.76567
17.4	0.765764
17.39	0.765857
17.38	0.76595
17.37	0.766044
17.36	0.766138
17.35	0.766232
17.34	0.766326
17.33	0.76642
17.32	0.766514
17.31	0.766608
17.3	0.766703
17.29	0.766797
17.28	0.766892
17.27	0.766987
17.26	0.767082
17.25	0.767177
17.24	0.767272
17.23	0.767368
17.22	0.767463
17.21	0.767559
17.2	0.767655
17.19	0.767751
17.18	0.767847
17.17	0.767943
17.16	0.768039
17.15	0.768135
17.14	0.768232
17.13	0.768329
17.12	0.768426
17.11	0.768523
17.1	0.76862
17.09	0.768717
17.08	0.768814
17.07	0.768912
17.06	0.76901
17.05	0.769107
17.04	0.769205
17.03	0.769303
17.02	0.769402
17.01	0.7695
17	0.769598
16.99	0.769697
16.98	0.769796
16.97	0.769895
16.96	0.769994
16.95	0.770093
16.94	0.770192
16.93	0.770292
16.92	0.770391
16.91	0.770491
16.9	0.770591
16.89	0.770691
16.88	0.770791
16.87	0.770891
16.86	0.770992
16.85	0.771092
16.84	0.771193
16.83	0.771294
16.82	0.771395
16.81	0.771496
16.8	0.771597
16.79	0.771699
16.78	0.7718
16.77	0.771902
16.76	0.772004
16.75	0.772106
16.74	0.772208
16.73	0.77231
16.72	0.772413
16.71	0.772515
16.7	0.772618
16.69	0.772721
16.68	0.772824
16.67	0.772927
16.66	0.77303
16.65	0.773134
16.64	0.773238
16.63	0.773341
16.62	0.773445
16.61	0.773549
16.6	0.773654
16.59	0.773758
16.58	0.773862
16.57	0.773967
16.56	0.774072
16.55	0.774177
16.54	0.774282
16.53	0.774387
16.52	0.774493
16.51	0.774598
16.5	0.774704
16.49	0.77481
16.48	0.774916
16.47	0.775022
16.46	0.775128
16.45	0.775235
16.44	0.775342
16.43	0.775448
16.42	0.775555
16.41	0.775662
16.4	0.77577
16.39	0.775877
16.38	0.775985
16.37	0.776093
16.36	0.7762
16.35	0.776309
16.34	0.776417
16.33	0.776525
16.32	0.776634
16.31	0.776742
16.3	0.776851
16.29	0.77696
16.28	0.777069
16.27	0.777179
16.26	0.777288
16.25	0.777398
16.24	0.777508
16.23	0.777618
16.22	0.777728
16.21	0.777838
16.2	0.777949
16.19	0.778059
16.18	0.77817
16.17	0.778281
16.16	0.778392
16.15	0.778503
16.14	0.778615
16.13	0.778727
16.12	0.778838
16.11	0.77895
16.1	0.779062
16.09	0.779175
16.08	0.779287
16.07	0.7794
16.06	0.779513
16.05	0.779626
16.04	0.779739
16.03	0.779852
16.02	0.779965
16.01	0.780079
16	0.780193
15.99	0.780307
15.98	0.780421
15.97	0.780535
15.96	0.78065
15.95	0.780765
15.94	0.780879
15.93	0.780994
15.92	0.78111
15.91	0.781225
15.9	0.78134
15.89	0.781456
15.88	0.781572
15.87	0.781688
15.86	0.781804
15.85	0.781921
15.84	0.782037
15.83	0.782154
15.82	0.782271
15.81	0.782388
15.8	0.782506
15.79	0.782623
15.78	0.782741
15.77	0.782859
15.76	0.782977
15.75	0.783095
15.74	0.783213
15.73	0.783332
15.72	0.78345
15.71	0.783569
15.7	0.783688
15.69	0.783808
15.68	0.783927
15.67	0.784047
15.66	0.784167
15.65	0.784287
15.64	0.784407
15.63	0.784527
15.62	0.784648
15.61	0.784769
15.6	0.78489
15.59	0.785011
15.58	0.785132
15.57	0.785254
15.56	0.785375
15.55	0.785497
15.54	0.785619
15.53	0.785742
15.52	0.785864
15.51	0.785987
15.5	0.78611
15.49	0.786233
15.48	0.786356
15.47	0.786479
15.46	0.786603
15.45	0.786727
15.44	0.786851
15.43	0.786975
15.42	0.7871
15.41	0.787224
15.4	0.787349
15.39	0.787474
15.38	0.787599
15.37	0.787724
15.36	0.78785
15.35	0.787976
15.34	0.788102
15.33	0.788228
15.32	0.788354
15.31	0.788481
15.3	0.788608
15.29	0.788735
15.28	0.788862
15.27	0.788989
15.26	0.789117
15.25	0.789245
15.24	0.789373
15.23	0.789501
15.22	0.789629
15.21	0.789758
15.2	0.789887
15.19	0.790016
15.18	0.790145
15.17	0.790274
15.16	0.790404
15.15	0.790534
15.14	0.790664
15.13	0.790794
15.12	0.790924
15.11	0.791055
15.1	0.791186
15.09	0.791317
15.08	0.791448
15.07	0.79158
15.06	0.791712
15.05	0.791844
15.04	0.791976
15.03	0.792108
15.02	0.792241
15.01	0.792373
15	0.792507
14.99	0.79264
14.98	0.792773
14.97	0.792907
14.96	0.793041
14.95	0.793175
14.94	0.793309
14.93	0.793444
14.92	0.793578
14.91	0.793713
14.9	0.793849
14.89	0.793984
14.88	0.79412
14.87	0.794255
14.86	0.794392
14.85	0.794528
14.84	0.794664
14.83	0.794801
14.82	0.794938
14.81	0.795075
14.8	0.795213
14.79	0.79535
14.78	0.795488
14.77	0.795626
14.76	0.795765
14.75	0.795903
14.74	0.796042
14.73	0.796181
14.72	0.79632
14.71	0.79646
14.7	0.7966
14.69	0.79674
14.68	0.79688
14.67	0.79702
14.66	0.797161
14.65	0.797302
14.64	0.797443
14.63	0.797584
14.62	0.797726
14.61	0.797868
14.6	0.79801
14.59	0.798152
14.58	0.798295
14.57	0.798437
14.56	0.79858
14.55	0.798724
14.54	0.798867
14.53	0.799011
14.52	0.799155
14.51	0.799299
14.5	0.799444
14.49	0.799588
14.48	0.799733
14.47	0.799879
14.46	0.800024
14.45	0.80017
14.44	0.800316
14.43	0.800462
14.42	0.800608
14.41	0.800755
14.4	0.800902
14.39	0.801049
14.38	0.801197
14.37	0.801344
14.36	0.801492
14.35	0.801641
14.34	0.801789
14.33	0.801938
14.32	0.802087
14.31	0.802236
14.3	0.802386
14.29	0.802535
14.28	0.802685
14.27	0.802836
14.26	0.802986
14.25	0.803137
14.24	0.803288
14.23	0.803439
14.22	0.803591
14.21	0.803743
14.2	0.803895
14.19	0.804047
14.18	0.8042
14.17	0.804353
14.16	0.804506
14.15	0.804659
14.14	0.804813
14.13	0.804967
14.12	0.805121
14.11	0.805275
14.1	0.80543
14.09	0.805585
14.08	0.805741
14.07	0.805896
14.06	0.806052
14.05	0.806208
14.04	0.806364
14.03	0.806521
14.02	0.806678
14.01	0.806835
14	0.806993
13.99	0.807151
13.98	0.807309
13.97	0.807467
13.96	0.807626
13.95	0.807784
13.94	0.807944
13.93	0.808103
13.92	0.808263
13.91	0.808423
13.9	0.808583
13.89	0.808744
13.88	0.808905
13.87	0.809066
13.86	0.809227
13.85	0.809389
13.84	0.809551
13.83	0.809713
13.82	0.809876
13.81	0.810039
13.8	0.810202
13.79	0.810366
13.78	0.810529
13.77	0.810693
13.76	0.810858
13.75	0.811022
13.74	0.811187
13.73	0.811353
13.72	0.811518
13.71	0.811684
13.7	0.81185
13.69	0.812017
13.68	0.812183
13.67	0.812351
13.66	0.812518
13.65	0.812686
13.64	0.812854
13.63	0.813022
13.62	0.81319
13.61	0.813359
13.6	0.813529
13.59	0.813698
13.58	0.813868
13.57	0.814038
13.56	0.814209
13.55	0.814379
13.54	0.81455
13.53	0.814722
13.52	0.814893
13.51	0.815066
13.5	0.815238
13.49	0.81541
13.48	0.815584
13.47	0.815757
13.46	0.81593
13.45	0.816104
13.44	0.816279
13.43	0.816453
13.42	0.816628
13.41	0.816803
13.4	0.816979
13.39	0.817155
13.38	0.817331
13.37	0.817508
13.36	0.817684
13.35	0.817862
13.34	0.818039
13.33	0.818217
13.32	0.818395
13.31	0.818574
13.3	0.818753
13.29	0.818932
13.28	0.819111
13.27	0.819291
13.26	0.819472
13.25	0.819652
13.24	0.819833
13.23	0.820014
13.22	0.820196
13.21	0.820378
13.2	0.82056
13.19	0.820743
13.18	0.820926
13.17	0.821109
13.16	0.821293
13.15	0.821477
13.14	0.821661
13.13	0.821846
13.12	0.822031
13.11	0.822216
13.1	0.822402
13.09	0.822588
13.08	0.822775
13.07	0.822961
13.06	0.823149
13.05	0.823336
13.04	0.823524
13.03	0.823712
13.02	0.823901
13.01	0.82409
13	0.824279
12.99	0.824469
12.98	0.824659
12.97	0.82485
12.96	0.825041
12.95	0.825232
12.94	0.825424
12.93	0.825615
12.92	0.825808
12.91	0.826001
12.9	0.826194
12.89	0.826387
12.88	0.826581
12.87	0.826775
12.86	0.82697
12.85	0.827165
12.84	0.82736
12.83	0.827556
12.82	0.827752
12.81	0.827949
12.8	0.828145
12.79	0.828343
12.78	0.82854
12.77	0.828739
12.76	0.828937
12.75	0.829136
12.74	0.829335
12.73	0.829535
12.72	0.829735
12.71	0.829935
12.7	0.830136
12.69	0.830337
12.68	0.830539
12.67	0.830741
12.66	0.830943
12.65	0.831146
12.64	0.83135
12.63	0.831553
12.62	0.831757
12.61	0.831962
12.6	0.832167
12.59	0.832372
12.58	0.832578
12.57	0.832784
12.56	0.83299
12.55	0.833197
12.54	0.833405
12.53	0.833613
12.52	0.833821
12.51	0.834029
12.5	0.834238
12.49	0.834448
12.48	0.834658
12.47	0.834868
12.46	0.835079
12.45	0.83529
12.44	0.835502
12.43	0.835714
12.42	0.835926
12.41	0.836139
12.4	0.836353
12.39	0.836566
12.38	0.836781
12.37	0.836995
12.36	0.83721
12.35	0.837426
12.34	0.837642
12.33	0.837858
12.32	0.838075
12.31	0.838293
12.3	0.838511
12.29	0.838729
12.28	0.838948
12.27	0.839167
12.26	0.839386
12.25	0.839606
12.24	0.839827
12.23	0.840048
12.22	0.840269
12.21	0.840491
12.2	0.840714
12.19	0.840937
12.18	0.84116
12.17	0.841384
12.16	0.841608
12.15	0.841833
12.14	0.842058
12.13	0.842283
12.12	0.84251
12.11	0.842736
12.1	0.842963
12.09	0.843191
12.08	0.843419
12.07	0.843647
12.06	0.843876
12.05	0.844106
12.04	0.844336
12.03	0.844566
12.02	0.844797
12.01	0.845029
12	0.845261
11.99	0.845493
11.98	0.845726
11.97	0.84596
11.96	0.846194
11.95	0.846428
11.94	0.846663
11.93	0.846899
11.92	0.847135
11.91	0.847371
11.9	0.847608
11.89	0.847846
11.88	0.848084
11.87	0.848322
11.86	0.848561
11.85	0.848801
11.84	0.849041
11.83	0.849281
11.82	0.849523
11.81	0.849764
11.8	0.850006
11.79	0.850249
11.78	0.850492
11.77	0.850736
11.76	0.850981
11.75	0.851225
11.74	0.851471
11.73	0.851717
11.72	0.851963
11.71	0.85221
11.7	0.852458
11.69	0.852706
11.68	0.852954
11.67	0.853204
11.66	0.853453
11.65	0.853704
11.64	0.853954
11.63	0.854206
11.62	0.854458
11.61	0.85471
11.6	0.854964
11.59	0.855217
11.58	0.855471
11.57	0.855726
11.56	0.855982
11.55	0.856237
11.54	0.856494
11.53	0.856751
11.52	0.857009
11.51	0.857267
11.5	0.857526
11.49	0.857785
11.48	0.858045
11.47	0.858306
11.46	0.858567
11.45	0.858829
11.44	0.859091
11.43	0.859354
11.42	0.859618
11.41	0.859882
11.4	0.860147
11.39	0.860412
11.38	0.860678
11.37	0.860944
11.36	0.861212
11.35	0.861479
11.34	0.861748
11.33	0.862017
11.32	0.862286
11.31	0.862557
11.3	0.862828
11.29	0.863099
11.28	0.863371
11.27	0.863644
11.26	0.863917
11.25	0.864191
11.24	0.864466
11.23	0.864741
11.22	0.865017
11.21	0.865294
11.2	0.865571
11.19	0.865849
11.18	0.866127
11.17	0.866407
11.16	0.866686
11.15	0.866967
11.14	0.867248
11.13	0.86753
11.12	0.867812
11.11	0.868095
11.1	0.868379
11.09	0.868664
11.08	0.868949
11.07	0.869235
11.06	0.869521
11.05	0.869808
11.04	0.870096
11.03	0.870385
11.02	0.870674
11.01	0.870964
11	0.871254
10.99	0.871546
10.98	0.871838
10.97	0.87213
10.96	0.872424
10.95	0.872718
10.94	0.873013
10.93	0.873308
10.92	0.873604
10.91	0.873901
10.9	0.874199
10.89	0.874497
10.88	0.874797
10.87	0.875096
10.86	0.875397
10.85	0.875698
10.84	0.876
10.83	0.876303
10.82	0.876606
10.81	0.876911
10.8	0.877216
10.79	0.877521
10.78	0.877828
10.77	0.878135
10.76	0.878443
10.75	0.878752
10.74	0.879061
10.73	0.879371
10.72	0.879682
10.71	0.879994
10.7	0.880307
10.69	0.88062
10.68	0.880934
10.67	0.881249
10.66	0.881564
10.65	0.881881
10.64	0.882198
10.63	0.882516
10.62	0.882835
10.61	0.883155
10.6	0.883475
10.59	0.883796
10.58	0.884118
10.57	0.884441
10.56	0.884765
10.55	0.885089
10.54	0.885414
10.53	0.88574
10.52	0.886067
10.51	0.886395
10.5	0.886724
10.49	0.887053
10.48	0.887383
10.47	0.887714
10.46	0.888046
10.45	0.888379
10.44	0.888713
10.43	0.889047
10.42	0.889382
10.41	0.889718
10.4	0.890056
10.39	0.890393
10.38	0.890732
10.37	0.891072
10.36	0.891412
10.35	0.891754
10.34	0.892096
10.33	0.892439
10.32	0.892783
10.31	0.893128
10.3	0.893474
10.29	0.893821
10.28	0.894168
10.27	0.894517
10.26	0.894866
10.25	0.895217
10.24	0.895568
10.23	0.89592
10.22	0.896273
10.21	0.896627
10.2	0.896982
10.19	0.897338
10.18	0.897695
10.17	0.898053
10.16	0.898412
10.15	0.898772
10.14	0.899132
10.13	0.899494
10.12	0.899856
10.11	0.90022
10.1	0.900584
10.09	0.90095
10.08	0.901316
10.07	0.901684
10.06	0.902052
10.05	0.902422
10.04	0.902792
10.03	0.903163
10.02	0.903536
10.01	0.903909
10	0.904284
9.99	0.904659
9.98	0.905036
9.97	0.905413
9.96	0.905792
9.95	0.906171
9.94	0.906552
9.93	0.906933
9.92	0.907316
9.91	0.9077
9.9	0.908084
9.89	0.90847
9.88	0.908857
9.87	0.909245
9.86	0.909634
9.85	0.910024
9.84	0.910415
9.83	0.910807
9.82	0.9112
9.81	0.911595
9.8	0.91199
9.79	0.912387
9.78	0.912784
9.77	0.913183
9.76	0.913583
9.75	0.913984
9.74	0.914386
9.73	0.914789
9.72	0.915194
9.71	0.915599
9.7	0.916006
9.69	0.916414
9.68	0.916823
9.67	0.917233
9.66	0.917644
9.65	0.918056
9.64	0.91847
9.63	0.918885
9.62	0.919301
9.61	0.919718
9.6	0.920136
9.59	0.920556
9.58	0.920976
9.57	0.921398
9.56	0.921822
9.55	0.922246
9.54	0.922671
9.53	0.923098
9.52	0.923526
9.51	0.923956
9.5	0.924386
9.49	0.924818
9.48	0.925251
9.47	0.925685
9.46	0.92612
9.45	0.926557
9.44	0.926995
9.43	0.927435
9.42	0.927875
9.41	0.928317
9.4	0.92876
9.39	0.929205
9.38	0.929651
9.37	0.930098
9.36	0.930546
9.35	0.930996
9.34	0.931447
9.33	0.931899
9.32	0.932353
9.31	0.932808
9.3	0.933265
9.29	0.933723
9.28	0.934182
9.27	0.934642
9.26	0.935104
9.25	0.935568
9.24	0.936032
9.23	0.936499
9.22	0.936966
9.21	0.937435
9.2	0.937905
9.19	0.938377
9.18	0.93885
9.17	0.939325
9.16	0.939801
9.15	0.940279
9.14	0.940758
9.13	0.941238
9.12	0.94172
9.11	0.942203
9.1	0.942688
9.09	0.943174
9.08	0.943662
9.07	0.944152
9.06	0.944642
9.05	0.945135
9.04	0.945629
9.03	0.946124
9.02	0.946621
9.01	0.94712
9	0.94762
8.99	0.948121
8.98	0.948624
8.97	0.949129
8.96	0.949636
8.95	0.950143
8.94	0.950653
8.93	0.951164
8.92	0.951677
8.91	0.952191
8.9	0.952707
8.89	0.953225
8.88	0.953744
8.87	0.954265
8.86	0.954787
8.85	0.955311
8.84	0.955837
8.83	0.956365
8.82	0.956894
8.81	0.957425
8.8	0.957957
8.79	0.958492
8.78	0.959028
8.77	0.959566
8.76	0.960105
8.75	0.960646
8.74	0.961189
8.73	0.961734
8.72	0.962281
8.71	0.962829
8.7	0.963379
8.69	0.963931
8.68	0.964485
8.67	0.96504
8.66	0.965598
8.65	0.966157
8.64	0.966718
8.63	0.967281
8.62	0.967845
8.61	0.968412
8.6	0.96898
8.59	0.969551
8.58	0.970123
8.57	0.970697
8.56	0.971273
8.55	0.971851
8.54	0.972431
8.53	0.973013
8.52	0.973596
8.51	0.974182
8.5	0.97477
8.49	0.97536
8.48	0.975951
8.47	0.976545
8.46	0.977141
8.45	0.977738
8.44	0.978338
8.43	0.97894
8.42	0.979544
8.41	0.98015
8.4	0.980758
8.39	0.981368
8.38	0.98198
8.37	0.982594
8.36	0.983211
8.35	0.983829
8.34	0.98445
8.33	0.985072
8.32	0.985697
8.31	0.986324
8.3	0.986954
8.29	0.987585
8.28	0.988219
8.27	0.988855
8.26	0.989493
8.25	0.990133
8.24	0.990776
8.23	0.991421
8.22	0.992068
8.21	0.992717
8.2	0.993369
8.19	0.994023
8.18	0.994679
8.17	0.995338
8.16	0.995999
8.15	0.996663
8.14	0.997328
8.13	0.997997
8.12	0.998667
8.11	0.99934
8.1	1.00002
8.09	1.00069
8.08	1.00137
8.07	1.00206
8.06	1.00274
8.05	1.00343
8.04	1.00412
8.03	1.00481
8.02	1.00551
8.01	1.0062
8	1.00691
7.99	1.00761
7.98	1.00831
7.97	1.00902
7.96	1.00973
7.95	1.01045
7.94	1.01116
7.93	1.01188
7.92	1.0126
7.91	1.01333
7.9	1.01405
7.89	1.01478
7.88	1.01551
7.87	1.01625
7.86	1.01699
7.85	1.01773
7.84	1.01847
7.83	1.01922
7.82	1.01996
7.81	1.02072
7.8	1.02147
7.79	1.02223
7.78	1.02299
7.77	1.02375
7.76	1.02452
7.75	1.02529
7.74	1.02606
7.73	1.02683
7.72	1.02761
7.71	1.02839
7.7	1.02918
7.69	1.02996
7.68	1.03075
7.67	1.03155
7.66	1.03234
7.65	1.03314
7.64	1.03394
7.63	1.03475
7.62	1.03556
7.61	1.03637
7.6	1.03719
7.59	1.038
7.58	1.03883
7.57	1.03965
7.56	1.04048
7.55	1.04131
7.54	1.04214
7.53	1.04298
7.52	1.04382
7.51	1.04467
7.5	1.04552
7.49	1.04637
7.48	1.04722
7.47	1.04808
7.46	1.04894
7.45	1.04981
7.44	1.05068
7.43	1.05155
7.42	1.05243
7.41	1.05331
7.4	1.05419
7.39	1.05508
7.38	1.05597
7.37	1.05686
7.36	1.05776
7.35	1.05866
7.34	1.05957
7.33	1.06048
7.32	1.06139
7.31	1.0623
7.3	1.06323
7.29	1.06415
7.28	1.06508
7.27	1.06601
7.26	1.06695
7.25	1.06789
7.24	1.06883
7.23	1.06978
7.22	1.07073
7.21	1.07169
7.2	1.07265
7.19	1.07361
7.18	1.07458
7.17	1.07555
7.16	1.07653
7.15	1.07751
7.14	1.07849
7.13	1.07948
7.12	1.08048
7.11	1.08148
7.1	1.08248
7.09	1.08349
7.08	1.0845
7.07	1.08551
7.06	1.08653
7.05	1.08756
7.04	1.08859
7.03	1.08962
7.02	1.09066
7.01	1.0917
7	1.09275
6.99	1.0938
6.98	1.09486
6.97	1.09592
6.96	1.09698
6.95	1.09806
6.94	1.09913
6.93	1.10021
6.92	1.1013
6.91	1.10239
6.9	1.10348
6.89	1.10458
6.88	1.10569
6.87	1.1068
6.86	1.10792
6.85	1.10904
6.84	1.11016
6.83	1.11129
6.82	1.11243
6.81	1.11357
6.8	1.11472
6.79	1.11587
6.78	1.11703
6.77	1.11819
6.76	1.11936
6.75	1.12054
6.74	1.12172
6.73	1.1229
6.72	1.12409
6.71	1.12529
6.7	1.12649
6.69	1.1277
6.68	1.12891
6.67	1.13013
6.66	1.13136
6.65	1.13259
6.64	1.13382
6.63	1.13507
6.62	1.13632
6.61	1.13757
6.6	1.13883
6.59	1.1401
6.58	1.14137
6.57	1.14265
6.56	1.14394
6.55	1.14523
6.54	1.14653
6.53	1.14783
6.52	1.14915
6.51	1.15046
6.5	1.15179
6.49	1.15312
6.48	1.15446
6.47	1.1558
6.46	1.15715
6.45	1.15851
6.44	1.15988
6.43	1.16125
6.42	1.16263
6.41	1.16401
6.4	1.16541
6.39	1.16681
6.38	1.16821
6.37	1.16963
6.36	1.17105
6.35	1.17248
6.34	1.17392
6.33	1.17536
6.32	1.17681
6.31	1.17827
6.3	1.17974
6.29	1.18121
6.28	1.18269
6.27	1.18418
6.26	1.18568
6.25	1.18719
6.24	1.1887
6.23	1.19022
6.22	1.19175
6.21	1.19329
6.2	1.19484
6.19	1.19639
6.18	1.19795
6.17	1.19953
6.16	1.20111
6.15	1.20269
6.14	1.20429
6.13	1.2059
6.12	1.20751
6.11	1.20913
6.1	1.21077
6.09	1.21241
6.08	1.21406
6.07	1.21572
6.06	1.21739
6.05	1.21906
6.04	1.22075
6.03	1.22245
6.02	1.22416
6.01	1.22587
6	1.2276
5.99	1.22933
5.98	1.23108
5.97	1.23283
5.96	1.2346
5.95	1.23637
5.94	1.23816
5.93	1.23996
5.92	1.24176
5.91	1.24358
5.9	1.2454
5.89	1.24724
5.88	1.24909
5.87	1.25095
5.86	1.25282
5.85	1.2547
5.84	1.25659
5.83	1.2585
5.82	1.26041
5.81	1.26234
5.8	1.26428
5.79	1.26623
5.78	1.26819
5.77	1.27016
5.76	1.27214
5.75	1.27414
5.74	1.27615
5.73	1.27817
5.72	1.2802
5.71	1.28225
5.7	1.28431
5.69	1.28638
5.68	1.28846
5.67	1.29056
5.66	1.29267
5.65	1.29479
5.64	1.29693
5.63	1.29908
5.62	1.30124
5.61	1.30342
5.6	1.30561
5.59	1.30781
5.58	1.31003
5.57	1.31226
5.56	1.31451
5.55	1.31677
5.54	1.31904
5.53	1.32134
5.52	1.32364
5.51	1.32596
5.5	1.3283
5.49	1.33065
5.48	1.33301
5.47	1.33539
5.46	1.33779
5.45	1.3402
5.44	1.34263
5.43	1.34508
5.42	1.34754
5.41	1.35002
5.4	1.35251
5.39	1.35502
5.38	1.35755
5.37	1.3601
5.36	1.36266
5.35	1.36524
5.34	1.36784
5.33	1.37046
5.32	1.37309
5.31	1.37574
5.3	1.37841
5.29	1.3811
5.28	1.38381
5.27	1.38654
5.26	1.38929
5.25	1.39205
5.24	1.39484
5.23	1.39764
5.22	1.40047
5.21	1.40331
5.2	1.40618
5.19	1.40907
5.18	1.41197
5.17	1.4149
5.16	1.41785
5.15	1.42082
5.14	1.42382
5.13	1.42683
5.12	1.42987
5.11	1.43293
5.1	1.43601
5.09	1.43912
5.08	1.44224
5.07	1.4454
5.06	1.44857
5.05	1.45177
5.04	1.455
5.03	1.45825
5.02	1.46152
5.01	1.46482
5	1.46814
4.99	1.47149
4.98	1.47487
4.97	1.47827
4.96	1.4817
4.95	1.48516
4.94	1.48864
4.93	1.49215
4.92	1.49569
4.91	1.49926
4.9	1.50285
4.89	1.50648
4.88	1.51013
4.87	1.51381
4.86	1.51752
4.85	1.52127
4.84	1.52504
4.83	1.52885
4.82	1.53268
4.81	1.53655
4.8	1.54045
4.79	1.54438
4.78	1.54835
4.77	1.55235
4.76	1.55638
4.75	1.56044
4.74	1.56455
4.73	1.56868
4.72	1.57285
4.71	1.57706
4.7	1.58131
4.69	1.58559
4.68	1.5899
4.67	1.59426
4.66	1.59866
4.65	1.60309
4.64	1.60756
4.63	1.61207
4.62	1.61663
4.61	1.62122
4.6	1.62586
4.59	1.63053
4.58	1.63525
4.57	1.64002
4.56	1.64482
4.55	1.64967
4.54	1.65457
4.53	1.65951
4.52	1.6645
4.51	1.66953
4.5	1.67462
4.49	1.67975
4.48	1.68493
4.47	1.69016
4.46	1.69543
4.45	1.70076
4.44	1.70615
4.43	1.71158
4.42	1.71707
4.41	1.72261
4.4	1.7282
4.39	1.73386
4.38	1.73956
4.37	1.74533
4.36	1.75115
4.35	1.75703
4.34	1.76298
4.33	1.76898
4.32	1.77504
4.31	1.78117
4.3	1.78736
4.29	1.79362
4.28	1.79994
4.27	1.80633
4.26	1.81278
4.25	1.81931
4.24	1.8259
4.23	1.83257
4.22	1.8393
4.21	1.84611
4.2	1.853
4.19	1.85996
4.18	1.867
4.17	1.87411
4.16	1.88131
4.15	1.88858
4.14	1.89594
4.13	1.90338
4.12	1.91091
4.11	1.91853
4.1	1.92623
4.09	1.93402
4.08	1.9419
4.07	1.94988
4.06	1.95795
4.05	1.96611
4.04	1.97438
4.03	1.98274
4.02	1.99121
4.01	1.99978
4	2.00845
3.99	2.01723
3.98	2.02612
3.97	2.03512
3.96	2.04424
3.95	2.05347
3.94	2.06281
3.93	2.07228
3.92	2.08187
3.91	2.09159
3.9	2.10143
3.89	2.1114
3.88	2.12151
3.87	2.13175
3.86	2.14213
3.85	2.15265
3.84	2.16331
3.83	2.17412
3.82	2.18508
3.81	2.19619
3.8	2.20746
3.79	2.21889
3.78	2.23048
3.77	2.24224
3.76	2.25417
3.75	2.26627
3.74	2.27856
3.73	2.29102
3.72	2.30367
3.71	2.31651
3.7	2.32955
3.69	2.34279
3.68	2.35624
3.67	2.36989
3.66	2.38376
3.65	2.39785
3.64	2.41216
3.63	2.42671
3.62	2.44149
3.61	2.45652
3.6	2.4718
3.59	2.48733
3.58	2.50313
3.57	2.5192
3.56	2.53555
3.55	2.55218
3.54	2.56911
3.53	2.58634
3.52	2.60387
3.51	2.62173
3.5	2.63992
3.49	2.65844
3.48	2.67732
3.47	2.69655
3.46	2.71616
3.45	2.73615
3.44	2.75653
3.43	2.77732
3.42	2.79853
3.41	2.82017
3.4	2.84226
3.39	2.86482
3.38	2.88786
3.37	2.91139
3.36	2.93544
3.35	2.96003
3.34	2.98516
3.33	3.01088
3.32	3.03719
3.31	3.06412
3.3	3.09169
3.29	3.11994
3.28	3.14889
3.27	3.17856
3.26	3.209
3.25	3.24022
3.24	3.27228
3.23	3.3052
3.22	3.33903
3.21	3.37381
3.2	3.40959
3.19	3.44642
3.18	3.48435
3.17	3.52344
3.16	3.56375
3.15	3.60535
3.14	3.64832
3.13	3.69273
3.12	3.73867
3.11	3.78625
3.1	3.83555
3.09	3.88671
3.08	3.93984
3.07	3.99509
3.06	4.05261
3.05	4.11258
3.04	4.17519
3.03	4.24066
3.02	4.30923
3.01	4.3812
3	4.45688
2.99	4.53663
2.98	4.62089
2.97	4.71014
2.96	4.80498
2.95	4.90609
2.94	5.0143
2.93	5.13062
2.92	5.25628
2.91	5.39281
2.9	5.54216
2.89	5.70687
2.88	5.89028
2.87	6.09701
2.86	6.33358
2.85	6.60972
2.84	6.94089
2.83	7.35383
2.82	7.90126
2.81	8.71254
2.8	10.3023
-2.8	10.3023
-2.81	8.71254
-2.82	7.90126
-2.83	7.35383
-2.84	6.94089
-2.85	6.60972
-2.86	6.33358
-2.87	6.09701
-2.88	5.89028
-2.89	5.70687
-2.9	5.54216
-2.91	5.39281
-2.92	5.25628
-2.93	5.13062
-2.94	5.0143
-2.95	4.90609
-2.96	4.80498
-2.97	4.71014
-2.98	4.62089
-2.99	4.53663
-3	4.45688
-3.01	4.3812
-3.02	4.30923
-3.03	4.24066
-3.04	4.17519
-3.05	4.11258
-3.06	4.05261
-3.07	3.99509
-3.08	3.93984
-3.09	3.88671
-3.1	3.83555
-3.11	3.78625
-3.12	3.73867
-3.13	3.69273
-3.14	3.64832
-3.15	3.60535
-3.16	3.56375
-3.17	3.52344
-3.18	3.48435
-3.19	3.44642
-3.2	3.40959
-3.21	3.37381
-3.22	3.33903
-3.23	3.3052
-3.24	3.27228
-3.25	3.24022
-3.26	3.209
-3.27	3.17856
-3.28	3.14889
-3.29	3.11994
-3.3	3.09169
-3.31	3.06412
-3.32	3.03719
-3.33	3.01088
-3.34	2.98516
-3.35	2.96003
-3.36	2.93544
-3.37	2.91139
-3.38	2.88786
-3.39	2.86482
-3.4	2.84226
-3.41	2.82017
-3.42	2.79853
-3.43	2.77732
-3.44	2.75653
-3.45	2.73615
-3.46	2.71616
-3.47	2.69655
-3.48	2.67732
-3.49	2.65844
-3.5	2.63992
-3.51	2.62173
-3.52	2.60387
-3.53	2.58634
-3.54	2.56911
-3.55	2.55218
-3.56	2.53555
-3.57	2.5192
-3.58	2.50313
-3.59	2.48733
-3.6	2.4718
-3.61	2.45652
-3.62	2.44149
-3.63	2.42671
-3.64	2.41216
-3.65	2.39785
-3.66	2.38376
-3.67	2.36989
-3.68	2.35624
-3.69	2.34279
-3.7	2.32955
-3.71	2.31651
-3.72	2.30367
-3.73	2.29102
-3.74	2.27856
-3.75	2.26627
-3.76	2.25417
-3.77	2.24224
-3.78	2.23048
-3.79	2.21889
-3.8	2.20746
-3.81	2.19619
-3.82	2.18508
-3.83	2.17412
-3.84	2.16331
-3.85	2.15265
-3.86	2.14213
-3.87	2.13175
-3.88	2.12151
-3.89	2.1114
-3.9	2.10143
-3.91	2.09159
-3.92	2.08187
-3.93	2.07228
-3.94	2.06281
-3.95	2.05347
-3.96	2.04424
-3.97	2.03512
-3.98	2.02612
-3.99	2.01723
-4	2.00845
-4.01	1.99978
-4.02	1.99121
-4.03	1.98274
-4.04	1.97438
-4.05	1.96611
-4.06	1.95795
-4.07	1.94988
-4.08	1.9419
-4.09	1.93402
-4.1	1.92623
-4.11	1.91853
-4.12	1.91091
-4.13	1.90338
-4.14	1.89594
-4.15	1.88858
-4.16	1.88131
-4.17	1.87411
-4.18	1.867
-4.19	1.85996
-4.2	1.853
-4.21	1.84611
-4.22	1.8393
-4.23	1.83257
-4.24	1.8259
-4.25	1.81931
-4.26	1.81278
-4.27	1.80633
-4.28	1.79994
-4.29	1.79362
-4.3	1.78736
-4.31	1.78117
-4.32	1.77504
-4.33	1.76898
-4.34	1.76298
-4.35	1.75703
-4.36	1.75115
-4.37	1.74533
-4.38	1.73956
-4.39	1.73386
-4.4	1.7282
-4.41	1.72261
-4.42	1.71707
-4.43	1.71158
-4.44	1.70615
-4.45	1.70076
-4.46	1.69543
-4.47	1.69016
-4.48	1.68493
-4.49	1.67975
-4.5	1.67462
-4.51	1.66953
-4.52	1.6645
-4.53	1.65951
-4.54	1.65457
-4.55	1.64967
-4.56	1.64482
-4.57	1.64002
-4.58	1.63525
-4.59	1.63053
-4.6	1.62586
-4.61	1.62122
-4.62	1.61663
-4.63	1.61207
-4.64	1.60756
-4.65	1.60309
-4.66	1.59866
-4.67	1.59426
-4.68	1.5899
-4.69	1.58559
-4.7	1.58131
-4.71	1.57706
-4.72	1.57285
-4.73	1.56868
-4.74	1.56455
-4.75	1.56044
-4.76	1.55638
-4.77	1.55235
-4.78	1.54835
-4.79	1.54438
-4.8	1.54045
-4.81	1.53655
-4.82	1.53268
-4.83	1.52885
-4.84	1.52504
-4.85	1.52127
-4.86	1.51752
-4.87	1.51381
-4.88	1.51013
-4.89	1.50648
-4.9	1.50285
-4.91	1.49926
-4.92	1.49569
-4.93	1.49215
-4.94	1.48864
-4.95	1.48516
-4.96	1.4817
-4.97	1.47827
-4.98	1.47487
-4.99	1.47149
-5	1.46814
-5.01	1.46482
-5.02	1.46152
-5.03	1.45825
-5.04	1.455
-5.05	1.45177
-5.06	1.44857
-5.07	1.4454
-5.08	1.44224
-5.09	1.43912
-5.1	1.43601
-5.11	1.43293
-5.12	1.42987
-5.13	1.42683
-5.14	1.42382
-5.15	1.42082
-5.16	1.41785
-5.17	1.4149
-5.18	1.41197
-5.19	1.40907
-5.2	1.40618
-5.21	1.40331
-5.22	1.40047
-5.23	1.39764
-5.24	1.39484
-5.25	1.39205
-5.26	1.38929
-5.27	1.38654
-5.28	1.38381
-5.29	1.3811
-5.3	1.37841
-5.31	1.37574
-5.32	1.37309
-5.33	1.37046
-5.34	1.36784
-5.35	1.36524
-5.36	1.36266
-5.37	1.3601
-5.38	1.35755
-5.39	1.35502
-5.4	1.35251
-5.41	1.35002
-5.42	1.34754
-5.43	1.34508
-5.44	1.34263
-5.45	1.3402
-5.46	1.33779
-5.47	1.33539
-5.48	1.33301
-5.49	1.33065
-5.5	1.3283
-5.51	1.32596
-5.52	1.32364
-5.53	1.32134
-5.54	1.31904
-5.55	1.31677
-5.56	1.31451
-5.57	1.31226
-5.58	1.31003
-5.59	1.30781
-5.6	1.30561
-5.61	1.30342
-5.62	1.30124
-5.63	1.29908
-5.64	1.29693
-5.65	1.29479
-5.66	1.29267
-5.67	1.29056
-5.68	1.28846
-5.69	1.28638
-5.7	1.28431
-5.71	1.28225
-5.72	1.2802
-5.73	1.27817
-5.74	1.27615
-5.75	1.27414
-5.76	1.27214
-5.77	1.27016
-5.78	1.26819
-5.79	1.26623
-5.8	1.26428
-5.81	1.26234
-5.82	1.26041
-5.83	1.2585
-5.84	1.25659
-5.85	1.2547
-5.86	1.25282
-5.87	1.25095
-5.88	1.24909
-5.89	1.24724
-5.9	1.2454
-5.91	1.24358
-5.92	1.24176
-5.93	1.23996
-5.94	1.23816
-5.95	1.23637
-5.96	1.2346
-5.97	1.23283
-5.98	1.23108
-5.99	1.22933
-6	1.2276
-6.01	1.22587
-6.02	1.22416
-6.03	1.22245
-6.04	1.22075
-6.05	1.21906
-6.06	1.21739
-6.07	1.21572
-6.08	1.21406
-6.09	1.21241
-6.1	1.21077
-6.11	1.20913
-6.12	1.20751
-6.13	1.2059
-6.14	1.20429
-6.15	1.20269
-6.16	1.20111
-6.17	1.19953
-6.18	1.19795
-6.19	1.19639
-6.2	1.19484
-6.21	1.19329
-6.22	1.19175
-6.23	1.19022
-6.24	1.1887
-6.25	1.18719
-6.26	1.18568
-6.27	1.18418
-6.28	1.18269
-6.29	1.18121
-6.3	1.17974
-6.31	1.17827
-6.32	1.17681
-6.33	1.17536
-6.34	1.17392
-6.35	1.17248
-6.36	1.17105
-6.37	1.16963
-6.38	1.16821
-6.39	1.16681
-6.4	1.16541
-6.41	1.16401
-6.42	1.16263
-6.43	1.16125
-6.44	1.15988
-6.45	1.15851
-6.46	1.15715
-6.47	1.1558
-6.48	1.15446
-6.49	1.15312
-6.5	1.15179
-6.51	1.15046
-6.52	1.14915
-6.53	1.14783
-6.54	1.14653
-6.55	1.14523
-6.56	1.14394
-6.57	1.14265
-6.58	1.14137
-6.59	1.1401
-6.6	1.13883
-6.61	1.13757
-6.62	1.13632
-6.63	1.13507
-6.64	1.13382
-6.65	1.13259
-6.66	1.13136
-6.67	1.13013
-6.68	1.12891
-6.69	1.1277
-6.7	1.12649
-6.71	1.12529
-6.72	1.12409
-6.73	1.1229
-6.74	1.12172
-6.75	1.12054
-6.76	1.11936
-6.77	1.11819
-6.78	1.11703
-6.79	1.11587
-6.8	1.11472
-6.81	1.11357
-6.82	1.11243
-6.83	1.11129
-6.84	1.11016
-6.85	1.10904
-6.86	1.10792
-6.87	1.1068
-6.88	1.10569
-6.89	1.10458
-6.9	1.10348
-6.91	1.10239
-6.92	1.1013
-6.93	1.10021
-6.94	1.09913
-6.95	1.09806
-6.96	1.09698
-6.97	1.09592
-6.98	1.09486
-6.99	1.0938
-7	1.09275
-7.01	1.0917
-7.02	1.09066
-7.03	1.08962
-7.04	1.08859
-7.05	1.08756
-7.06	1.08653
-7.07	1.08551
-7.08	1.0845
-7.09	1.08349
-7.1	1.08248
-7.11	1.08148
-7.12	1.08048
-7.13	1.07948
-7.14	1.07849
-7.15	1.07751
-7.16	1.07653
-7.17	1.07555
-7.18	1.07458
-7.19	1.07361
-7.2	1.07265
-7.21	1.07169
-7.22	1.07073
-7.23	1.06978
-7.24	1.06883
-7.25	1.06789
-7.26	1.06695
-7.27	1.06601
-7.28	1.06508
-7.29	1.06415
-7.3	1.06323
-7.31	1.0623
-7.32	1.06139
-7.33	1.06048
-7.34	1.05957
-7.35	1.05866
-7.36	1.05776
-7.37	1.05686
-7.38	1.05597
-7.39	1.05508
-7.4	1.05419
-7.41	1.05331
-7.42	1.05243
-7.43	1.05155
-7.44	1.05068
-7.45	1.04981
-7.46	1.04894
-7.47	1.04808
-7.48	1.04722
-7.49	1.04637
-7.5	1.04552
-7.51	1.04467
-7.52	1.04382
-7.53	1.04298
-7.54	1.04214
-7.55	1.04131
-7.56	1.04048
-7.57	1.03965
-7.58	1.03883
-7.59	1.038
-7.6	1.03719
-7.61	1.03637
-7.62	1.03556
-7.63	1.03475
-7.64	1.03394
-7.65	1.03314
-7.66	1.03234
-7.67	1.03155
-7.68	1.03075
-7.69	1.02996
-7.7	1.02918
-7.71	1.02839
-7.72	1.02761
-7.73	1.02683
-7.74	1.02606
-7.75	1.02529
-7.76	1.02452
-7.77	1.02375
-7.78	1.02299
-7.79	1.02223
-7.8	1.02147
-7.81	1.02072
-7.82	1.01996
-7.83	1.01922
-7.84	1.01847
-7.85	1.01773
-7.86	1.01699
-7.87	1.01625
-7.88	1.01551
-7.89	1.01478
-7.9	1.01405
-7.91	1.01333
-7.92	1.0126
-7.93	1.01188
-7.94	1.01116
-7.95	1.01045
-7.96	1.00973
-7.97	1.00902
-7.98	1.00831
-7.99	1.00761
-8	1.00691
-8.01	1.0062
-8.02	1.00551
-8.03	1.00481
-8.04	1.00412
-8.05	1.00343
-8.06	1.00274
-8.07	1.00206
-8.08	1.00137
-8.09	1.00069
-8.1	1.00002
-8.11	0.99934
-8.12	0.998667
-8.13	0.997997
-8.14	0.997328
-8.15	0.996663
-8.16	0.995999
-8.17	0.995338
-8.18	0.994679
-8.19	0.994023
-8.2	0.993369
-8.21	0.992717
-8.22	0.992068
-8.23	0.991421
-8.24	0.990776
-8.25	0.990133
-8.26	0.989493
-8.27	0.988855
-8.28	0.988219
-8.29	0.987585
-8.3	0.986954
-8.31	0.986324
-8.32	0.985697
-8.33	0.985072
-8.34	0.98445
-8.35	0.983829
-8.36	0.983211
-8.37	0.982594
-8.38	0.98198
-8.39	0.981368
-8.4	0.980758
-8.41	0.98015
-8.42	0.979544
-8.43	0.97894
-8.44	0.978338
-8.45	0.977738
-8.46	0.977141
-8.47	0.976545
-8.48	0.975951
-8.49	0.97536
-8.5	0.97477
-8.51	0.974182
-8.52	0.973596
-8.53	0.973013
-8.54	0.972431
-8.55	0.971851
-8.56	0.971273
-8.57	0.970697
-8.58	0.970123
-8.59	0.969551
-8.6	0.96898
-8.61	0.968412
-8.62	0.967845
-8.63	0.967281
-8.64	0.966718
-8.65	0.966157
-8.66	0.965598
-8.67	0.96504
-8.68	0.964485
-8.69	0.963931
-8.7	0.963379
-8.71	0.962829
-8.72	0.962281
-8.73	0.961734
-8.74	0.961189
-8.75	0.960646
-8.76	0.960105
-8.77	0.959566
-8.78	0.959028
-8.79	0.958492
-8.8	0.957957
-8.81	0.957425
-8.82	0.956894
-8.83	0.956365
-8.84	0.955837
-8.85	0.955311
-8.86	0.954787
-8.87	0.954265
-8.88	0.953744
-8.89	0.953225
-8.9	0.952707
-8.91	0.952191
-8.92	0.951677
-8.93	0.951164
-8.94	0.950653
-8.95	0.950143
-8.96	0.949636
-8.97	0.949129
-8.98	0.948624
-8.99	0.948121
-9	0.94762
-9.01	0.94712
-9.02	0.946621
-9.03	0.946124
-9.04	0.945629
-9.05	0.945135
-9.06	0.944642
-9.07	0.944152
-9.08	0.943662
-9.09	0.943174
-9.1	0.942688
-9.11	0.942203
-9.12	0.94172
-9.13	0.941238
-9.14	0.940758
-9.15	0.940279
-9.16	0.939801
-9.17	0.939325
-9.18	0.93885
-9.19	0.938377
-9.2	0.937905
-9.21	0.937435
-9.22	0.936966
-9.23	0.936499
-9.24	0.936032
-9.25	0.935568
-9.26	0.935104
-9.27	0.934642
-9.28	0.934182
-9.29	0.933723
-9.3	0.933265
-9.31	0.932808
-9.32	0.932353
-9.33	0.931899
-9.34	0.931447
-9.35	0.930996
-9.36	0.930546
-9.37	0.930098
-9.38	0.929651
-9.39	0.929205
-9.4	0.92876
-9.41	0.928317
-9.42	0.927875
-9.43	0.927435
-9.44	0.926995
-9.45	0.926557
-9.46	0.92612
-9.47	0.925685
-9.48	0.925251
-9.49	0.924818
-9.5	0.924386
-9.51	0.923956
-9.52	0.923526
-9.53	0.923098
-9.54	0.922671
-9.55	0.922246
-9.56	0.921822
-9.57	0.921398
-9.58	0.920976
-9.59	0.920556
-9.6	0.920136
-9.61	0.919718
-9.62	0.919301
-9.63	0.918885
-9.64	0.91847
-9.65	0.918056
-9.66	0.917644
-9.67	0.917233
-9.68	0.916823
-9.69	0.916414
-9.7	0.916006
-9.71	0.915599
-9.72	0.915194
-9.73	0.914789
-9.74	0.914386
-9.75	0.913984
-9.76	0.913583
-9.77	0.913183
-9.78	0.912784
-9.79	0.912387
-9.8	0.91199
-9.81	0.911595
-9.82	0.9112
-9.83	0.910807
-9.84	0.910415
-9.85	0.910024
-9.86	0.909634
-9.87	0.909245
-9.88	0.908857
-9.89	0.90847
-9.9	0.908084
-9.91	0.9077
-9.92	0.907316
-9.93	0.906933
-9.94	0.906552
-9.95	0.906171
-9.96	0.905792
-9.97	0.905413
-9.98	0.905036
-9.99	0.904659
-10	0.904284
-10.01	0.903909
-10.02	0.903536
-10.03	0.903163
-10.04	0.902792
-10.05	0.902422
-10.06	0.902052
-10.07	0.901684
-10.08	0.901316
-10.09	0.90095
-10.1	0.900584
-10.11	0.90022
-10.12	0.899856
-10.13	0.899494
-10.14	0.899132
-10.15	0.898772
-10.16	0.898412
-10.17	0.898053
-10.18	0.897695
-10.19	0.897338
-10.2	0.896982
-10.21	0.896627
-10.22	0.896273
-10.23	0.89592
-10.24	0.895568
-10.25	0.895217
-10.26	0.894866
-10.27	0.894517
-10.28	0.894168
-10.29	0.893821
-10.3	0.893474
-10.31	0.893128
-10.32	0.892783
-10.33	0.892439
-10.34	0.892096
-10.35	0.891754
-10.36	0.891412
-10.37	0.891072
-10.38	0.890732
-10.39	0.890393
-10.4	0.890056
-10.41	0.889718
-10.42	0.889382
-10.43	0.889047
-10.44	0.888713
-10.45	0.888379
-10.46	0.888046
-10.47	0.887714
-10.48	0.887383
-10.49	0.887053
-10.5	0.886724
-10.51	0.886395
-10.52	0.886067
-10.53	0.88574
-10.54	0.885414
-10.55	0.885089
-10.56	0.884765
-10.57	0.884441
-10.58	0.884118
-10.59	0.883796
-10.6	0.883475
-10.61	0.883155
-10.62	0.882835
-10.63	0.882516
-10.64	0.882198
-10.65	0.881881
-10.66	0.881564
-10.67	0.881249
-10.68	0.880934
-10.69	0.88062
-10.7	0.880307
-10.71	0.879994
-10.72	0.879682
-10.73	0.879371
-10.74	0.879061
-10.75	0.878752
-10.76	0.878443
-10.77	0.878135
-10.78	0.877828
-10.79	0.877521
-10.8	0.877216
-10.81	0.876911
-10.82	0.876606
-10.83	0.876303
-10.84	0.876
-10.85	0.875698
-10.86	0.875397
-10.87	0.875096
-10.88	0.874797
-10.89	0.874497
-10.9	0.874199
-10.91	0.873901
-10.92	0.873604
-10.93	0.873308
-10.94	0.873013
-10.95	0.872718
-10.96	0.872424
-10.97	0.87213
-10.98	0.871838
-10.99	0.871546
-11	0.871254
-11.01	0.870964
-11.02	0.870674
-11.03	0.870385
-11.04	0.870096
-11.05	0.869808
-11.06	0.869521
-11.07	0.869235
-11.08	0.868949
-11.09	0.868664
-11.1	0.868379
-11.11	0.868095
-11.12	0.867812
-11.13	0.86753
-11.14	0.867248
-11.15	0.866967
-11.16	0.866686
-11.17	0.866407
-11.18	0.866127
-11.19	0.865849
-11.2	0.865571
-11.21	0.865294
-11.22	0.865017
-11.23	0.864741
-11.24	0.864466
-11.25	0.864191
-11.26	0.863917
-11.27	0.863644
-11.28	0.863371
-11.29	0.863099
-11.3	0.862828
-11.31	0.862557
-11.32	0.862286
-11.33	0.862017
-11.34	0.861748
-11.35	0.861479
-11.36	0.861212
-11.37	0.860944
-11.38	0.860678
-11.39	0.860412
-11.4	0.860147
-11.41	0.859882
-11.42	0.859618
-11.43	0.859354
-11.44	0.859091
-11.45	0.858829
-11.46	0.858567
-11.47	0.858306
-11.48	0.858045
-11.49	0.857785
-11.5	0.857526
-11.51	0.857267
-11.52	0.857009
-11.53	0.856751
-11.54	0.856494
-11.55	0.856237
-11.56	0.855982
-11.57	0.855726
-11.58	0.855471
-11.59	0.855217
-11.6	0.854964
-11.61	0.85471
-11.62	0.854458
-11.63	0.854206
-11.64	0.853954
-11.65	0.853704
-11.66	0.853453
-11.67	0.853204
-11.68	0.852954
-11.69	0.852706
-11.7	0.852458
-11.71	0.85221
-11.72	0.851963
-11.73	0.851717
-11.74	0.851471
-11.75	0.851225
-11.76	0.850981
-11.77	0.850736
-11.78	0.850492
-11.79	0.850249
-11.8	0.850006
-11.81	0.849764
-11.82	0.849523
-11.83	0.849281
-11.84	0.849041
-11.85	0.848801
-11.86	0.848561
-11.87	0.848322
-11.88	0.848084
-11.89	0.847846
-11.9	0.847608
-11.91	0.847371
-11.92	0.847135
-11.93	0.846899
-11.94	0.846663
-11.95	0.846428
-11.96	0.846194
-11.97	0.84596
-11.98	0.845726
-11.99	0.845493
-12	0.845261
-12.01	0.845029
-12.02	0.844797
-12.03	0.844566
-12.04	0.844336
-12.05	0.844106
-12.06	0.843876
-12.07	0.843647
-12.08	0.843419
-12.09	0.843191
-12.1	0.842963
-12.11	0.842736
-12.12	0.84251
-12.13	0.842283
-12.14	0.842058
-12.15	0.841833
-12.16	0.841608
-12.17	0.841384
-12.18	0.84116
-12.19	0.840937
-12.2	0.840714
-12.21	0.840491
-12.22	0.840269
-12.23	0.840048
-12.24	0.839827
-12.25	0.839606
-12.26	0.839386
-12.27	0.839167
-12.28	0.838948
-12.29	0.838729
-12.3	0.838511
-12.31	0.838293
-12.32	0.838075
-12.33	0.837858
-12.34	0.837642
-12.35	0.837426
-12.36	0.83721
-12.37	0.836995
-12.38	0.836781
-12.39	0.836566
-12.4	0.836353
-12.41	0.836139
-12.42	0.835926
-12.43	0.835714
-12.44	0.835502
-12.45	0.83529
-12.46	0.835079
-12.47	0.834868
-12.48	0.834658
-12.49	0.834448
-12.5	0.834238
-12.51	0.834029
-12.52	0.833821
-12.53	0.833613
-12.54	0.833405
-12.55	0.833197
-12.56	0.83299
-12.57	0.832784
-12.58	0.832578
-12.59	0.832372
-12.6	0.832167
-12.61	0.831962
-12.62	0.831757
-12.63	0.831553
-12.64	0.83135
-12.65	0.831146
-12.66	0.830943
-12.67	0.830741
-12.68	0.830539
-12.69	0.830337
-12.7	0.830136
-12.71	0.829935
-12.72	0.829735
-12.73	0.829535
-12.74	0.829335
-12.75	0.829136
-12.76	0.828937
-12.77	0.828739
-12.78	0.82854
-12.79	0.828343
-12.8	0.828145
-12.81	0.827949
-12.82	0.827752
-12.83	0.827556
-12.84	0.82736
-12.85	0.827165
-12.86	0.82697
-12.87	0.826775
-12.88	0.826581
-12.89	0.826387
-12.9	0.826194
-12.91	0.826001
-12.92	0.825808
-12.93	0.825615
-12.94	0.825424
-12.95	0.825232
-12.96	0.825041
-12.97	0.82485
-12.98	0.824659
-12.99	0.824469
-13	0.824279
-13.01	0.82409
-13.02	0.823901
-13.03	0.823712
-13.04	0.823524
-13.05	0.823336
-13.06	0.823149
-13.07	0.822961
-13.08	0.822775
-13.09	0.822588
-13.1	0.822402
-13.11	0.822216
-13.12	0.822031
-13.13	0.821846
-13.14	0.821661
-13.15	0.821477
-13.16	0.821293
-13.17	0.821109
-13.18	0.820926
-13.19	0.820743
-13.2	0.82056
-13.21	0.820378
-13.22	0.820196
-13.23	0.820014
-13.24	0.819833
-13.25	0.819652
-13.26	0.819472
-13.27	0.819291
-13.28	0.819111
-13.29	0.818932
-13.3	0.818753
-13.31	0.818574
-13.32	0.818395
-13.33	0.818217
-13.34	0.818039
-13.35	0.817862
-13.36	0.817684
-13.37	0.817508
-13.38	0.817331
-13.39	0.817155
-13.4	0.816979
-13.41	0.816803
-13.42	0.816628
-13.43	0.816453
-13.44	0.816279
-13.45	0.816104
-13.46	0.81593
-13.47	0.815757
-13.48	0.815584
-13.49	0.81541
-13.5	0.815238
-13.51	0.815066
-13.52	0.814893
-13.53	0.814722
-13.54	0.81455
-13.55	0.814379
-13.56	0.814209
-13.57	0.814038
-13.58	0.813868
-13.59	0.813698
-13.6	0.813529
-13.61	0.813359
-13.62	0.81319
-13.63	0.813022
-13.64	0.812854
-13.65	0.812686
-13.66	0.812518
-13.67	0.812351
-13.68	0.812183
-13.69	0.812017
-13.7	0.81185
-13.71	0.811684
-13.72	0.811518
-13.73	0.811353
-13.74	0.811187
-13.75	0.811022
-13.76	0.810858
-13.77	0.810693
-13.78	0.810529
-13.79	0.810366
-13.8	0.810202
-13.81	0.810039
-13.82	0.809876
-13.83	0.809713
-13.84	0.809551
-13.85	0.809389
-13.86	0.809227
-13.87	0.809066
-13.88	0.808905
-13.89	0.808744
-13.9	0.808583
-13.91	0.808423
-13.92	0.808263
-13.93	0.808103
-13.94	0.807944
-13.95	0.807784
-13.96	0.807626
-13.97	0.807467
-13.98	0.807309
-13.99	0.807151
-14	0.806993
-14.01	0.806835
-14.02	0.806678
-14.03	0.806521
-14.04	0.806364
-14.05	0.806208
-14.06	0.806052
-14.07	0.805896
-14.08	0.805741
-14.09	0.805585
-14.1	0.80543
-14.11	0.805275
-14.12	0.805121
-14.13	0.804967
-14.14	0.804813
-14.15	0.804659
-14.16	0.804506
-14.17	0.804353
-14.18	0.8042
-14.19	0.804047
-14.2	0.803895
-14.21	0.803743
-14.22	0.803591
-14.23	0.803439
-14.24	0.803288
-14.25	0.803137
-14.26	0.802986
-14.27	0.802836
-14.28	0.802685
-14.29	0.802535
-14.3	0.802386
-14.31	0.802236
-14.32	0.802087
-14.33	0.801938
-14.34	0.801789
-14.35	0.801641
-14.36	0.801492
-14.37	0.801344
-14.38	0.801197
-14.39	0.801049
-14.4	0.800902
-14.41	0.800755
-14.42	0.800608
-14.43	0.800462
-14.44	0.800316
-14.45	0.80017
-14.46	0.800024
-14.47	0.799879
-14.48	0.799733
-14.49	0.799588
-14.5	0.799444
-14.51	0.799299
-14.52	0.799155
-14.53	0.799011
-14.54	0.798867
-14.55	0.798724
-14.56	0.79858
-14.57	0.798437
-14.58	0.798295
-14.59	0.798152
-14.6	0.79801
-14.61	0.797868
-14.62	0.797726
-14.63	0.797584
-14.64	0.797443
-14.65	0.797302
-14.66	0.797161
-14.67	0.79702
-14.68	0.79688
-14.69	0.79674
-14.7	0.7966
-14.71	0.79646
-14.72	0.79632
-14.73	0.796181
-14.74	0.796042
-14.75	0.795903
-14.76	0.795765
-14.77	0.795626
-14.78	0.795488
-14.79	0.79535
-14.8	0.795213
-14.81	0.795075
-14.82	0.794938
-14.83	0.794801
-14.84	0.794664
-14.85	0.794528
-14.86	0.794392
-14.87	0.794255
-14.88	0.79412
-14.89	0.793984
-14.9	0.793849
-14.91	0.793713
-14.92	0.793578
-14.93	0.793444
-14.94	0.793309
-14.95	0.793175
-14.96	0.793041
-14.97	0.792907
-14.98	0.792773
-14.99	0.79264
-15	0.792507
-15.01	0.792373
-15.02	0.792241
-15.03	0.792108
-15.04	0.791976
-15.05	0.791844
-15.06	0.791712
-15.07	0.79158
-15.08	0.791448
-15.09	0.791317
-15.1	0.791186
-15.11	0.791055
-15.12	0.790924
-15.13	0.790794
-15.14	0.790664
-15.15	0.790534
-15.16	0.790404
-15.17	0.790274
-15.18	0.790145
-15.19	0.790016
-15.2	0.789887
-15.21	0.789758
-15.22	0.789629
-15.23	0.789501
-15.24	0.789373
-15.25	0.789245
-15.26	0.789117
-15.27	0.788989
-15.28	0.788862
-15.29	0.788735
-15.3	0.788608
-15.31	0.788481
-15.32	0.788354
-15.33	0.788228
-15.34	0.788102
-15.35	0.787976
-15.36	0.78785
-15.37	0.787724
-15.38	0.787599
-15.39	0.787474
-15.4	0.787349
-15.41	0.787224
-15.42	0.7871
-15.43	0.786975
-15.44	0.786851
-15.45	0.786727
-15.46	0.786603
-15.47	0.786479
-15.48	0.786356
-15.49	0.786233
-15.5	0.78611
-15.51	0.785987
-15.52	0.785864
-15.53	0.785742
-15.54	0.785619
-15.55	0.785497
-15.56	0.785375
-15.57	0.785254
-15.58	0.785132
-15.59	0.785011
-15.6	0.78489
-15.61	0.784769
-15.62	0.784648
-15.63	0.784527
-15.64	0.784407
-15.65	0.784287
-15.66	0.784167
-15.67	0.784047
-15.68	0.783927
-15.69	0.783808
-15.7	0.783688
-15.71	0.783569
-15.72	0.78345
-15.73	0.783332
-15.74	0.783213
-15.75	0.783095
-15.76	0.782977
-15.77	0.782859
-15.78	0.782741
-15.79	0.782623
-15.8	0.782506
-15.81	0.782388
-15.82	0.782271
-15.83	0.782154
-15.84	0.782037
-15.85	0.781921
-15.86	0.781804
-15.87	0.781688
-15.88	0.781572
-15.89	0.781456
-15.9	0.78134
-15.91	0.781225
-15.92	0.78111
-15.93	0.780994
-15.94	0.780879
-15.95	0.780765
-15.96	0.78065
-15.97	0.780535
-15.98	0.780421
-15.99	0.780307
-16	0.780193
-16.01	0.780079
-16.02	0.779965
-16.03	0.779852
-16.04	0.779739
-16.05	0.779626
-16.06	0.779513
-16.07	0.7794
-16.08	0.779287
-16.09	0.779175
-16.1	0.779062
-16.11	0.77895
-16.12	0.778838
-16.13	0.778727
-16.14	0.778615
-16.15	0.778503
-16.16	0.778392
-16.17	0.778281
-16.18	0.77817
-16.19	0.778059
-16.2	0.777949
-16.21	0.777838
-16.22	0.777728
-16.23	0.777618
-16.24	0.777508
-16.25	0.777398
-16.26	0.777288
-16.27	0.777179
-16.28	0.777069
-16.29	0.77696
-16.3	0.776851
-16.31	0.776742
-16.32	0.776634
-16.33	0.776525
-16.34	0.776417
-16.35	0.776309
-16.36	0.7762
-16.37	0.776093
-16.38	0.775985
-16.39	0.775877
-16.4	0.77577
-16.41	0.775662
-16.42	0.775555
-16.43	0.775448
-16.44	0.775342
-16.45	0.775235
-16.46	0.775128
-16.47	0.775022
-16.48	0.774916
-16.49	0.77481
-16.5	0.774704
-16.51	0.774598
-16.52	0.774493
-16.53	0.774387
-16.54	0.774282
-16.55	0.774177
-16.56	0.774072
-16.57	0.773967
-16.58	0.773862
-16.59	0.773758
-16.6	0.773654
-16.61	0.773549
-16.62	0.773445
-16.63	0.773341
-16.64	0.773238
-16.65	0.773134
-16.66	0.77303
-16.67	0.772927
-16.68	0.772824
-16.69	0.772721
-16.7	0.772618
-16.71	0.772515
-16.72	0.772413
-16.73	0.77231
-16.74	0.772208
-16.75	0.772106
-16.76	0.772004
-16.77	0.771902
-16.78	0.7718
-16.79	0.771699
-16.8	0.771597
-16.81	0.771496
-16.82	0.771395
-16.83	0.771294
-16.84	0.771193
-16.85	0.771092
-16.86	0.770992
-16.87	0.770891
-16.88	0.770791
-16.89	0.770691
-16.9	0.770591
-16.91	0.770491
-16.92	0.770391
-16.93	0.770292
-16.94	0.770192
-16.95	0.770093
-16.96	0.769994
-16.97	0.769895
-16.98	0.769796
-16.99	0.769697
-17	0.769598
-17.01	0.7695
-17.02	0.769402
-17.03	0.769303
-17.04	0.769205
-17.05	0.769107
-17.06	0.76901
-17.07	0.768912
-17.08	0.768814
-17.09	0.768717
-17.1	0.76862
-17.11	0.768523
-17.12	0.768426
-17.13	0.768329
-17.14	0.768232
-17.15	0.768135
-17.16	0.768039
-17.17	0.767943
-17.18	0.767847
-17.19	0.767751
-17.2	0.767655
-17.21	0.767559
-17.22	0.767463
-17.23	0.767368
-17.24	0.767272
-17.25	0.767177
-17.26	0.767082
-17.27	0.766987
-17.28	0.766892
-17.29	0.766797
-17.3	0.766703
-17.31	0.766608
-17.32	0.766514
-17.33	0.76642
-17.34	0.766326
-17.35	0.766232
-17.36	0.766138
-17.37	0.766044
-17.38	0.76595
-17.39	0.765857
-17.4	0.765764
-17.41	0.76567
-17.42	0.765577
-17.43	0.765484
-17.44	0.765392
-17.45	0.765299
-17.46	0.765206
-17.47	0.765114
-17.48	0.765022
-17.49	0.764929
-17.5	0.764837
-17.51	0.764745
-17.52	0.764654
-17.53	0.764562
-17.54	0.76447
-17.55	0.764379
-17.56	0.764288
-17.57	0.764196
-17.58	0.764105
-17.59	0.764014
-17.6	0.763923
-17.61	0.763833
-17.62	0.763742
-17.63	0.763652
-17.64	0.763561
-17.65	0.763471
-17.66	0.763381
-17.67	0.763291
-17.68	0.763201
-17.69	0.763111
-17.7	0.763022
-17.71	0.762932
-17.72	0.762843
-17.73	0.762754
-17.74	0.762664
-17.75	0.762575
-17.76	0.762486
-17.77	0.762398
-17.78	0.762309
-17.79	0.76222
-17.8	0.762132
-17.81	0.762044
-17.82	0.761955
-17.83	0.761867
-17.84	0.761779
-17.85	0.761691
-17.86	0.761604
-17.87	0.761516
-17.88	0.761429
-17.89	0.761341
-17.9	0.761254
-17.91	0.761167
-17.92	0.76108
-17.93	0.760993
-17.94	0.760906
-17.95	0.760819
-17.96	0.760732
-17.97	0.760646
-17.98	0.76056
-17.99	0.760473
-18	0.760387
-18.01	0.760301
-18.02	0.760215
-18.03	0.760129
-18.04	0.760044
-18.05	0.759958
-18.06	0.759873
-18.07	0.759787
-18.08	0.759702
-18.09	0.759617
-18.1	0.759532
-18.11	0.759447
-18.12	0.759362
-18.13	0.759277
-18.14	0.759193
-18.15	0.759108
-18.16	0.759024
-18.17	0.75894
-18.18	0.758855
-18.19	0.758771
-18.2	0.758687
-18.21	0.758604
-18.22	0.75852
-18.23	0.758436
-18.24	0.758353
-18.25	0.758269
-18.26	0.758186
-18.27	0.758103
-18.28	0.75802
-18.29	0.757937
-18.3	0.757854
-18.31	0.757771
-18.32	0.757689
-18.33	0.757606
-18.34	0.757524
-18.35	0.757441
-18.36	0.757359
-18.37	0.757277
-18.38	0.757195
-18.39	0.757113
-18.4	0.757031
-18.41	0.756949
-18.42	0.756868
-18.43	0.756786
-18.44	0.756705
-18.45	0.756624
-18.46	0.756542
-18.47	0.756461
-18.48	0.75638
-18.49	0.756299
-18.5	0.756218
-18.51	0.756138
-18.52	0.756057
-18.53	0.755977
-18.54	0.755896
-18.55	0.755816
-18.56	0.755736
-18.57	0.755656
-18.58	0.755576
-18.59	0.755496
-18.6	0.755416
-18.61	0.755337
-18.62	0.755257
-18.63	0.755177
-18.64	0.755098
-18.65	0.755019
-18.66	0.75494
-18.67	0.754861
-18.68	0.754782
-18.69	0.754703
-18.7	0.754624
-18.71	0.754545
-18.72	0.754467
-18.73	0.754388
-18.74	0.75431
-18.75	0.754232
-18.76	0.754153
-18.77	0.754075
-18.78	0.753997
-18.79	0.753919
-18.8	0.753842
-18.81	0.753764
-18.82	0.753686
-18.83	0.753609
-18.84	0.753531
-18.85	0.753454
-18.86	0.753377
-18.87	0.7533
-18.88	0.753223
-18.89	0.753146
-18.9	0.753069
-18.91	0.752992
-18.92	0.752915
-18.93	0.752839
-18.94	0.752762
-18.95	0.752686
-18.96	0.75261
-18.97	0.752533
-18.98	0.752457
-18.99	0.752381
-19	0.752306
-19.01	0.75223
-19.02	0.752154
-19.03	0.752078
-19.04	0.752003
-19.05	0.751927
-19.06	0.751852
-19.07	0.751777
-19.08	0.751702
-19.09	0.751626
-19.1	0.751552
-19.11	0.751477
-19.12	0.751402
-19.13	0.751327
-19.14	0.751252
-19.15	0.751178
-19.16	0.751104
-19.17	0.751029
-19.18	0.750955
-19.19	0.750881
-19.2	0.750807
-19.21	0.750733
-19.22	0.750659
-19.23	0.750585
-19.24	0.750511
-19.25	0.750438
-19.26	0.750364
-19.27	0.750291
-19.28	0.750217
-19.29	0.750144
-19.3	0.750071
-19.31	0.749998
-19.32	0.749925
-19.33	0.749852
-19.34	0.749779
-19.35	0.749706
-19.36	0.749633
-19.37	0.749561
-19.38	0.749488
-19.39	0.749416
-19.4	0.749344
-19.41	0.749272
-19.42	0.749199
-19.43	0.749127
-19.44	0.749055
-19.45	0.748983
-19.46	0.748912
-19.47	0.74884
-19.48	0.748768
-19.49	0.748697
-19.5	0.748625
-19.51	0.748554
-19.52	0.748483
-19.53	0.748411
-19.54	0.74834
-19.55	0.748269
-19.56	0.748198
-19.57	0.748128
-19.58	0.748057
-19.59	0.747986
-19.6	0.747915
-19.61	0.747845
-19.62	0.747774
-19.63	0.747704
-19.64	0.747634
-19.65	0.747564
-19.66	0.747494
-19.67	0.747423
-19.68	0.747353
-19.69	0.747284
-19.7	0.747214
-19.71	0.747144
-19.72	0.747075
-19.73	0.747005
-19.74	0.746936
-19.75	0.746866
-19.76	0.746797
-19.77	0.746728
-19.78	0.746659
-19.79	0.746589
-19.8	0.746521
-19.81	0.746452
-19.82	0.746383
-19.83	0.746314
-19.84	0.746245
-19.85	0.746177
-19.86	0.746108
-19.87	0.74604
-19.88	0.745972
-19.89	0.745903
-19.9	0.745835
-19.91	0.745767
-19.92	0.745699
-19.93	0.745631
-19.94	0.745563
-19.95	0.745496
-19.96	0.745428
-19.97	0.74536
-19.98	0.745293
-19.99	0.745225
-20	0.745158
-20.01	0.745091
-20.02	0.745023
-20.03	0.744956
-20.04	0.744889
-20.05	0.744822
-20.06	0.744755
-20.07	0.744688
-20.08	0.744622
-20.09	0.744555
-20.1	0.744488
-20.11	0.744422
-20.12	0.744355
-20.13	0.744289
-20.14	0.744223
-20.15	0.744156
-20.16	0.74409
-20.17	0.744024
-20.18	0.743958
-20.19	0.743892
-20.2	0.743826
-20.21	0.743761
-20.22	0.743695
-20.23	0.743629
-20.24	0.743564
-20.25	0.743498
-20.26	0.743433
-20.27	0.743367
-20.28	0.743302
-20.29	0.743237
-20.3	0.743172
-20.31	0.743107
-20.32	0.743042
-20.33	0.742977
-20.34	0.742912
-20.35	0.742848
-20.36	0.742783
-20.37	0.742718
-20.38	0.742654
-20.39	0.742589
-20.4	0.742525
-20.41	0.742461
-20.42	0.742396
-20.43	0.742332
-20.44	0.742268
-20.45	0.742204
-20.46	0.74214
-20.47	0.742076
-20.48	0.742013
-20.49	0.741949
-20.5	0.741885
-20.51	0.741822
-20.52	0.741758
-20.53	0.741695
-20.54	0.741631
-20.55	0.741568
-20.56	0.741505
-20.57	0.741442
-20.58	0.741379
-20.59	0.741316
-20.6	0.741253
-20.61	0.74119
-20.62	0.741127
-20.63	0.741064
-20.64	0.741002
-20.65	0.740939
-20.66	0.740876
-20.67	0.740814
-20.68	0.740752
-20.69	0.740689
-20.7	0.740627
-20.71	0.740565
-20.72	0.740503
-20.73	0.740441
-20.74	0.740379
-20.75	0.740317
-20.76	0.740255
-20.77	0.740193
-20.78	0.740132
-20.79	0.74007
-20.8	0.740008
-20.81	0.739947
-20.82	0.739886
-20.83	0.739824
-20.84	0.739763
-20.85	0.739702
-20.86	0.739641
-20.87	0.739579
-20.88	0.739518
-20.89	0.739458
-20.9	0.739397
-20.91	0.739336
-20.92	0.739275
-20.93	0.739214
-20.94	0.739154
-20.95	0.739093
-20.96	0.739033
-20.97	0.738972
-20.98	0.738912
-20.99	0.738852
-21	0.738792
-21.01	0.738731
-21.02	0.738671
-21.03	0.738611
-21.04	0.738551
-21.05	0.738491
-21.06	0.738432
-21.07	0.738372
-21.08	0.738312
-21.09	0.738253
-21.1	0.738193
-21.11	0.738133
-21.12	0.738074
-21.13	0.738015
-21.14	0.737955
-21.15	0.737896
-21.16	0.737837
-21.17	0.737778
-21.18	0.737719
-21.19	0.73766
-21.2	0.737601
-21.21	0.737542
-21.22	0.737483
-21.23	0.737424
-21.24	0.737366
-21.25	0.737307
-21.26	0.737249
-21.27	0.73719
-21.28	0.737132
-21.29	0.737073
-21.3	0.737015
-21.31	0.736957
-21.32	0.736899
-21.33	0.736841
-21.34	0.736783
-21.35	0.736725
-21.36	0.736667
-21.37	0.736609
-21.38	0.736551
-21.39	0.736493
-21.4	0.736436
-21.41	0.736378
-21.42	0.73632
-21.43	0.736263
-21.44	0.736206
-21.45	0.736148
-21.46	0.736091
-21.47	0.736034
-21.48	0.735977
-21.49	0.735919
-21.5	0.735862
-21.51	0.735805
-21.52	0.735748
-21.53	0.735692
-21.54	0.735635
-21.55	0.735578
-21.56	0.735521
-21.57	0.735465
-21.58	0.735408
-21.59	0.735352
-21.6	0.735295
-21.61	0.735239
-21.62	0.735182
-21.63	0.735126
-21.64	0.73507
-21.65	0.735014
-21.66	0.734958
-21.67	0.734902
-21.68	0.734846
-21.69	0.73479
-21.7	0.734734
-21.71	0.734678
-21.72	0.734622
-21.73	0.734567
-21.74	0.734511
-21.75	0.734456
-21.76	0.7344
-21.77	0.734345
-21.78	0.734289
-21.79	0.734234
-21.8	0.734179
-21.81	0.734123
-21.82	0.734068
-21.83	0.734013
-21.84	0.733958
-21.85	0.733903
-21.86	0.733848
-21.87	0.733793
-21.88	0.733738
-21.89	0.733684
-21.9	0.733629
-21.91	0.733574
-21.92	0.73352
-21.93	0.733465
-21.94	0.733411
-21.95	0.733356
-21.96	0.733302
-21.97	0.733248
-21.98	0.733193
-21.99	0.733139
-22	0.733085
-22.01	0.733031
-22.02	0.732977
-22.03	0.732923
-22.04	0.732869
-22.05	0.732815
-22.06	0.732762
-22.07	0.732708
-22.08	0.732654
-22.09	0.7326
-22.1	0.732547
-22.11	0.732493
-22.12	0.73244
-22.13	0.732386
-22.14	0.732333
-22.15	0.73228
-22.16	0.732227
-22.17	0.732173
-22.18	0.73212
-22.19	0.732067
-22.2	0.732014
-22.21	0.731961
-22.22	0.731908
-22.23	0.731855
-22.24	0.731803
-22.25	0.73175
-22.26	0.731697
-22.27	0.731644
-22.28	0.731592
-22.29	0.731539
-22.3	0.731487
-22.31	0.731434
-22.32	0.731382
-22.33	0.73133
-22.34	0.731277
-22.35	0.731225
-22.36	0.731173
-22.37	0.731121
-22.38	0.731069
-22.39	0.731017
-22.4	0.730965
-22.41	0.730913
-22.42	0.730861
-22.43	0.730809
-22.44	0.730758
-22.45	0.730706
-22.46	0.730654
-22.47	0.730603
-22.48	0.730551
-22.49	0.7305
-22.5	0.730448
-22.51	0.730397
-22.52	0.730345
-22.53	0.730294
-22.54	0.730243
-22.55	0.730192
-22.56	0.730141
-22.57	0.73009
-22.58	0.730039
-22.59	0.729988
-22.6	0.729937
-22.61	0.729886
-22.62	0.729835
-22.63	0.729784
-22.64	0.729734
-22.65	0.729683
-22.66	0.729632
-22.67	0.729582
-22.68	0.729531
-22.69	0.729481
-22.7	0.72943
-22.71	0.72938
-22.72	0.72933
-22.73	0.729279
-22.74	0.729229
-22.75	0.729179
-22.76	0.729129
-22.77	0.729079
-22.78	0.729029
-22.79	0.728979
-22.8	0.728929
-22.81	0.728879
-22.82	0.728829
-22.83	0.72878
-22.84	0.72873
-22.85	0.72868
-22.86	0.728631
-22.87	0.728581
-22.88	0.728532
-22.89	0.728482
-22.9	0.728433
-22.91	0.728383
-22.92	0.728334
-22.93	0.728285
-22.94	0.728236
-22.95	0.728186
-22.96	0.728137
-22.97	0.728088
-22.98	0.728039
-22.99	0.72799
-23	0.727941
-23.01	0.727892
-23.02	0.727844
-23.03	0.727795
-23.04	0.727746
-23.05	0.727697
-23.06	0.727649
-23.07	0.7276
-23.08	0.727552
-23.09	0.727503
-23.1	0.727455
-23.11	0.727406
-23.12	0.727358
-23.13	0.72731
-23.14	0.727261
-23.15	0.727213
-23.16	0.727165
-23.17	0.727117
-23.18	0.727069
-23.19	0.727021
-23.2	0.726973
-23.21	0.726925
-23.22	0.726877
-23.23	0.726829
-23.24	0.726781
-23.25	0.726734
-23.26	0.726686
-23.27	0.726638
-23.28	0.726591
-23.29	0.726543
-23.3	0.726496
-23.31	0.726448
-23.32	0.726401
-23.33	0.726353
-23.34	0.726306
-23.35	0.726259
-23.36	0.726211
-23.37	0.726164
-23.38	0.726117
-23.39	0.72607
-23.4	0.726023
-23.41	0.725976
-23.42	0.725929
-23.43	0.725882
-23.44	0.725835
-23.45	0.725788
-23.46	0.725742
-23.47	0.725695
-23.48	0.725648
-23.49	0.725601
-23.5	0.725555
-23.51	0.725508
-23.52	0.725462
-23.53	0.725415
-23.54	0.725369
-23.55	0.725323
-23.56	0.725276
-23.57	0.72523
-23.58	0.725184
-23.59	0.725138
-23.6	0.725091
-23.61	0.725045
-23.62	0.724999
-23.63	0.724953
-23.64	0.724907
-23.65	0.724861
-23.66	0.724815
-23.67	0.72477
-23.68	0.724724
-23.69	0.724678
-23.7	0.724632
-23.71	0.724587
-23.72	0.724541
-23.73	0.724495
-23.74	0.72445
-23.75	0.724404
-23.76	0.724359
-23.77	0.724313
-23.78	0.724268
-23.79	0.724223
-23.8	0.724177
-23.81	0.724132
-23.82	0.724087
-23.83	0.724042
-23.84	0.723997
-23.85	0.723952
-23.86	0.723907
-23.87	0.723862
-23.88	0.723817
-23.89	0.723772
-23.9	0.723727
-23.91	0.723682
-23.92	0.723637
-23.93	0.723593
-23.94	0.723548
-23.95	0.723503
-23.96	0.723459
-23.97	0.723414
-23.98	0.72337
-23.99	0.723325
-24	0.723281
-24.01	0.723236
-24.02	0.723192
-24.03	0.723148
-24.04	0.723103
-24.05	0.723059
-24.06	0.723015
-24.07	0.722971
-24.08	0.722927
-24.09	0.722883
-24.1	0.722839
-24.11	0.722795
-24.12	0.722751
-24.13	0.722707
-24.14	0.722663
-24.15	0.722619
-24.16	0.722575
-24.17	0.722532
-24.18	0.722488
-24.19	0.722444
-24.2	0.722401
-24.21	0.722357
-24.22	0.722314
-24.23	0.72227
-24.24	0.722227
-24.25	0.722183
-24.26	0.72214
-24.27	0.722097
-24.28	0.722053
-24.29	0.72201
-24.3	0.721967
-24.31	0.721924
-24.32	0.72188
-24.33	0.721837
-24.34	0.721794
-24.35	0.721751
-24.36	0.721708
-24.37	0.721665
-24.38	0.721623
-24.39	0.72158
-24.4	0.721537
-24.41	0.721494
-24.42	0.721451
-24.43	0.721409
-24.44	0.721366
-24.45	0.721323
-24.46	0.721281
-24.47	0.721238
-24.48	0.721196
-24.49	0.721153
-24.5	0.721111
-24.51	0.721069
-24.52	0.721026
-24.53	0.720984
-24.54	0.720942
-24.55	0.720899
-24.56	0.720857
-24.57	0.720815
-24.58	0.720773
-24.59	0.720731
-24.6	0.720689
-24.61	0.720647
-24.62	0.720605
-24.63	0.720563
-24.64	0.720521
-24.65	0.720479
-24.66	0.720438
-24.67	0.720396
-24.68	0.720354
-24.69	0.720312
-24.7	0.720271
-24.71	0.720229
-24.72	0.720188
-24.73	0.720146
-24.74	0.720104
-24.75	0.720063
-24.76	0.720022
-24.77	0.71998
-24.78	0.719939
-24.79	0.719898
-24.8	0.719856
-24.81	0.719815
-24.82	0.719774
-24.83	0.719733
-24.84	0.719692
-24.85	0.71965
-24.86	0.719609
-24.87	0.719568
-24.88	0.719527
-24.89	0.719486
-24.9	0.719446
-24.91	0.719405
-24.92	0.719364
-24.93	0.719323
-24.94	0.719282
-24.95	0.719242
-24.96	0.719201
-24.97	0.71916
-24.98	0.71912
-24.99	0.719079
-25	0.719039
-25.01	0.718998
-25.02	0.718958
-25.03	0.718917
-25.04	0.718877
-25.05	0.718836
-25.06	0.718796
-25.07	0.718756
-25.08	0.718716
-25.09	0.718675
-25.1	0.718635
-25.11	0.718595
-25.12	0.718555
-25.13	0.718515
-25.14	0.718475
-25.15	0.718435
-25.16	0.718395
-25.17	0.718355
-25.18	0.718315
-25.19	0.718275
-25.2	0.718235
-25.21	0.718196
-25.22	0.718156
-25.23	0.718116
-25.24	0.718077
-25.25	0.718037
-25.26	0.717997
-25.27	0.717958
-25.28	0.717918
-25.29	0.717879
-25.3	0.717839
-25.31	0.7178
-25.32	0.71776
-25.33	0.717721
-25.34	0.717682
-25.35	0.717642
-25.36	0.717603
-25.37	0.717564
-25.38	0.717525
-25.39	0.717486
-25.4	0.717447
-25.41	0.717407
-25.42	0.717368
-25.43	0.717329
-25.44	0.71729
-25.45	0.717251
-25.46	0.717212
-25.47	0.717174
-25.48	0.717135
-25.49	0.717096
-25.5	0.717057
-25.51	0.717018
-25.52	0.71698
-25.53	0.716941
-25.54	0.716902
-25.55	0.716864
-25.56	0.716825
-25.57	0.716787
-25.58	0.716748
-25.59	0.71671
-25.6	0.716671
-25.61	0.716633
-25.62	0.716595
-25.63	0.716556
-25.64	0.716518
-25.65	0.71648
-25.66	0.716441
-25.67	0.716403
-25.68	0.716365
-25.69	0.716327
-25.7	0.716289
-25.71	0.716251
-25.72	0.716213
-25.73	0.716175
-25.74	0.716137
-25.75	0.716099
-25.76	0.716061
-25.77	0.716023
-25.78	0.715985
-25.79	0.715947
-25.8	0.71591
-25.81	0.715872
-25.82	0.715834
-25.83	0.715796
-25.84	0.715759
-25.85	0.715721
-25.86	0.715684
-25.87	0.715646
-25.88	0.715609
-25.89	0.715571
-25.9	0.715534
-25.91	0.715496
-25.92	0.715459
-25.93	0.715421
-25.94	0.715384
-25.95	0.715347
-25.96	0.71531
-25.97	0.715272
-25.98	0.715235
-25.99	0.715198
-26	0.715161
-26.01	0.715124
-26.02	0.715087
-26.03	0.71505
-26.04	0.715013
-26.05	0.714976
-26.06	0.714939
-26.07	0.714902
-26.08	0.714865
-26.09	0.714828
-26.1	0.714791
-26.11	0.714755
-26.12	0.714718
-26.13	0.714681
-26.14	0.714645
-26.15	0.714608
-26.16	0.714571
-26.17	0.714535
-26.18	0.714498
-26.19	0.714462
-26.2	0.714425
-26.21	0.714389
-26.22	0.714352
-26.23	0.714316
-26.24	0.714279
-26.25	0.714243
-26.26	0.714207
-26.27	0.71417
-26.28	0.714134
-26.29	0.714098
-26.3	0.714062
-26.31	0.714026
-26.32	0.71399
-26.33	0.713953
-26.34	0.713917
-26.35	0.713881
-26.36	0.713845
-26.37	0.713809
-26.38	0.713773
-26.39	0.713737
-26.4	0.713702
-26.41	0.713666
-26.42	0.71363
-26.43	0.713594
-26.44	0.713558
-26.45	0.713523
-26.46	0.713487
-26.47	0.713451
-26.48	0.713416
-26.49	0.71338
-26.5	0.713344
-26.51	0.713309
-26.52	0.713273
-26.53	0.713238
-26.54	0.713202
-26.55	0.713167
-26.56	0.713132
-26.57	0.713096
-26.58	0.713061
-26.59	0.713026
-26.6	0.71299
-26.61	0.712955
-26.62	0.71292
-26.63	0.712885
-26.64	0.712849
-26.65	0.712814
-26.66	0.712779
-26.67	0.712744
-26.68	0.712709
-26.69	0.712674
-26.7	0.712639
-26.71	0.712604
-26.72	0.712569
-26.73	0.712534
-26.74	0.712499
-26.75	0.712465
-26.76	0.71243
-26.77	0.712395
-26.78	0.71236
-26.79	0.712326
-26.8	0.712291
-26.81	0.712256
-26.82	0.712222
-26.83	0.712187
-26.84	0.712152
-26.85	0.712118
-26.86	0.712083
-26.87	0.712049
-26.88	0.712014
-26.89	0.71198
-26.9	0.711945
-26.91	0.711911
-26.92	0.711877
-26.93	0.711842
-26.94	0.711808
-26.95	0.711774
-26.96	0.71174
-26.97	0.711705
-26.98	0.711671
-26.99	0.711637
-27	0.711603
-27.01	0.711569
-27.02	0.711535
-27.03	0.711501
-27.04	0.711467
-27.05	0.711433
-27.06	0.711399
-27.07	0.711365
-27.08	0.711331
-27.09	0.711297
-27.1	0.711263
-27.11	0.711229
-27.12	0.711195
-27.13	0.711162
-27.14	0.711128
-27.15	0.711094
-27.16	0.711061
-27.17	0.711027
-27.18	0.710993
-27.19	0.71096
-27.2	0.710926
-27.21	0.710893
-27.22	0.710859
-27.23	0.710826
-27.24	0.710792
-27.25	0.710759
-27.26	0.710725
-27.27	0.710692
-27.28	0.710658
-27.29	0.710625
-27.3	0.710592
-27.31	0.710559
-27.32	0.710525
-27.33	0.710492
-27.34	0.710459
-27.35	0.710426
-27.36	0.710393
-27.37	0.71036
-27.38	0.710326
-27.39	0.710293
-27.4	0.71026
-27.41	0.710227
-27.42	0.710194
-27.43	0.710161
-27.44	0.710128
-27.45	0.710096
-27.46	0.710063
-27.47	0.71003
-27.48	0.709997
-27.49	0.709964
-27.5	0.709931
-27.51	0.709899
-27.52	0.709866
-27.53	0.709833
-27.54	0.709801
-27.55	0.709768
-27.56	0.709735
-27.57	0.709703
-27.58	0.70967
-27.59	0.709638
-27.6	0.709605
-27.61	0.709573
-27.62	0.70954
-27.63	0.709508
-27.64	0.709476
-27.65	0.709443
-27.66	0.709411
-27.67	0.709379
-27.68	0.709346
-27.69	0.709314
-27.7	0.709282
-27.71	0.709249
-27.72	0.709217
-27.73	0.709185
-27.74	0.709153
-27.75	0.709121
-27.76	0.709089
-27.77	0.709057
-27.78	0.709025
-27.79	0.708993
-27.8	0.708961
-27.81	0.708929
-27.82	0.708897
-27.83	0.708865
-27.84	0.708833
-27.85	0.708801
-27.86	0.708769
-27.87	0.708737
-27.88	0.708706
-27.89	0.708674
-27.9	0.708642
-27.91	0.708611
-27.92	0.708579
-27.93	0.708547
-27.94	0.708516
-27.95	0.708484
-27.96	0.708452
-27.97	0.708421
-27.98	0.708389
-27.99	0.708358
-28	0.708326
-28.01	0.708295
-28.02	0.708263
-28.03	0.708232
-28.04	0.708201
-28.05	0.708169
-28.06	0.708138
-28.07	0.708107
-28.08	0.708075
-28.09	0.708044
-28.1	0.708013
-28.11	0.707982
-28.12	0.70795
-28.13	0.707919
-28.14	0.707888
-28.15	0.707857
-28.16	0.707826
-28.17	0.707795
-28.18	0.707764
-28.19	0.707733
-28.2	0.707702
-28.21	0.707671
-28.22	0.70764
-28.23	0.707609
-28.24	0.707578
-28.25	0.707547
-28.26	0.707516
-28.27	0.707486
-28.28	0.707455
-28.29	0.707424
-28.3	0.707393
-28.31	0.707363
-28.32	0.707332
-28.33	0.707301
-28.34	0.707271
-28.35	0.70724
-28.36	0.707209
-28.37	0.707179
-28.38	0.707148
-28.39	0.707118
-28.4	0.707087
-28.41	0.707057
-28.42	0.707026
-28.43	0.706996
-28.44	0.706965
-28.45	0.706935
-28.46	0.706905
-28.47	0.706874
-28.48	0.706844
-28.49	0.706814
-28.5	0.706783
-28.51	0.706753
-28.52	0.706723
-28.53	0.706693
-28.54	0.706663
-28.55	0.706632
-28.56	0.706602
-28.57	0.706572
-28.58	0.706542
-28.59	0.706512
-28.6	0.706482
-28.61	0.706452
-28.62	0.706422
-28.63	0.706392
-28.64	0.706362
-28.65	0.706332
-28.66	0.706302
-28.67	0.706272
-28.68	0.706243
-28.69	0.706213
-28.7	0.706183
-28.71	0.706153
-28.72	0.706123
-28.73	0.706094
-28.74	0.706064
-28.75	0.706034
-28.76	0.706005
-28.77	0.705975
-28.78	0.705945
-28.79	0.705916
-28.8	0.705886
-28.81	0.705857
-28.82	0.705827
-28.83	0.705797
-28.84	0.705768
-28.85	0.705739
-28.86	0.705709
-28.87	0.70568
-28.88	0.70565
-28.89	0.705621
-28.9	0.705592
-28.91	0.705562
-28.92	0.705533
-28.93	0.705504
-28.94	0.705474
-28.95	0.705445
-28.96	0.705416
-28.97	0.705387
-28.98	0.705358
-28.99	0.705328
-29	0.705299
-29.01	0.70527
-29.02	0.705241
-29.03	0.705212
-29.04	0.705183
-29.05	0.705154
-29.06	0.705125
-29.07	0.705096
-29.08	0.705067
-29.09	0.705038
-29.1	0.705009
-29.11	0.70498
-29.12	0.704951
-29.13	0.704923
-29.14	0.704894
-29.15	0.704865
-29.16	0.704836
-29.17	0.704807
-29.18	0.704779
-29.19	0.70475
-29.2	0.704721
-29.21	0.704693
-29.22	0.704664
-29.23	0.704635
-29.24	0.704607
-29.25	0.704578
-29.26	0.70455
-29.27	0.704521
-29.28	0.704493
-29.29	0.704464
-29.3	0.704436
-29.31	0.704407
-29.32	0.704379
-29.33	0.70435
-29.34	0.704322
-29.35	0.704294
-29.36	0.704265
-29.37	0.704237
-29.38	0.704209
-29.39	0.70418
-29.4	0.704152
-29.41	0.704124
-29.42	0.704096
-29.43	0.704067
-29.44	0.704039
-29.45	0.704011
-29.46	0.703983
-29.47	0.703955
-29.48	0.703927
-29.49	0.703899
-29.5	0.703871
-29.51	0.703843
-29.52	0.703815
-29.53	0.703787
-29.54	0.703759
-29.55	0.703731
-29.56	0.703703
-29.57	0.703675
-29.58	0.703647
-29.59	0.703619
-29.6	0.703591
-29.61	0.703563
-29.62	0.703536
-29.63	0.703508
-29.64	0.70348
-29.65	0.703452
-29.66	0.703425
-29.67	0.703397
-29.68	0.703369
-29.69	0.703342
-29.7	0.703314
-29.71	0.703286
-29.72	0.703259
-29.73	0.703231
-29.74	0.703204
-29.75	0.703176
-29.76	0.703149
-29.77	0.703121
-29.78	0.703094
-29.79	0.703066
-29.8	0.703039
-29.81	0.703011
-29.82	0.702984
-29.83	0.702957
-29.84	0.702929
-29.85	0.702902
-29.86	0.702875
-29.87	0.702847
-29.88	0.70282
-29.89	0.702793
-29.9	0.702766
-29.91	0.702738
-29.92	0.702711
-29.93	0.702684
-29.94	0.702657
-29.95	0.70263
-29.96	0.702603
-29.97	0.702575
-29.98	0.702548
-29.99	0.702521
-30	0.702494
