x	y
30	0.607907
29.99	0.607928
29.98	0.607949
29.97	0.60797
29.96	0.607991
29.95	0.608012
29.94	0.608033
29.93	0.608054
29.92	0.608075
29.91	0.608096
29.9	0.608117
29.89	0.608138
29.88	0.608159
29.87	0.60818
29.86	0.608202
29.85	0.608223
29.84	0.608244
29.83	0.608265
29.82	0.608286
29.81	0.608308
29.8	0.608329
29.79	0.60835
29.78	0.608371
29.77	0.608393
29.76	0.608414
29.75	0.608435
29.74	0.608457
29.73	0.608478
29.72	0.6085
29.71	0.608521
29.7	0.608542
29.69	0.608564
29.68	0.608585
29.67	0.608607
29.66	0.608628
29.65	0.60865
29.64	0.608671
29.63	0.608693
29.62	0.608714
29.61	0.608736
29.6	0.608757
29.59	0.608779
29.58	0.608801
29.57	0.608822
29.56	0.608844
29.55	0.608865
29.54	0.608887
29.53	0.608909
29.52	0.608931
29.51	0.608952
29.5	0.608974
29.49	0.608996
29.48	0.609018
29.47	0.609039
29.46	0.609061
29.45	0.609083
29.44	0.609105
29.43	0.609127
29.42	0.609149
29.41	0.60917
29.4	0.609192
29.39	0.609214
29.38	0.609236
29.37	0.609258
29.36	0.60928
29.35	0.609302
29.34	0.609324
29.33	0.609346
29.32	0.609368
29.31	0.60939
29.3	0.609412
29.29	0.609434
29.28	0.609456
29.27	0.609478
29.26	0.609501
29.25	0.609523
29.24	0.609545
29.23	0.609567
29.22	0.609589
29.21	0.609611
29.2	0.609634
29.19	0.609656
29.18	0.609678
29.17	0.6097
29.16	0.609723
29.15	0.609745
29.14	0.609767
29.13	0.60979
29.12	0.609812
29.11	0.609834
29.1	0.609857
29.09	0.609879
29.08	0.609902
29.07	0.609924
29.06	0.609947
29.05	0.609969
29.04	0.609992
29.03	0.610014
29.02	0.610037
29.01	0.610059
29	0.610082
28.99	0.610104
28.98	0.610127
28.97	0.61015
28.96	0.610172
28.95	0.610195
28.94	0.610218
28.93	0.61024
28.92	0.610263
28.91	0.610286
28.9	0.610308
28.89	0.610331
28.88	0.610354
28.87	0.610377
28.86	0.610399
28.85	0.610422
28.84	0.610445
28.83	0.610468
28.82	0.610491
28.81	0.610514
28.8	0.610537
28.79	0.61056
28.78	0.610582
28.77	0.610605
28.76	0.610628
28.75	0.610651
28.74	0.610674
28.73	0.610697
28.72	0.610721
28.71	0.610744
28.7	0.610767
28.69	0.61079
28.68	0.610813
28.67	0.610836
28.66	0.610859
28.65	0.610882
28.64	0.610906
28.63	0.610929
28.62	0.610952
28.61	0.610975
28.6	0.610999
28.59	0.611022
28.58	0.611045
28.57	0.611068
28.56	0.611092
28.55	0.611115
28.54	0.611138
28.53	0.611162
28.52	0.611185
28.51	0.611209
28.5	0.611232
28.49	0.611256
28.48	0.611279
28.47	0.611302
28.46	0.611326
28.45	0.61135
28.44	0.611373
28.43	0.611397
28.42	0.61142
28.41	0.611444
28.4	0.611467
28.39	0.611491
28.38	0.611515
28.37	0.611538
28.36	0.611562
28.35	0.611586
28.34	0.61161
28.33	0.611633
28.32	0.611657
28.31	0.611681
28.3	0.611705
28.29	0.611729
28.28	0.611752
28.27	0.611776
28.26	0.6118
28.25	0.611824
28.24	0.611848
28.23	0.611872
28.22	0.611896
28.21	0.61192
28.2	0.611944
28.19	0.611968
28.18	0.611992
28.17	0.612016
28.16	0.61204
28.15	0.612064
28.14	0.612088
28.13	0.612112
28.12	0.612136
28.11	0.612161
28.1	0.612185
28.09	0.612209
28.08	0.612233
28.07	0.612257
28.06	0.612282
28.05	0.612306
28.04	0.61233
28.03	0.612355
28.02	0.612379
28.01	0.612403
28	0.612428
27.99	0.612452
27.98	0.612476
27.97	0.612501
27.96	0.612525
27.95	0.61255
27.94	0.612574
27.93	0.612599
27.92	0.612623
27.91	0.612648
27.9	0.612672
27.89	0.612697
27.88	0.612722
27.87	0.612746
27.86	0.612771
27.85	0.612795
27.84	0.61282
27.83	0.612845
27.82	0.61287
27.81	0.612894
27.8	0.612919
27.79	0.612944
27.78	0.612969
27.77	0.612993
27.76	0.613018
27.75	0.613043
27.74	0.613068
27.73	0.613093
27.72	0.613118
27.71	0.613143
27.7	0.613168
27.69	0.613193
27.68	0.613218
27.67	0.613243
27.66	0.613268
27.65	0.613293
27.64	0.613318
27.63	0.613343
27.62	0.613368
27.61	0.613393
27.6	0.613418
27.59	0.613443
27.58	0.613469
27.57	0.613494
27.56	0.613519
27.55	0.613544
27.54	0.61357
27.53	0.613595
27.52	0.61362
27.51	0.613646
27.5	0.613671
27.49	0.613696
27.48	0.613722
27.47	0.613747
27.46	0.613773
27.45	0.613798
27.44	0.613823
27.43	0.613849
27.42	0.613874
27.41	0.6139
27.4	0.613926
27.39	0.613951
27.38	0.613977
27.37	0.614002
27.36	0.614028
27.35	0.614054
27.34	0.614079
27.33	0.614105
27.32	0.614131
27.31	0.614156
27.3	0.614182
27.29	0.614208
27.28	0.614234
27.27	0.61426
27.26	0.614286
27.25	0.614311
27.24	0.614337
27.23	0.614363
27.22	0.614389
27.21	0.614415
27.2	0.614441
27.19	0.614467
27.18	0.614493
27.17	0.614519
27.16	0.614545
27.15	0.614571
27.14	0.614597
27.13	0.614623
27.12	0.61465
27.11	0.614676
27.1	0.614702
27.09	0.614728
27.08	0.614754
27.07	0.614781
27.06	0.614807
27.05	0.614833
27.04	0.61486
27.03	0.614886
27.02	0.614912
27.01	0.614939
27	0.614965
26.99	0.614991
26.98	0.615018
26.97	0.615044
26.96	0.615071
26.95	0.615097
26.94	0.615124
26.93	0.61515
26.92	0.615177
26.91	0.615204
26.9	0.61523
26.89	0.615257
26.88	0.615283
26.87	0.61531
26.86	0.615337
26.85	0.615364
26.84	0.61539
26.83	0.615417
26.82	0.615444
26.81	0.615471
26.8	0.615498
26.79	0.615524
26.78	0.615551
26.77	0.615578
26.76	0.615605
26.75	0.615632
26.74	0.615659
26.73	0.615686
26.72	0.615713
26.71	0.61574
26.7	0.615767
26.69	0.615794
26.68	0.615821
26.67	0.615848
26.66	0.615876
26.65	0.615903
26.64	0.61593
26.63	0.615957
26.62	0.615984
26.61	0.616012
26.6	0.616039
26.59	0.616066
26.58	0.616094
26.57	0.616121
26.56	0.616148
26.55	0.616176
26.54	0.616203
26.53	0.616231
26.52	0.616258
26.51	0.616286
26.5	0.616313
26.49	0.616341
26.48	0.616368
26.47	0.616396
26.46	0.616423
26.45	0.616451
26.44	0.616479
26.43	0.616506
26.42	0.616534
26.41	0.616562
26.4	0.616589
26.39	0.616617
26.38	0.616645
26.37	0.616673
26.36	0.616701
26.35	0.616728
26.34	0.616756
26.33	0.616784
26.32	0.616812
26.31	0.61684
26.3	0.616868
26.29	0.616896
26.28	0.616924
26.27	0.616952
26.26	0.61698
26.25	0.617008
26.24	0.617036
26.23	0.617065
26.22	0.617093
26.21	0.617121
26.2	0.617149
26.19	0.617177
26.18	0.617206
26.17	0.617234
26.16	0.617262
26.15	0.617291
26.14	0.617319
26.13	0.617347
26.12	0.617376
26.11	0.617404
26.1	0.617433
26.09	0.617461
26.08	0.61749
26.07	0.617518
26.06	0.617547
26.05	0.617575
26.04	0.617604
26.03	0.617632
26.02	0.617661
26.01	0.61769
26	0.617718
25.99	0.617747
25.98	0.617776
25.97	0.617805
25.96	0.617833
25.95	0.617862
25.94	0.617891
25.93	0.61792
25.92	0.617949
25.91	0.617978
25.9	0.618007
25.89	0.618036
25.88	0.618065
25.87	0.618094
25.86	0.618123
25.85	0.618152
25.84	0.618181
25.83	0.61821
25.82	0.618239
25.81	0.618268
25.8	0.618298
25.79	0.618327
25.78	0.618356
25.77	0.618385
25.76	0.618415
25.75	0.618444
25.74	0.618473
25.73	0.618503
25.72	0.618532
25.71	0.618561
25.7	0.618591
25.69	0.61862
25.68	0.61865
25.67	0.618679
25.66	0.618709
25.65	0.618738
25.64	0.618768
25.63	0.618798
25.62	0.618827
25.61	0.618857
25.6	0.618887
25.59	0.618916
25.58	0.618946
25.57	0.618976
25.56	0.619006
25.55	0.619035
25.54	0.619065
25.53	0.619095
25.52	0.619125
25.51	0.619155
25.5	0.619185
25.49	0.619215
25.48	0.619245
25.47	0.619275
25.46	0.619305
25.45	0.619335
25.44	0.619365
25.43	0.619395
25.42	0.619426
25.41	0.619456
25.4	0.619486
25.39	0.619516
25.38	0.619547
25.37	0.619577
25.36	0.619607
25.35	0.619637
25.34	0.619668
25.33	0.619698
25.32	0.619729
25.31	0.619759
25.3	0.61979
25.29	0.61982
25.28	0.619851
25.27	0.619881
25.26	0.619912
25.25	0.619942
25.24	0.619973
25.23	0.620004
25.22	0.620035
25.21	0.620065
25.2	0.620096
25.19	0.620127
25.18	0.620158
25.17	0.620188
25.16	0.620219
25.15	0.62025
25.14	0.620281
25.13	0.620312
25.12	0.620343
25.11	0.620374
25.1	0.620405
25.09	0.620436
25.08	0.620467
25.07	0.620498
25.06	0.620529
25.05	0.620561
25.04	0.620592
25.03	0.620623
25.02	0.620654
25.01	0.620686
25	0.620717
24.99	0.620748
24.98	0.62078
24.97	0.620811
24.96	0.620842
24.95	0.620874
24.94	0.620905
24.93	0.620937
24.92	0.620968
24.91	0.621
24.9	0.621031
24.89	0.621063
24.88	0.621095
24.87	0.621126
24.86	0.621158
24.85	0.62119
24.84	0.621221
24.83	0.621253
24.82	0.621285
24.81	0.621317
24.8	0.621349
24.79	0.621381
24.78	0.621413
24.77	0.621445
24.76	0.621477
24.75	0.621509
24.74	0.621541
24.73	0.621573
24.72	0.621605
24.71	0.621637
24.7	0.621669
24.69	0.621701
24.68	0.621733
24.67	0.621766
24.66	0.621798
24.65	0.62183
24.64	0.621863
24.63	0.621895
24.62	0.621927
24.61	0.62196
24.6	0.621992
24.59	0.622025
24.58	0.622057
24.57	0.62209
24.56	0.622122
24.55	0.622155
24.54	0.622187
24.53	0.62222
24.52	0.622253
24.51	0.622285
24.5	0.622318
24.49	0.622351
24.48	0.622384
24.47	0.622417
24.46	0.622449
24.45	0.622482
24.44	0.622515
24.43	0.622548
24.42	0.622581
24.41	0.622614
24.4	0.622647
24.39	0.62268
24.38	0.622713
24.37	0.622747
24.36	0.62278
24.35	0.622813
24.34	0.622846
24.33	0.622879
24.32	0.622913
24.31	0.622946
24.3	0.622979
24.29	0.623013
24.28	0.623046
24.27	0.62308
24.26	0.623113
24.25	0.623147
24.24	0.62318
24.23	0.623214
24.22	0.623247
24.21	0.623281
24.2	0.623314
24.19	0.623348
24.18	0.623382
24.17	0.623416
24.16	0.623449
24.15	0.623483
24.14	0.623517
24.13	0.623551
24.12	0.623585
24.11	0.623619
24.1	0.623653
24.09	0.623687
24.08	0.623721
24.07	0.623755
24.06	0.623789
24.05	0.623823
24.04	0.623857
24.03	0.623891
24.02	0.623926
24.01	0.62396
24	0.623994
23.99	0.624028
23.98	0.624063
23.97	0.624097
23.96	0.624132
23.95	0.624166
23.94	0.624201
23.93	0.624235
23.92	0.62427
23.91	0.624304
23.9	0.624339
23.89	0.624373
23.88	0.624408
23.87	0.624443
23.86	0.624477
23.85	0.624512
23.84	0.624547
23.83	0.624582
23.82	0.624617
23.81	0.624652
23.8	0.624687
23.79	0.624722
23.78	0.624757
23.77	0.624792
23.76	0.624827
23.75	0.624862
23.74	0.624897
23.73	0.624932
23.72	0.624967
23.71	0.625002
23.7	0.625038
23.69	0.625073
23.68	0.625108
23.67	0.625144
23.66	0.625179
23.65	0.625214
23.64	0.62525
23.63	0.625285
23.62	0.625321
23.61	0.625356
23.6	0.625392
23.59	0.625428
23.58	0.625463
23.57	0.625499
23.56	0.625535
23.55	0.625571
23.54	0.625606
23.53	0.625642
23.52	0.625678
23.51	0.625714
23.5	0.62575
23.49	0.625786
23.48	0.625822
23.47	0.625858
23.46	0.625894
23.45	0.62593
23.44	0.625966
23.43	0.626002
23.42	0.626039
23.41	0.626075
23.4	0.626111
23.39	0.626147
23.38	0.626184
23.37	0.62622
23.36	0.626257
23.35	0.626293
23.34	0.62633
23.33	0.626366
23.32	0.626403
23.31	0.626439
23.3	0.626476
23.29	0.626512
23.28	0.626549
23.27	0.626586
23.26	0.626623
23.25	0.62666
23.24	0.626696
23.23	0.626733
23.22	0.62677
23.21	0.626807
23.2	0.626844
23.19	0.626881
23.18	0.626918
23.17	0.626955
23.16	0.626992
23.15	0.62703
23.14	0.627067
23.13	0.627104
23.12	0.627141
23.11	0.627179
23.1	0.627216
23.09	0.627253
23.08	0.627291
23.07	0.627328
23.06	0.627366
23.05	0.627403
23.04	0.627441
23.03	0.627478
23.02	0.627516
23.01	0.627554
23	0.627591
22.99	0.627629
22.98	0.627667
22.97	0.627705
22.96	0.627743
22.95	0.62778
22.94	0.627818
22.93	0.627856
22.92	0.627894
22.91	0.627932
22.9	0.62797
22.89	0.628009
22.88	0.628047
22.87	0.628085
22.86	0.628123
22.85	0.628161
22.84	0.6282
22.83	0.628238
22.82	0.628276
22.81	0.628315
22.8	0.628353
22.79	0.628392
22.78	0.62843
22.77	0.628469
22.76	0.628507
22.75	0.628546
22.74	0.628585
22.73	0.628623
22.72	0.628662
22.71	0.628701
22.7	0.62874
22.69	0.628779
22.68	0.628818
22.67	0.628857
22.66	0.628896
22.65	0.628935
22.64	0.628974
22.63	0.629013
22.62	0.629052
22.61	0.629091
22.6	0.62913
22.59	0.62917
22.58	0.629209
22.57	0.629248
22.56	0.629288
22.55	0.629327
22.54	0.629367
22.53	0.629406
22.52	0.629446
22.51	0.629485
22.5	0.629525
22.49	0.629564
22.48	0.629604
22.47	0.629644
22.46	0.629684
22.45	0.629723
22.44	0.629763
22.43	0.629803
22.42	0.629843
22.41	0.629883
22.4	0.629923
22.39	0.629963
22.38	0.630003
22.37	0.630043
22.36	0.630084
22.35	0.630124
22.34	0.630164
22.33	0.630204
22.32	0.630245
22.31	0.630285
22.3	0.630325
22.29	0.630366
22.28	0.630406
22.27	0.630447
22.26	0.630488
22.25	0.630528
22.24	0.630569
22.23	0.63061
22.22	0.63065
22.21	0.630691
22.2	0.630732
22.19	0.630773
22.18	0.630814
22.17	0.630855
22.16	0.630896
22.15	0.630937
22.14	0.630978
22.13	0.631019
22.12	0.63106
22.11	0.631101
22.1	0.631143
22.09	0.631184
22.08	0.631225
22.07	0.631267
22.06	0.631308
22.05	0.631349
22.04	0.631391
22.03	0.631433
22.02	0.631474
22.01	0.631516
22	0.631557
21.99	0.631599
21.98	0.631641
21.97	0.631683
21.96	0.631725
21.95	0.631766
21.94	0.631808
21.93	0.63185
21.92	0.631892
21.91	0.631934
21.9	0.631976
21.89	0.632019
21.88	0.632061
21.87	0.632103
21.86	0.632145
21.85	0.632188
21.84	0.63223
21.83	0.632272
21.82	0.632315
21.81	0.632357
21.8	0.6324
21.79	0.632443
21.78	0.632485
21.77	0.632528
21.76	0.632571
21.75	0.632613
21.74	0.632656
21.73	0.632699
21.72	0.632742
21.71	0.632785
21.7	0.632828
21.69	0.632871
21.68	0.632914
21.67	0.632957
21.66	0.633
21.65	0.633043
21.64	0.633087
21.63	0.63313
21.62	0.633173
21.61	0.633217
21.6	0.63326
21.59	0.633304
21.58	0.633347
21.57	0.633391
21.56	0.633434
21.55	0.633478
21.54	0.633522
21.53	0.633565
21.52	0.633609
21.51	0.633653
21.5	0.633697
21.49	0.633741
21.48	0.633785
21.47	0.633829
21.46	0.633873
21.45	0.633917
21.44	0.633961
21.43	0.634006
21.42	0.63405
21.41	0.634094
21.4	0.634139
21.39	0.634183
21.38	0.634227
21.37	0.634272
21.36	0.634316
21.35	0.634361
21.34	0.634406
21.33	0.63445
21.32	0.634495
21.31	0.63454
21.3	0.634585
21.29	0.63463
21.28	0.634675
21.27	0.634719
21.26	0.634765
21.25	0.63481
21.24	0.634855
21.23	0.6349
21.22	0.634945
21.21	0.63499
21.2	0.635036
21.19	0.635081
21.18	0.635126
21.17	0.635172
21.16	0.635217
21.15	0.635263
21.14	0.635309
21.13	0.635354
21.12	0.6354
21.11	0.635446
21.1	0.635491
21.09	0.635537
21.08	0.635583
21.07	0.635629
21.06	0.635675
21.05	0.635721
21.04	0.635767
21.03	0.635813
21.02	0.63586
21.01	0.635906
21	0.635952
20.99	0.635999
20.98	0.636045
20.97	0.636091
20.96	0.636138
20.95	0.636185
20.94	0.636231
20.93	0.636278
20.92	0.636324
20.91	0.636371
20.9	0.636418
20.89	0.636465
20.88	0.636512
20.87	0.636559
20.86	0.636606
20.85	0.636653
20.84	0.6367
20.83	0.636747
20.82	0.636794
20.81	0.636842
20.8	0.636889
20.79	0.636936
20.78	0.636984
20.77	0.637031
20.76	0.637079
20.75	0.637126
20.74	0.637174
20.73	0.637222
20.72	0.637269
20.71	0.637317
20.7	0.637365
20.69	0.637413
20.68	0.637461
20.67	0.637509
20.66	0.637557
20.65	0.637605
20.64	0.637653
20.63	0.637701
20.62	0.637749
20.61	0.637798
20.6	0.637846
20.59	0.637895
20.58	0.637943
20.57	0.637992
20.56	0.63804
20.55	0.638089
20.54	0.638137
20.53	0.638186
20.52	0.638235
20.51	0.638284
20.5	0.638333
20.49	0.638382
20.48	0.638431
20.47	0.63848
20.46	0.638529
20.45	0.638578
20.44	0.638627
20.43	0.638677
20.42	0.638726
20.41	0.638775
20.4	0.638825
20.39	0.638874
20.38	0.638924
20.37	0.638973
20.36	0.639023
20.35	0.639073
20.34	0.639123
20.33	0.639172
20.32	0.639222
20.31	0.639272
20.3	0.639322
20.29	0.639372
20.28	0.639423
20.27	0.639473
20.26	0.639523
20.25	0.639573
20.24	0.639624
20.23	0.639674
20.22	0.639724
20.21	0.639775
20.2	0.639826
20.19	0.639876
20.18	0.639927
20.17	0.639978
20.16	0.640028
20.15	0.640079
20.14	0.64013
20.13	0.640181
20.12	0.640232
20.11	0.640283
20.1	0.640334
20.09	0.640386
20.08	0.640437
20.07	0.640488
20.06	0.64054
20.05	0.640591
20.04	0.640643
20.03	0.640694
20.02	0.640746
20.01	0.640797
20	0.640849
19.99	0.640901
19.98	0.640953
19.97	0.641005
19.96	0.641057
19.95	0.641109
19.94	0.641161
19.93	0.641213
19.92	0.641265
19.91	0.641317
19.9	0.64137
19.89	0.641422
19.88	0.641475
19.87	0.641527
19.86	0.64158
19.85	0.641632
19.84	0.641685
19.83	0.641738
19.82	0.641791
19.81	0.641843
19.8	0.641896
19.79	0.641949
19.78	0.642003
19.77	0.642056
19.76	0.642109
19.75	0.642162
19.74	0.642215
19.73	0.642269
19.72	0.642322
19.71	0.642376
19.7	0.642429
19.69	0.642483
19.68	0.642537
19.67	0.64259
19.66	0.642644
19.65	0.642698
19.64	0.642752
19.63	0.642806
19.62	0.64286
19.61	0.642914
19.6	0.642968
19.59	0.643023
19.58	0.643077
19.57	0.643131
19.56	0.643186
19.55	0.64324
19.54	0.643295
19.53	0.643349
19.52	0.643404
19.51	0.643459
19.5	0.643514
19.49	0.643569
19.48	0.643623
19.47	0.643678
19.46	0.643734
19.45	0.643789
19.44	0.643844
19.43	0.643899
19.42	0.643955
19.41	0.64401
19.4	0.644065
19.39	0.644121
19.38	0.644177
19.37	0.644232
19.36	0.644288
19.35	0.644344
19.34	0.6444
19.33	0.644456
19.32	0.644512
19.31	0.644568
19.3	0.644624
19.29	0.64468
19.28	0.644736
19.27	0.644793
19.26	0.644849
19.25	0.644905
19.24	0.644962
19.23	0.645019
19.22	0.645075
19.21	0.645132
19.2	0.645189
19.19	0.645246
19.18	0.645303
19.17	0.64536
19.16	0.645417
19.15	0.645474
19.14	0.645531
19.13	0.645588
19.12	0.645646
19.11	0.645703
19.1	0.645761
19.09	0.645818
19.08	0.645876
19.07	0.645934
19.06	0.645991
19.05	0.646049
19.04	0.646107
19.03	0.646165
19.02	0.646223
19.01	0.646281
19	0.646339
18.99	0.646398
18.98	0.646456
18.97	0.646514
18.96	0.646573
18.95	0.646631
18.94	0.64669
18.93	0.646749
18.92	0.646807
18.91	0.646866
18.9	0.646925
18.89	0.646984
18.88	0.647043
18.87	0.647102
18.86	0.647161
18.85	0.647221
18.84	0.64728
18.83	0.647339
18.82	0.647399
18.81	0.647459
18.8	0.647518
18.79	0.647578
18.78	0.647638
18.77	0.647697
18.76	0.647757
18.75	0.647817
18.74	0.647877
18.73	0.647938
18.72	0.647998
18.71	0.648058
18.7	0.648118
18.69	0.648179
18.68	0.648239
18.67	0.6483
18.66	0.648361
18.65	0.648421
18.64	0.648482
18.63	0.648543
18.62	0.648604
18.61	0.648665
18.6	0.648726
18.59	0.648787
18.58	0.648849
18.57	0.64891
18.56	0.648971
18.55	0.649033
18.54	0.649095
18.53	0.649156
18.52	0.649218
18.51	0.64928
18.5	0.649342
18.49	0.649404
18.48	0.649466
18.47	0.649528
18.46	0.64959
18.45	0.649652
18.44	0.649714
18.43	0.649777
18.42	0.649839
18.41	0.649902
18.4	0.649965
18.39	0.650027
18.38	0.65009
18.37	0.650153
18.36	0.650216
18.35	0.650279
18.34	0.650342
18.33	0.650405
18.32	0.650469
18.31	0.650532
18.3	0.650596
18.29	0.650659
18.28	0.650723
18.27	0.650786
18.26	0.65085
18.25	0.650914
18.24	0.650978
18.23	0.651042
18.22	0.651106
18.21	0.65117
18.2	0.651235
18.19	0.651299
18.18	0.651363
18.17	0.651428
18.16	0.651492
18.15	0.651557
18.14	0.651622
18.13	0.651687
18.12	0.651752
18.11	0.651817
18.1	0.651882
18.09	0.651947
18.08	0.652012
18.07	0.652077
18.06	0.652143
18.05	0.652208
18.04	0.652274
18.03	0.65234
18.02	0.652405
18.01	0.652471
18	0.652537
17.99	0.652603
17.98	0.652669
17.97	0.652736
17.96	0.652802
17.95	0.652868
17.94	0.652935
17.93	0.653001
17.92	0.653068
17.91	0.653134
17.9	0.653201
17.89	0.653268
17.88	0.653335
17.87	0.653402
17.86	0.653469
17.85	0.653536
17.84	0.653604
17.83	0.653671
17.82	0.653739
17.81	0.653806
17.8	0.653874
17.79	0.653942
17.78	0.65401
17.77	0.654077
17.76	0.654145
17.75	0.654214
17.74	0.654282
17.73	0.65435
17.72	0.654418
17.71	0.654487
17.7	0.654555
17.69	0.654624
17.68	0.654693
17.67	0.654762
17.66	0.654831
17.65	0.6549
17.64	0.654969
17.63	0.655038
17.62	0.655107
17.61	0.655177
17.6	0.655246
17.59	0.655316
17.58	0.655385
17.57	0.655455
17.56	0.655525
17.55	0.655595
17.54	0.655665
17.53	0.655735
17.52	0.655805
17.51	0.655875
17.5	0.655946
17.49	0.656016
17.48	0.656087
17.47	0.656157
17.46	0.656228
17.45	0.656299
17.44	0.65637
17.43	0.656441
17.42	0.656512
17.41	0.656583
17.4	0.656655
17.39	0.656726
17.38	0.656798
17.37	0.656869
17.36	0.656941
17.35	0.657013
17.34	0.657085
17.33	0.657157
17.32	0.657229
17.31	0.657301
17.3	0.657373
17.29	0.657446
17.28	0.657518
17.27	0.657591
17.26	0.657664
17.25	0.657736
17.24	0.657809
17.23	0.657882
17.22	0.657955
17.21	0.658029
17.2	0.658102
17.19	0.658175
17.18	0.658249
17.17	0.658322
17.16	0.658396
17.15	0.65847
17.14	0.658544
17.13	0.658618
17.12	0.658692
17.11	0.658766
17.1	0.65884
17.09	0.658915
17.08	0.658989
17.07	0.659064
17.06	0.659139
17.05	0.659213
17.04	0.659288
17.03	0.659363
17.02	0.659438
17.01	0.659514
17	0.659589
16.99	0.659664
16.98	0.65974
16.97	0.659815
16.96	0.659891
16.95	0.659967
16.94	0.660043
16.93	0.660119
16.92	0.660195
16.91	0.660271
16.9	0.660348
16.89	0.660424
16.88	0.660501
16.87	0.660578
16.86	0.660654
16.85	0.660731
16.84	0.660808
16.83	0.660885
16.82	0.660963
16.81	0.66104
16.8	0.661117
16.79	0.661195
16.78	0.661273
16.77	0.66135
16.76	0.661428
16.75	0.661506
16.74	0.661584
16.73	0.661662
16.72	0.661741
16.71	0.661819
16.7	0.661898
16.69	0.661976
16.68	0.662055
16.67	0.662134
16.66	0.662213
16.65	0.662292
16.64	0.662371
16.63	0.66245
16.62	0.66253
16.61	0.662609
16.6	0.662689
16.59	0.662769
16.58	0.662849
16.57	0.662929
16.56	0.663009
16.55	0.663089
16.54	0.663169
16.53	0.66325
16.52	0.66333
16.51	0.663411
16.5	0.663492
16.49	0.663573
16.48	0.663654
16.47	0.663735
16.46	0.663816
16.45	0.663897
16.44	0.663979
16.43	0.664061
16.42	0.664142
16.41	0.664224
16.4	0.664306
16.39	0.664388
16.38	0.66447
16.37	0.664553
16.36	0.664635
16.35	0.664717
16.34	0.6648
16.33	0.664883
16.32	0.664966
16.31	0.665049
16.3	0.665132
16.29	0.665215
16.28	0.665299
16.27	0.665382
16.26	0.665466
16.25	0.66555
16.24	0.665633
16.23	0.665717
16.22	0.665801
16.21	0.665886
16.2	0.66597
16.19	0.666054
16.18	0.666139
16.17	0.666224
16.16	0.666309
16.15	0.666394
16.14	0.666479
16.13	0.666564
16.12	0.666649
16.11	0.666735
16.1	0.66682
16.09	0.666906
16.08	0.666992
16.07	0.667078
16.06	0.667164
16.05	0.66725
16.04	0.667337
16.03	0.667423
16.02	0.66751
16.01	0.667596
16	0.667683
15.99	0.66777
15.98	0.667857
15.97	0.667945
15.96	0.668032
15.95	0.668119
15.94	0.668207
15.93	0.668295
15.92	0.668383
15.91	0.668471
15.9	0.668559
15.89	0.668647
15.88	0.668736
15.87	0.668824
15.86	0.668913
15.85	0.669002
15.84	0.669091
15.83	0.66918
15.82	0.669269
15.81	0.669358
15.8	0.669448
15.79	0.669537
15.78	0.669627
15.77	0.669717
15.76	0.669807
15.75	0.669897
15.74	0.669988
15.73	0.670078
15.72	0.670169
15.71	0.670259
15.7	0.67035
15.69	0.670441
15.68	0.670532
15.67	0.670624
15.66	0.670715
15.65	0.670806
15.64	0.670898
15.63	0.67099
15.62	0.671082
15.61	0.671174
15.6	0.671266
15.59	0.671359
15.58	0.671451
15.57	0.671544
15.56	0.671637
15.55	0.67173
15.54	0.671823
15.53	0.671916
15.52	0.672009
15.51	0.672103
15.5	0.672196
15.49	0.67229
15.48	0.672384
15.47	0.672478
15.46	0.672572
15.45	0.672667
15.44	0.672761
15.43	0.672856
15.42	0.672951
15.41	0.673046
15.4	0.673141
15.39	0.673236
15.38	0.673331
15.37	0.673427
15.36	0.673523
15.35	0.673619
15.34	0.673715
15.33	0.673811
15.32	0.673907
15.31	0.674003
15.3	0.6741
15.29	0.674197
15.28	0.674294
15.27	0.674391
15.26	0.674488
15.25	0.674585
15.24	0.674683
15.23	0.67478
15.22	0.674878
15.21	0.674976
15.2	0.675074
15.19	0.675173
15.18	0.675271
15.17	0.67537
15.16	0.675468
15.15	0.675567
15.14	0.675666
15.13	0.675765
15.12	0.675865
15.11	0.675964
15.1	0.676064
15.09	0.676164
15.08	0.676264
15.07	0.676364
15.06	0.676464
15.05	0.676565
15.04	0.676665
15.03	0.676766
15.02	0.676867
15.01	0.676968
15	0.677069
14.99	0.677171
14.98	0.677272
14.97	0.677374
14.96	0.677476
14.95	0.677578
14.94	0.67768
14.93	0.677783
14.92	0.677885
14.91	0.677988
14.9	0.678091
14.89	0.678194
14.88	0.678297
14.87	0.678401
14.86	0.678504
14.85	0.678608
14.84	0.678712
14.83	0.678816
14.82	0.67892
14.81	0.679025
14.8	0.679129
14.79	0.679234
14.78	0.679339
14.77	0.679444
14.76	0.679549
14.75	0.679655
14.74	0.67976
14.73	0.679866
14.72	0.679972
14.71	0.680078
14.7	0.680185
14.69	0.680291
14.68	0.680398
14.67	0.680504
14.66	0.680611
14.65	0.680719
14.64	0.680826
14.63	0.680933
14.62	0.681041
14.61	0.681149
14.6	0.681257
14.59	0.681365
14.58	0.681474
14.57	0.681582
14.56	0.681691
14.55	0.6818
14.54	0.681909
14.53	0.682018
14.52	0.682128
14.51	0.682238
14.5	0.682347
14.49	0.682457
14.48	0.682568
14.47	0.682678
14.46	0.682789
14.45	0.682899
14.44	0.68301
14.43	0.683122
14.42	0.683233
14.41	0.683344
14.4	0.683456
14.39	0.683568
14.38	0.68368
14.37	0.683792
14.36	0.683905
14.35	0.684017
14.34	0.68413
14.33	0.684243
14.32	0.684356
14.31	0.68447
14.3	0.684583
14.29	0.684697
14.28	0.684811
14.27	0.684925
14.26	0.68504
14.25	0.685154
14.24	0.685269
14.23	0.685384
14.22	0.685499
14.21	0.685614
14.2	0.68573
14.19	0.685846
14.18	0.685962
14.17	0.686078
14.16	0.686194
14.15	0.686311
14.14	0.686427
14.13	0.686544
14.12	0.686661
14.11	0.686779
14.1	0.686896
14.09	0.687014
14.08	0.687132
14.07	0.68725
14.06	0.687368
14.05	0.687487
14.04	0.687606
14.03	0.687725
14.02	0.687844
14.01	0.687963
14	0.688083
13.99	0.688202
13.98	0.688322
13.97	0.688443
13.96	0.688563
13.95	0.688684
13.94	0.688804
13.93	0.688926
13.92	0.689047
13.91	0.689168
13.9	0.68929
13.89	0.689412
13.88	0.689534
13.87	0.689656
13.86	0.689779
13.85	0.689901
13.84	0.690024
13.83	0.690148
13.82	0.690271
13.81	0.690394
13.8	0.690518
13.79	0.690642
13.78	0.690767
13.77	0.690891
13.76	0.691016
13.75	0.691141
13.74	0.691266
13.73	0.691391
13.72	0.691517
13.71	0.691643
13.7	0.691769
13.69	0.691895
13.68	0.692021
13.67	0.692148
13.66	0.692275
13.65	0.692402
13.64	0.692529
13.63	0.692657
13.62	0.692785
13.61	0.692913
13.6	0.693041
13.59	0.69317
13.58	0.693299
13.57	0.693428
13.56	0.693557
13.55	0.693686
13.54	0.693816
13.53	0.693946
13.52	0.694076
13.51	0.694206
13.5	0.694337
13.49	0.694468
13.48	0.694599
13.47	0.69473
13.46	0.694862
13.45	0.694994
13.44	0.695126
13.43	0.695258
13.42	0.695391
13.41	0.695524
13.4	0.695657
13.39	0.69579
13.38	0.695923
13.37	0.696057
13.36	0.696191
13.35	0.696325
13.34	0.69646
13.33	0.696595
13.32	0.69673
13.31	0.696865
13.3	0.697
13.29	0.697136
13.28	0.697272
13.27	0.697408
13.26	0.697545
13.25	0.697681
13.24	0.697818
13.23	0.697956
13.22	0.698093
13.21	0.698231
13.2	0.698369
13.19	0.698507
13.18	0.698646
13.17	0.698785
13.16	0.698924
13.15	0.699063
13.14	0.699203
13.13	0.699342
13.12	0.699482
13.11	0.699623
13.1	0.699763
13.09	0.699904
13.08	0.700045
13.07	0.700187
13.06	0.700329
13.05	0.700471
13.04	0.700613
13.03	0.700755
13.02	0.700898
13.01	0.701041
13	0.701184
12.99	0.701328
12.98	0.701472
12.97	0.701616
12.96	0.70176
12.95	0.701905
12.94	0.70205
12.93	0.702195
12.92	0.70234
12.91	0.702486
12.9	0.702632
12.89	0.702779
12.88	0.702925
12.87	0.703072
12.86	0.703219
12.85	0.703367
12.84	0.703515
12.83	0.703663
12.82	0.703811
12.81	0.703959
12.8	0.704108
12.79	0.704257
12.78	0.704407
12.77	0.704557
12.76	0.704707
12.75	0.704857
12.74	0.705008
12.73	0.705159
12.72	0.70531
12.71	0.705461
12.7	0.705613
12.69	0.705765
12.68	0.705918
12.67	0.70607
12.66	0.706223
12.65	0.706377
12.64	0.70653
12.63	0.706684
12.62	0.706838
12.61	0.706993
12.6	0.707147
12.59	0.707303
12.58	0.707458
12.57	0.707614
12.56	0.70777
12.55	0.707926
12.54	0.708083
12.53	0.70824
12.52	0.708397
12.51	0.708555
12.5	0.708712
12.49	0.708871
12.48	0.709029
12.47	0.709188
12.46	0.709347
12.45	0.709507
12.44	0.709666
12.43	0.709826
12.42	0.709987
12.41	0.710148
12.4	0.710309
12.39	0.71047
12.38	0.710632
12.37	0.710794
12.36	0.710956
12.35	0.711119
12.34	0.711282
12.33	0.711445
12.32	0.711609
12.31	0.711773
12.3	0.711937
12.29	0.712102
12.28	0.712267
12.27	0.712433
12.26	0.712598
12.25	0.712764
12.24	0.712931
12.23	0.713097
12.22	0.713264
12.21	0.713432
12.2	0.713599
12.19	0.713768
12.18	0.713936
12.17	0.714105
12.16	0.714274
12.15	0.714443
12.14	0.714613
12.13	0.714783
12.12	0.714954
12.11	0.715125
12.1	0.715296
12.09	0.715468
12.08	0.715639
12.07	0.715812
12.06	0.715984
12.05	0.716157
12.04	0.716331
12.03	0.716504
12.02	0.716679
12.01	0.716853
12	0.717028
11.99	0.717203
11.98	0.717379
11.97	0.717555
11.96	0.717731
11.95	0.717907
11.94	0.718085
11.93	0.718262
11.92	0.71844
11.91	0.718618
11.9	0.718796
11.89	0.718975
11.88	0.719155
11.87	0.719334
11.86	0.719514
11.85	0.719695
11.84	0.719876
11.83	0.720057
11.82	0.720238
11.81	0.72042
11.8	0.720603
11.79	0.720785
11.78	0.720968
11.77	0.721152
11.76	0.721336
11.75	0.72152
11.74	0.721705
11.73	0.72189
11.72	0.722076
11.71	0.722262
11.7	0.722448
11.69	0.722635
11.68	0.722822
11.67	0.723009
11.66	0.723197
11.65	0.723386
11.64	0.723574
11.63	0.723763
11.62	0.723953
11.61	0.724143
11.6	0.724333
11.59	0.724524
11.58	0.724715
11.57	0.724907
11.56	0.725099
11.55	0.725292
11.54	0.725484
11.53	0.725678
11.52	0.725872
11.51	0.726066
11.5	0.72626
11.49	0.726455
11.48	0.726651
11.47	0.726847
11.46	0.727043
11.45	0.72724
11.44	0.727437
11.43	0.727635
11.42	0.727833
11.41	0.728031
11.4	0.72823
11.39	0.72843
11.38	0.72863
11.37	0.72883
11.36	0.729031
11.35	0.729232
11.34	0.729434
11.33	0.729636
11.32	0.729838
11.31	0.730041
11.3	0.730245
11.29	0.730449
11.28	0.730653
11.27	0.730858
11.26	0.731063
11.25	0.731269
11.24	0.731475
11.23	0.731682
11.22	0.731889
11.21	0.732097
11.2	0.732305
11.19	0.732514
11.18	0.732723
11.17	0.732932
11.16	0.733142
11.15	0.733353
11.14	0.733564
11.13	0.733775
11.12	0.733987
11.11	0.7342
11.1	0.734413
11.09	0.734626
11.08	0.73484
11.07	0.735055
11.06	0.73527
11.05	0.735485
11.04	0.735701
11.03	0.735918
11.02	0.736134
11.01	0.736352
11	0.73657
10.99	0.736788
10.98	0.737007
10.97	0.737227
10.96	0.737447
10.95	0.737667
10.94	0.737888
10.93	0.73811
10.92	0.738332
10.91	0.738554
10.9	0.738778
10.89	0.739001
10.88	0.739225
10.87	0.73945
10.86	0.739675
10.85	0.739901
10.84	0.740127
10.83	0.740354
10.82	0.740582
10.81	0.74081
10.8	0.741038
10.79	0.741267
10.78	0.741497
10.77	0.741727
10.76	0.741957
10.75	0.742189
10.74	0.74242
10.73	0.742653
10.72	0.742886
10.71	0.743119
10.7	0.743353
10.69	0.743588
10.68	0.743823
10.67	0.744059
10.66	0.744295
10.65	0.744532
10.64	0.744769
10.63	0.745007
10.62	0.745246
10.61	0.745485
10.6	0.745725
10.59	0.745965
10.58	0.746206
10.57	0.746448
10.56	0.74669
10.55	0.746933
10.54	0.747176
10.53	0.74742
10.52	0.747664
10.51	0.747909
10.5	0.748155
10.49	0.748401
10.48	0.748648
10.47	0.748896
10.46	0.749144
10.45	0.749393
10.44	0.749642
10.43	0.749892
10.42	0.750143
10.41	0.750394
10.4	0.750646
10.39	0.750899
10.38	0.751152
10.37	0.751406
10.36	0.75166
10.35	0.751915
10.34	0.752171
10.33	0.752427
10.32	0.752685
10.31	0.752942
10.3	0.753201
10.29	0.75346
10.28	0.753719
10.27	0.75398
10.26	0.754241
10.25	0.754502
10.24	0.754764
10.23	0.755027
10.22	0.755291
10.21	0.755555
10.2	0.75582
10.19	0.756086
10.18	0.756352
10.17	0.75662
10.16	0.756887
10.15	0.757156
10.14	0.757425
10.13	0.757695
10.12	0.757965
10.11	0.758236
10.1	0.758508
10.09	0.758781
10.08	0.759054
10.07	0.759328
10.06	0.759603
10.05	0.759879
10.04	0.760155
10.03	0.760432
10.02	0.76071
10.01	0.760988
10	0.761267
9.99	0.761547
9.98	0.761828
9.97	0.762109
9.96	0.762391
9.95	0.762674
9.94	0.762958
9.93	0.763242
9.92	0.763527
9.91	0.763813
9.9	0.7641
9.89	0.764387
9.88	0.764675
9.87	0.764964
9.86	0.765254
9.85	0.765544
9.84	0.765836
9.83	0.766128
9.82	0.76642
9.81	0.766714
9.8	0.767008
9.79	0.767304
9.78	0.7676
9.77	0.767897
9.76	0.768194
9.75	0.768493
9.74	0.768792
9.73	0.769092
9.72	0.769393
9.71	0.769695
9.7	0.769997
9.69	0.770301
9.68	0.770605
9.67	0.77091
9.66	0.771216
9.65	0.771522
9.64	0.77183
9.63	0.772138
9.62	0.772448
9.61	0.772758
9.6	0.773069
9.59	0.773381
9.58	0.773693
9.57	0.774007
9.56	0.774321
9.55	0.774637
9.54	0.774953
9.53	0.77527
9.52	0.775588
9.51	0.775907
9.5	0.776227
9.49	0.776548
9.48	0.776869
9.47	0.777192
9.46	0.777515
9.45	0.77784
9.44	0.778165
9.43	0.778491
9.42	0.778818
9.41	0.779146
9.4	0.779475
9.39	0.779805
9.38	0.780136
9.37	0.780468
9.36	0.780801
9.35	0.781134
9.34	0.781469
9.33	0.781805
9.32	0.782141
9.31	0.782479
9.3	0.782818
9.29	0.783157
9.28	0.783498
9.27	0.783839
9.26	0.784182
9.25	0.784525
9.24	0.78487
9.23	0.785215
9.22	0.785562
9.21	0.78591
9.2	0.786258
9.19	0.786608
9.18	0.786958
9.17	0.78731
9.16	0.787663
9.15	0.788017
9.14	0.788371
9.13	0.788727
9.12	0.789084
9.11	0.789442
9.1	0.789801
9.09	0.790161
9.08	0.790523
9.07	0.790885
9.06	0.791248
9.05	0.791613
9.04	0.791978
9.03	0.792345
9.02	0.792713
9.01	0.793081
9	0.793451
8.99	0.793822
8.98	0.794195
8.97	0.794568
8.96	0.794943
8.95	0.795318
8.94	0.795695
8.93	0.796073
8.92	0.796452
8.91	0.796832
8.9	0.797214
8.89	0.797596
8.88	0.79798
8.87	0.798365
8.86	0.798751
8.85	0.799138
8.84	0.799527
8.83	0.799917
8.82	0.800308
8.81	0.8007
8.8	0.801093
8.79	0.801488
8.78	0.801884
8.77	0.802281
8.76	0.802679
8.75	0.803079
8.74	0.803479
8.73	0.803881
8.72	0.804285
8.71	0.804689
8.7	0.805095
8.69	0.805503
8.68	0.805911
8.67	0.806321
8.66	0.806732
8.65	0.807144
8.64	0.807558
8.63	0.807973
8.62	0.80839
8.61	0.808807
8.6	0.809226
8.59	0.809647
8.58	0.810068
8.57	0.810492
8.56	0.810916
8.55	0.811342
8.54	0.811769
8.53	0.812198
8.52	0.812628
8.51	0.813059
8.5	0.813492
8.49	0.813926
8.48	0.814362
8.47	0.814799
8.46	0.815238
8.45	0.815678
8.44	0.816119
8.43	0.816562
8.42	0.817006
8.41	0.817452
8.4	0.817899
8.39	0.818348
8.38	0.818798
8.37	0.81925
8.36	0.819704
8.35	0.820158
8.34	0.820615
8.33	0.821073
8.32	0.821532
8.31	0.821993
8.3	0.822455
8.29	0.822919
8.28	0.823385
8.27	0.823852
8.26	0.824321
8.25	0.824792
8.24	0.825264
8.23	0.825737
8.22	0.826212
8.21	0.826689
8.2	0.827168
8.19	0.827648
8.18	0.82813
8.17	0.828613
8.16	0.829098
8.15	0.829585
8.14	0.830073
8.13	0.830564
8.12	0.831055
8.11	0.831549
8.1	0.832044
8.09	0.832541
8.08	0.83304
8.07	0.833541
8.06	0.834043
8.05	0.834547
8.04	0.835053
8.03	0.83556
8.02	0.83607
8.01	0.836581
8	0.837094
7.99	0.837609
7.98	0.838125
7.97	0.838644
7.96	0.839164
7.95	0.839686
7.94	0.840211
7.93	0.840737
7.92	0.841264
7.91	0.841794
7.9	0.842326
7.89	0.842859
7.88	0.843395
7.87	0.843932
7.86	0.844472
7.85	0.845013
7.84	0.845557
7.83	0.846102
7.82	0.846649
7.81	0.847199
7.8	0.84775
7.79	0.848303
7.78	0.848859
7.77	0.849416
7.76	0.849976
7.75	0.850537
7.74	0.851101
7.73	0.851667
7.72	0.852235
7.71	0.852805
7.7	0.853377
7.69	0.853951
7.68	0.854528
7.67	0.855106
7.66	0.855687
7.65	0.85627
7.64	0.856855
7.63	0.857443
7.62	0.858032
7.61	0.858624
7.6	0.859218
7.59	0.859815
7.58	0.860414
7.57	0.861015
7.56	0.861618
7.55	0.862224
7.54	0.862831
7.53	0.863442
7.52	0.864054
7.51	0.864669
7.5	0.865287
7.49	0.865907
7.48	0.866529
7.47	0.867153
7.46	0.867781
7.45	0.86841
7.44	0.869042
7.43	0.869677
7.42	0.870314
7.41	0.870953
7.4	0.871595
7.39	0.87224
7.38	0.872887
7.37	0.873537
7.36	0.874189
7.35	0.874844
7.34	0.875501
7.33	0.876162
7.32	0.876824
7.31	0.87749
7.3	0.878158
7.29	0.878829
7.28	0.879502
7.27	0.880179
7.26	0.880858
7.25	0.88154
7.24	0.882224
7.23	0.882912
7.22	0.883602
7.21	0.884295
7.2	0.884991
7.19	0.88569
7.18	0.886391
7.17	0.887096
7.16	0.887803
7.15	0.888514
7.14	0.889227
7.13	0.889943
7.12	0.890663
7.11	0.891385
7.1	0.892111
7.09	0.892839
7.08	0.89357
7.07	0.894305
7.06	0.895043
7.05	0.895784
7.04	0.896528
7.03	0.897275
7.02	0.898025
7.01	0.898779
7	0.899535
6.99	0.900295
6.98	0.901059
6.97	0.901825
6.96	0.902595
6.95	0.903368
6.94	0.904145
6.93	0.904925
6.92	0.905708
6.91	0.906495
6.9	0.907285
6.89	0.908078
6.88	0.908876
6.87	0.909676
6.86	0.91048
6.85	0.911288
6.84	0.912099
6.83	0.912914
6.82	0.913733
6.81	0.914555
6.8	0.915381
6.79	0.91621
6.78	0.917044
6.77	0.917881
6.76	0.918721
6.75	0.919566
6.74	0.920414
6.73	0.921266
6.72	0.922123
6.71	0.922983
6.7	0.923846
6.69	0.924714
6.68	0.925586
6.67	0.926462
6.66	0.927342
6.65	0.928226
6.64	0.929114
6.63	0.930006
6.62	0.930902
6.61	0.931803
6.6	0.932707
6.59	0.933616
6.58	0.93453
6.57	0.935447
6.56	0.936369
6.55	0.937295
6.54	0.938225
6.53	0.93916
6.52	0.9401
6.51	0.941043
6.5	0.941992
6.49	0.942945
6.48	0.943902
6.47	0.944864
6.46	0.945831
6.45	0.946802
6.44	0.947778
6.43	0.948759
6.42	0.949745
6.41	0.950735
6.4	0.95173
6.39	0.95273
6.38	0.953735
6.37	0.954745
6.36	0.95576
6.35	0.95678
6.34	0.957805
6.33	0.958835
6.32	0.95987
6.31	0.96091
6.3	0.961956
6.29	0.963007
6.28	0.964063
6.27	0.965124
6.26	0.966191
6.25	0.967263
6.24	0.968341
6.23	0.969424
6.22	0.970512
6.21	0.971606
6.2	0.972706
6.19	0.973812
6.18	0.974923
6.17	0.97604
6.16	0.977162
6.15	0.978291
6.14	0.979425
6.13	0.980565
6.12	0.981711
6.11	0.982864
6.1	0.984022
6.09	0.985186
6.08	0.986357
6.07	0.987533
6.06	0.988716
6.05	0.989906
6.04	0.991101
6.03	0.992303
6.02	0.993511
6.01	0.994726
6	0.995948
5.99	0.997176
5.98	0.998411
5.97	0.999652
5.96	1.0009
5.95	1.00216
5.94	1.00342
5.93	1.00469
5.92	1.00596
5.91	1.00724
5.9	1.00853
5.89	1.00983
5.88	1.01114
5.87	1.01245
5.86	1.01377
5.85	1.01509
5.84	1.01643
5.83	1.01777
5.82	1.01912
5.81	1.02047
5.8	1.02184
5.79	1.02321
5.78	1.02459
5.77	1.02597
5.76	1.02737
5.75	1.02877
5.74	1.03019
5.73	1.03161
5.72	1.03303
5.71	1.03447
5.7	1.03591
5.69	1.03737
5.68	1.03883
5.67	1.0403
5.66	1.04178
5.65	1.04327
5.64	1.04476
5.63	1.04627
5.62	1.04778
5.61	1.04931
5.6	1.05084
5.59	1.05238
5.58	1.05393
5.57	1.05549
5.56	1.05706
5.55	1.05864
5.54	1.06023
5.53	1.06183
5.52	1.06344
5.51	1.06506
5.5	1.06669
5.49	1.06833
5.48	1.06998
5.47	1.07164
5.46	1.07331
5.45	1.07499
5.44	1.07668
5.43	1.07838
5.42	1.08009
5.41	1.08181
5.4	1.08355
5.39	1.08529
5.38	1.08705
5.37	1.08882
5.36	1.09059
5.35	1.09239
5.34	1.09419
5.33	1.096
5.32	1.09783
5.31	1.09966
5.3	1.10151
5.29	1.10338
5.28	1.10525
5.27	1.10714
5.26	1.10903
5.25	1.11095
5.24	1.11287
5.23	1.11481
5.22	1.11676
5.21	1.11872
5.2	1.1207
5.19	1.12269
5.18	1.12469
5.17	1.12671
5.16	1.12874
5.15	1.13079
5.14	1.13284
5.13	1.13492
5.12	1.13701
5.11	1.13911
5.1	1.14123
5.09	1.14336
5.08	1.14551
5.07	1.14767
5.06	1.14984
5.05	1.15204
5.04	1.15425
5.03	1.15647
5.02	1.15871
5.01	1.16097
5	1.16324
4.99	1.16553
4.98	1.16784
4.97	1.17016
4.96	1.1725
4.95	1.17486
4.94	1.17723
4.93	1.17962
4.92	1.18203
4.91	1.18446
4.9	1.18691
4.89	1.18937
4.88	1.19185
4.87	1.19436
4.86	1.19688
4.85	1.19942
4.84	1.20198
4.83	1.20455
4.82	1.20715
4.81	1.20977
4.8	1.21241
4.79	1.21507
4.78	1.21775
4.77	1.22045
4.76	1.22317
4.75	1.22592
4.74	1.22869
4.73	1.23147
4.72	1.23428
4.71	1.23712
4.7	1.23997
4.69	1.24285
4.68	1.24575
4.67	1.24868
4.66	1.25163
4.65	1.2546
4.64	1.2576
4.63	1.26062
4.62	1.26367
4.61	1.26674
4.6	1.26984
4.59	1.27297
4.58	1.27612
4.57	1.2793
4.56	1.2825
4.55	1.28573
4.54	1.28899
4.53	1.29228
4.52	1.2956
4.51	1.29894
4.5	1.30232
4.49	1.30572
4.48	1.30915
4.47	1.31262
4.46	1.31611
4.45	1.31964
4.44	1.32319
4.43	1.32678
4.42	1.3304
4.41	1.33406
4.4	1.33774
4.39	1.34146
4.38	1.34522
4.37	1.34901
4.36	1.35283
4.35	1.35669
4.34	1.36058
4.33	1.36451
4.32	1.36848
4.31	1.37249
4.3	1.37653
4.29	1.38061
4.28	1.38473
4.27	1.38889
4.26	1.39309
4.25	1.39734
4.24	1.40162
4.23	1.40594
4.22	1.41031
4.21	1.41472
4.2	1.41917
4.19	1.42367
4.18	1.42821
4.17	1.4328
4.16	1.43743
4.15	1.44212
4.14	1.44685
4.13	1.45162
4.12	1.45645
4.11	1.46133
4.1	1.46625
4.09	1.47123
4.08	1.47626
4.07	1.48135
4.06	1.48648
4.05	1.49168
4.04	1.49692
4.03	1.50223
4.02	1.50759
4.01	1.51301
4	1.51849
3.99	1.52403
3.98	1.52963
3.97	1.53529
3.96	1.54101
3.95	1.5468
3.94	1.55266
3.93	1.55858
3.92	1.56457
3.91	1.57062
3.9	1.57675
3.89	1.58295
3.88	1.58922
3.87	1.59556
3.86	1.60198
3.85	1.60847
3.84	1.61504
3.83	1.62169
3.82	1.62842
3.81	1.63523
3.8	1.64212
3.79	1.6491
3.78	1.65616
3.77	1.66331
3.76	1.67055
3.75	1.67788
3.74	1.6853
3.73	1.69282
3.72	1.70043
3.71	1.70814
3.7	1.71595
3.69	1.72387
3.68	1.73188
3.67	1.74
3.66	1.74823
3.65	1.75657
3.64	1.76502
3.63	1.77358
3.62	1.78226
3.61	1.79106
3.6	1.79998
3.59	1.80903
3.58	1.8182
3.57	1.82749
3.56	1.83693
3.55	1.84649
3.54	1.85619
3.53	1.86604
3.52	1.87602
3.51	1.88616
3.5	1.89644
3.49	1.90687
3.48	1.91747
3.47	1.92822
3.46	1.93913
3.45	1.95022
3.44	1.96147
3.43	1.9729
3.42	1.98451
3.41	1.9963
3.4	2.00829
3.39	2.02046
3.38	2.03283
3.37	2.04541
3.36	2.05819
3.35	2.07118
3.34	2.08439
3.33	2.09783
3.32	2.1115
3.31	2.1254
3.3	2.13954
3.29	2.15393
3.28	2.16858
3.27	2.18348
3.26	2.19866
3.25	2.21412
3.24	2.22985
3.23	2.24588
3.22	2.26222
3.21	2.27886
3.2	2.29582
3.19	2.31311
3.18	2.33074
3.17	2.34872
3.16	2.36705
3.15	2.38576
3.14	2.40485
3.13	2.42434
3.12	2.44424
3.11	2.46456
3.1	2.48531
3.09	2.50652
3.08	2.52819
3.07	2.55035
3.06	2.57301
3.05	2.59619
3.04	2.61991
3.03	2.64418
3.02	2.66904
3.01	2.6945
3	2.72059
2.99	2.74733
2.98	2.77475
2.97	2.80288
2.96	2.83174
2.95	2.86138
2.94	2.89182
2.93	2.9231
2.92	2.95526
2.91	2.98835
2.9	3.0224
2.89	3.05747
2.88	3.0936
2.87	3.13085
2.86	3.16929
2.85	3.20898
2.84	3.24998
2.83	3.29238
2.82	3.33625
2.81	3.38169
2.8	3.42879
2.79	3.47767
2.78	3.52845
2.77	3.58125
2.76	3.63623
2.75	3.69354
2.74	3.75336
2.73	3.81591
2.72	3.8814
2.71	3.9501
2.7	4.0223
2.69	4.09834
2.68	4.1786
2.67	4.26354
2.66	4.35367
2.65	4.44961
2.64	4.55211
2.63	4.66204
2.62	4.78049
2.61	4.90877
2.6	5.04855
2.59	5.20197
2.58	5.3718
2.57	5.56178
2.56	5.77706
2.55	6.02511
2.54	6.31725
2.53	6.67193
2.52	7.12237
2.51	7.7382
2.5	8.71157
2.49	11.1717
-2.49	11.1717
-2.5	8.71157
-2.51	7.7382
-2.52	7.12237
-2.53	6.67193
-2.54	6.31725
-2.55	6.02511
-2.56	5.77706
-2.57	5.56178
-2.58	5.3718
-2.59	5.20197
-2.6	5.04855
-2.61	4.90877
-2.62	4.78049
-2.63	4.66204
-2.64	4.55211
-2.65	4.44961
-2.66	4.35367
-2.67	4.26354
-2.68	4.1786
-2.69	4.09834
-2.7	4.0223
-2.71	3.9501
-2.72	3.8814
-2.73	3.81591
-2.74	3.75336
-2.75	3.69354
-2.76	3.63623
-2.77	3.58125
-2.78	3.52845
-2.79	3.47767
-2.8	3.42879
-2.81	3.38169
-2.82	3.33625
-2.83	3.29238
-2.84	3.24998
-2.85	3.20898
-2.86	3.16929
-2.87	3.13085
-2.88	3.0936
-2.89	3.05747
-2.9	3.0224
-2.91	2.98835
-2.92	2.95526
-2.93	2.9231
-2.94	2.89182
-2.95	2.86138
-2.96	2.83174
-2.97	2.80288
-2.98	2.77475
-2.99	2.74733
-3	2.72059
-3.01	2.6945
-3.02	2.66904
-3.03	2.64418
-3.04	2.61991
-3.05	2.59619
-3.06	2.57301
-3.07	2.55035
-3.08	2.52819
-3.09	2.50652
-3.1	2.48531
-3.11	2.46456
-3.12	2.44424
-3.13	2.42434
-3.14	2.40485
-3.15	2.38576
-3.16	2.36705
-3.17	2.34872
-3.18	2.33074
-3.19	2.31311
-3.2	2.29582
-3.21	2.27886
-3.22	2.26222
-3.23	2.24588
-3.24	2.22985
-3.25	2.21412
-3.26	2.19866
-3.27	2.18348
-3.28	2.16858
-3.29	2.15393
-3.3	2.13954
-3.31	2.1254
-3.32	2.1115
-3.33	2.09783
-3.34	2.08439
-3.35	2.07118
-3.36	2.05819
-3.37	2.04541
-3.38	2.03283
-3.39	2.02046
-3.4	2.00829
-3.41	1.9963
-3.42	1.98451
-3.43	1.9729
-3.44	1.96147
-3.45	1.95022
-3.46	1.93913
-3.47	1.92822
-3.48	1.91747
-3.49	1.90687
-3.5	1.89644
-3.51	1.88616
-3.52	1.87602
-3.53	1.86604
-3.54	1.85619
-3.55	1.84649
-3.56	1.83693
-3.57	1.82749
-3.58	1.8182
-3.59	1.80903
-3.6	1.79998
-3.61	1.79106
-3.62	1.78226
-3.63	1.77358
-3.64	1.76502
-3.65	1.75657
-3.66	1.74823
-3.67	1.74
-3.68	1.73188
-3.69	1.72387
-3.7	1.71595
-3.71	1.70814
-3.72	1.70043
-3.73	1.69282
-3.74	1.6853
-3.75	1.67788
-3.76	1.67055
-3.77	1.66331
-3.78	1.65616
-3.79	1.6491
-3.8	1.64212
-3.81	1.63523
-3.82	1.62842
-3.83	1.62169
-3.84	1.61504
-3.85	1.60847
-3.86	1.60198
-3.87	1.59556
-3.88	1.58922
-3.89	1.58295
-3.9	1.57675
-3.91	1.57062
-3.92	1.56457
-3.93	1.55858
-3.94	1.55266
-3.95	1.5468
-3.96	1.54101
-3.97	1.53529
-3.98	1.52963
-3.99	1.52403
-4	1.51849
-4.01	1.51301
-4.02	1.50759
-4.03	1.50223
-4.04	1.49692
-4.05	1.49168
-4.06	1.48648
-4.07	1.48135
-4.08	1.47626
-4.09	1.47123
-4.1	1.46625
-4.11	1.46133
-4.12	1.45645
-4.13	1.45162
-4.14	1.44685
-4.15	1.44212
-4.16	1.43743
-4.17	1.4328
-4.18	1.42821
-4.19	1.42367
-4.2	1.41917
-4.21	1.41472
-4.22	1.41031
-4.23	1.40594
-4.24	1.40162
-4.25	1.39734
-4.26	1.39309
-4.27	1.38889
-4.28	1.38473
-4.29	1.38061
-4.3	1.37653
-4.31	1.37249
-4.32	1.36848
-4.33	1.36451
-4.34	1.36058
-4.35	1.35669
-4.36	1.35283
-4.37	1.34901
-4.38	1.34522
-4.39	1.34146
-4.4	1.33774
-4.41	1.33406
-4.42	1.3304
-4.43	1.32678
-4.44	1.32319
-4.45	1.31964
-4.46	1.31611
-4.47	1.31262
-4.48	1.30915
-4.49	1.30572
-4.5	1.30232
-4.51	1.29894
-4.52	1.2956
-4.53	1.29228
-4.54	1.28899
-4.55	1.28573
-4.56	1.2825
-4.57	1.2793
-4.58	1.27612
-4.59	1.27297
-4.6	1.26984
-4.61	1.26674
-4.62	1.26367
-4.63	1.26062
-4.64	1.2576
-4.65	1.2546
-4.66	1.25163
-4.67	1.24868
-4.68	1.24575
-4.69	1.24285
-4.7	1.23997
-4.71	1.23712
-4.72	1.23428
-4.73	1.23147
-4.74	1.22869
-4.75	1.22592
-4.76	1.22317
-4.77	1.22045
-4.78	1.21775
-4.79	1.21507
-4.8	1.21241
-4.81	1.20977
-4.82	1.20715
-4.83	1.20455
-4.84	1.20198
-4.85	1.19942
-4.86	1.19688
-4.87	1.19436
-4.88	1.19185
-4.89	1.18937
-4.9	1.18691
-4.91	1.18446
-4.92	1.18203
-4.93	1.17962
-4.94	1.17723
-4.95	1.17486
-4.96	1.1725
-4.97	1.17016
-4.98	1.16784
-4.99	1.16553
-5	1.16324
-5.01	1.16097
-5.02	1.15871
-5.03	1.15647
-5.04	1.15425
-5.05	1.15204
-5.06	1.14984
-5.07	1.14767
-5.08	1.14551
-5.09	1.14336
-5.1	1.14123
-5.11	1.13911
-5.12	1.13701
-5.13	1.13492
-5.14	1.13284
-5.15	1.13079
-5.16	1.12874
-5.17	1.12671
-5.18	1.12469
-5.19	1.12269
-5.2	1.1207
-5.21	1.11872
-5.22	1.11676
-5.23	1.11481
-5.24	1.11287
-5.25	1.11095
-5.26	1.10903
-5.27	1.10714
-5.28	1.10525
-5.29	1.10338
-5.3	1.10151
-5.31	1.09966
-5.32	1.09783
-5.33	1.096
-5.34	1.09419
-5.35	1.09239
-5.36	1.09059
-5.37	1.08882
-5.38	1.08705
-5.39	1.08529
-5.4	1.08355
-5.41	1.08181
-5.42	1.08009
-5.43	1.07838
-5.44	1.07668
-5.45	1.07499
-5.46	1.07331
-5.47	1.07164
-5.48	1.06998
-5.49	1.06833
-5.5	1.06669
-5.51	1.06506
-5.52	1.06344
-5.53	1.06183
-5.54	1.06023
-5.55	1.05864
-5.56	1.05706
-5.57	1.05549
-5.58	1.05393
-5.59	1.05238
-5.6	1.05084
-5.61	1.04931
-5.62	1.04778
-5.63	1.04627
-5.64	1.04476
-5.65	1.04327
-5.66	1.04178
-5.67	1.0403
-5.68	1.03883
-5.69	1.03737
-5.7	1.03591
-5.71	1.03447
-5.72	1.03303
-5.73	1.03161
-5.74	1.03019
-5.75	1.02877
-5.76	1.02737
-5.77	1.02597
-5.78	1.02459
-5.79	1.02321
-5.8	1.02184
-5.81	1.02047
-5.82	1.01912
-5.83	1.01777
-5.84	1.01643
-5.85	1.01509
-5.86	1.01377
-5.87	1.01245
-5.88	1.01114
-5.89	1.00983
-5.9	1.00853
-5.91	1.00724
-5.92	1.00596
-5.93	1.00469
-5.94	1.00342
-5.95	1.00216
-5.96	1.0009
-5.97	0.999652
-5.98	0.998411
-5.99	0.997176
-6	0.995948
-6.01	0.994726
-6.02	0.993511
-6.03	0.992303
-6.04	0.991101
-6.05	0.989906
-6.06	0.988716
-6.07	0.987533
-6.08	0.986357
-6.09	0.985186
-6.1	0.984022
-6.11	0.982864
-6.12	0.981711
-6.13	0.980565
-6.14	0.979425
-6.15	0.978291
-6.16	0.977162
-6.17	0.97604
-6.18	0.974923
-6.19	0.973812
-6.2	0.972706
-6.21	0.971606
-6.22	0.970512
-6.23	0.969424
-6.24	0.968341
-6.25	0.967263
-6.26	0.966191
-6.27	0.965124
-6.28	0.964063
-6.29	0.963007
-6.3	0.961956
-6.31	0.96091
-6.32	0.95987
-6.33	0.958835
-6.34	0.957805
-6.35	0.95678
-6.36	0.95576
-6.37	0.954745
-6.38	0.953735
-6.39	0.95273
-6.4	0.95173
-6.41	0.950735
-6.42	0.949745
-6.43	0.948759
-6.44	0.947778
-6.45	0.946802
-6.46	0.945831
-6.47	0.944864
-6.48	0.943902
-6.49	0.942945
-6.5	0.941992
-6.51	0.941043
-6.52	0.9401
-6.53	0.93916
-6.54	0.938225
-6.55	0.937295
-6.56	0.936369
-6.57	0.935447
-6.58	0.93453
-6.59	0.933616
-6.6	0.932707
-6.61	0.931803
-6.62	0.930902
-6.63	0.930006
-6.64	0.929114
-6.65	0.928226
-6.66	0.927342
-6.67	0.926462
-6.68	0.925586
-6.69	0.924714
-6.7	0.923846
-6.71	0.922983
-6.72	0.922123
-6.73	0.921266
-6.74	0.920414
-6.75	0.919566
-6.76	0.918721
-6.77	0.917881
-6.78	0.917044
-6.79	0.91621
-6.8	0.915381
-6.81	0.914555
-6.82	0.913733
-6.83	0.912914
-6.84	0.912099
-6.85	0.911288
-6.86	0.91048
-6.87	0.909676
-6.88	0.908876
-6.89	0.908078
-6.9	0.907285
-6.91	0.906495
-6.92	0.905708
-6.93	0.904925
-6.94	0.904145
-6.95	0.903368
-6.96	0.902595
-6.97	0.901825
-6.98	0.901059
-6.99	0.900295
-7	0.899535
-7.01	0.898779
-7.02	0.898025
-7.03	0.897275
-7.04	0.896528
-7.05	0.895784
-7.06	0.895043
-7.07	0.894305
-7.08	0.89357
-7.09	0.892839
-7.1	0.892111
-7.11	0.891385
-7.12	0.890663
-7.13	0.889943
-7.14	0.889227
-7.15	0.888514
-7.16	0.887803
-7.17	0.887096
-7.18	0.886391
-7.19	0.88569
-7.2	0.884991
-7.21	0.884295
-7.22	0.883602
-7.23	0.882912
-7.24	0.882224
-7.25	0.88154
-7.26	0.880858
-7.27	0.880179
-7.28	0.879502
-7.29	0.878829
-7.3	0.878158
-7.31	0.87749
-7.32	0.876824
-7.33	0.876162
-7.34	0.875501
-7.35	0.874844
-7.36	0.874189
-7.37	0.873537
-7.38	0.872887
-7.39	0.87224
-7.4	0.871595
-7.41	0.870953
-7.42	0.870314
-7.43	0.869677
-7.44	0.869042
-7.45	0.86841
-7.46	0.867781
-7.47	0.867153
-7.48	0.866529
-7.49	0.865907
-7.5	0.865287
-7.51	0.864669
-7.52	0.864054
-7.53	0.863442
-7.54	0.862831
-7.55	0.862224
-7.56	0.861618
-7.57	0.861015
-7.58	0.860414
-7.59	0.859815
-7.6	0.859218
-7.61	0.858624
-7.62	0.858032
-7.63	0.857443
-7.64	0.856855
-7.65	0.85627
-7.66	0.855687
-7.67	0.855106
-7.68	0.854528
-7.69	0.853951
-7.7	0.853377
-7.71	0.852805
-7.72	0.852235
-7.73	0.851667
-7.74	0.851101
-7.75	0.850537
-7.76	0.849976
-7.77	0.849416
-7.78	0.848859
-7.79	0.848303
-7.8	0.84775
-7.81	0.847199
-7.82	0.846649
-7.83	0.846102
-7.84	0.845557
-7.85	0.845013
-7.86	0.844472
-7.87	0.843932
-7.88	0.843395
-7.89	0.842859
-7.9	0.842326
-7.91	0.841794
-7.92	0.841264
-7.93	0.840737
-7.94	0.840211
-7.95	0.839686
-7.96	0.839164
-7.97	0.838644
-7.98	0.838125
-7.99	0.837609
-8	0.837094
-8.01	0.836581
-8.02	0.83607
-8.03	0.83556
-8.04	0.835053
-8.05	0.834547
-8.06	0.834043
-8.07	0.833541
-8.08	0.83304
-8.09	0.832541
-8.1	0.832044
-8.11	0.831549
-8.12	0.831055
-8.13	0.830564
-8.14	0.830073
-8.15	0.829585
-8.16	0.829098
-8.17	0.828613
-8.18	0.82813
-8.19	0.827648
-8.2	0.827168
-8.21	0.826689
-8.22	0.826212
-8.23	0.825737
-8.24	0.825264
-8.25	0.824792
-8.26	0.824321
-8.27	0.823852
-8.28	0.823385
-8.29	0.822919
-8.3	0.822455
-8.31	0.821993
-8.32	0.821532
-8.33	0.821073
-8.34	0.820615
-8.35	0.820158
-8.36	0.819704
-8.37	0.81925
-8.38	0.818798
-8.39	0.818348
-8.4	0.817899
-8.41	0.817452
-8.42	0.817006
-8.43	0.816562
-8.44	0.816119
-8.45	0.815678
-8.46	0.815238
-8.47	0.814799
-8.48	0.814362
-8.49	0.813926
-8.5	0.813492
-8.51	0.813059
-8.52	0.812628
-8.53	0.812198
-8.54	0.811769
-8.55	0.811342
-8.56	0.810916
-8.57	0.810492
-8.58	0.810068
-8.59	0.809647
-8.6	0.809226
-8.61	0.808807
-8.62	0.80839
-8.63	0.807973
-8.64	0.807558
-8.65	0.807144
-8.66	0.806732
-8.67	0.806321
-8.68	0.805911
-8.69	0.805503
-8.7	0.805095
-8.71	0.804689
-8.72	0.804285
-8.73	0.803881
-8.74	0.803479
-8.75	0.803079
-8.76	0.802679
-8.77	0.802281
-8.78	0.801884
-8.79	0.801488
-8.8	0.801093
-8.81	0.8007
-8.82	0.800308
-8.83	0.799917
-8.84	0.799527
-8.85	0.799138
-8.86	0.798751
-8.87	0.798365
-8.88	0.79798
-8.89	0.797596
-8.9	0.797214
-8.91	0.796832
-8.92	0.796452
-8.93	0.796073
-8.94	0.795695
-8.95	0.795318
-8.96	0.794943
-8.97	0.794568
-8.98	0.794195
-8.99	0.793822
-9	0.793451
-9.01	0.793081
-9.02	0.792713
-9.03	0.792345
-9.04	0.791978
-9.05	0.791613
-9.06	0.791248
-9.07	0.790885
-9.08	0.790523
-9.09	0.790161
-9.1	0.789801
-9.11	0.789442
-9.12	0.789084
-9.13	0.788727
-9.14	0.788371
-9.15	0.788017
-9.16	0.787663
-9.17	0.78731
-9.18	0.786958
-9.19	0.786608
-9.2	0.786258
-9.21	0.78591
-9.22	0.785562
-9.23	0.785215
-9.24	0.78487
-9.25	0.784525
-9.26	0.784182
-9.27	0.783839
-9.28	0.783498
-9.29	0.783157
-9.3	0.782818
-9.31	0.782479
-9.32	0.782141
-9.33	0.781805
-9.34	0.781469
-9.35	0.781134
-9.36	0.780801
-9.37	0.780468
-9.38	0.780136
-9.39	0.779805
-9.4	0.779475
-9.41	0.779146
-9.42	0.778818
-9.43	0.778491
-9.44	0.778165
-9.45	0.77784
-9.46	0.777515
-9.47	0.777192
-9.48	0.776869
-9.49	0.776548
-9.5	0.776227
-9.51	0.775907
-9.52	0.775588
-9.53	0.77527
-9.54	0.774953
-9.55	0.774637
-9.56	0.774321
-9.57	0.774007
-9.58	0.773693
-9.59	0.773381
-9.6	0.773069
-9.61	0.772758
-9.62	0.772448
-9.63	0.772138
-9.64	0.77183
-9.65	0.771522
-9.66	0.771216
-9.67	0.77091
-9.68	0.770605
-9.69	0.770301
-9.7	0.769997
-9.71	0.769695
-9.72	0.769393
-9.73	0.769092
-9.74	0.768792
-9.75	0.768493
-9.76	0.768194
-9.77	0.767897
-9.78	0.7676
-9.79	0.767304
-9.8	0.767008
-9.81	0.766714
-9.82	0.76642
-9.83	0.766128
-9.84	0.765836
-9.85	0.765544
-9.86	0.765254
-9.87	0.764964
-9.88	0.764675
-9.89	0.764387
-9.9	0.7641
-9.91	0.763813
-9.92	0.763527
-9.93	0.763242
-9.94	0.762958
-9.95	0.762674
-9.96	0.762391
-9.97	0.762109
-9.98	0.761828
-9.99	0.761547
-10	0.761267
-10.01	0.760988
-10.02	0.76071
-10.03	0.760432
-10.04	0.760155
-10.05	0.759879
-10.06	0.759603
-10.07	0.759328
-10.08	0.759054
-10.09	0.758781
-10.1	0.758508
-10.11	0.758236
-10.12	0.757965
-10.13	0.757695
-10.14	0.757425
-10.15	0.757156
-10.16	0.756887
-10.17	0.75662
-10.18	0.756352
-10.19	0.756086
-10.2	0.75582
-10.21	0.755555
-10.22	0.755291
-10.23	0.755027
-10.24	0.754764
-10.25	0.754502
-10.26	0.754241
-10.27	0.75398
-10.28	0.753719
-10.29	0.75346
-10.3	0.753201
-10.31	0.752942
-10.32	0.752685
-10.33	0.752427
-10.34	0.752171
-10.35	0.751915
-10.36	0.75166
-10.37	0.751406
-10.38	0.751152
-10.39	0.750899
-10.4	0.750646
-10.41	0.750394
-10.42	0.750143
-10.43	0.749892
-10.44	0.749642
-10.45	0.749393
-10.46	0.749144
-10.47	0.748896
-10.48	0.748648
-10.49	0.748401
-10.5	0.748155
-10.51	0.747909
-10.52	0.747664
-10.53	0.74742
-10.54	0.747176
-10.55	0.746933
-10.56	0.74669
-10.57	0.746448
-10.58	0.746206
-10.59	0.745965
-10.6	0.745725
-10.61	0.745485
-10.62	0.745246
-10.63	0.745007
-10.64	0.744769
-10.65	0.744532
-10.66	0.744295
-10.67	0.744059
-10.68	0.743823
-10.69	0.743588
-10.7	0.743353
-10.71	0.743119
-10.72	0.742886
-10.73	0.742653
-10.74	0.74242
-10.75	0.742189
-10.76	0.741957
-10.77	0.741727
-10.78	0.741497
-10.79	0.741267
-10.8	0.741038
-10.81	0.74081
-10.82	0.740582
-10.83	0.740354
-10.84	0.740127
-10.85	0.739901
-10.86	0.739675
-10.87	0.73945
-10.88	0.739225
-10.89	0.739001
-10.9	0.738778
-10.91	0.738554
-10.92	0.738332
-10.93	0.73811
-10.94	0.737888
-10.95	0.737667
-10.96	0.737447
-10.97	0.737227
-10.98	0.737007
-10.99	0.736788
-11	0.73657
-11.01	0.736352
-11.02	0.736134
-11.03	0.735918
-11.04	0.735701
-11.05	0.735485
-11.06	0.73527
-11.07	0.735055
-11.08	0.73484
-11.09	0.734626
-11.1	0.734413
-11.11	0.7342
-11.12	0.733987
-11.13	0.733775
-11.14	0.733564
-11.15	0.733353
-11.16	0.733142
-11.17	0.732932
-11.18	0.732723
-11.19	0.732514
-11.2	0.732305
-11.21	0.732097
-11.22	0.731889
-11.23	0.731682
-11.24	0.731475
-11.25	0.731269
-11.26	0.731063
-11.27	0.730858
-11.28	0.730653
-11.29	0.730449
-11.3	0.730245
-11.31	0.730041
-11.32	0.729838
-11.33	0.729636
-11.34	0.729434
-11.35	0.729232
-11.36	0.729031
-11.37	0.72883
-11.38	0.72863
-11.39	0.72843
-11.4	0.72823
-11.41	0.728031
-11.42	0.727833
-11.43	0.727635
-11.44	0.727437
-11.45	0.72724
-11.46	0.727043
-11.47	0.726847
-11.48	0.726651
-11.49	0.726455
-11.5	0.72626
-11.51	0.726066
-11.52	0.725872
-11.53	0.725678
-11.54	0.725484
-11.55	0.725292
-11.56	0.725099
-11.57	0.724907
-11.58	0.724715
-11.59	0.724524
-11.6	0.724333
-11.61	0.724143
-11.62	0.723953
-11.63	0.723763
-11.64	0.723574
-11.65	0.723386
-11.66	0.723197
-11.67	0.723009
-11.68	0.722822
-11.69	0.722635
-11.7	0.722448
-11.71	0.722262
-11.72	0.722076
-11.73	0.72189
-11.74	0.721705
-11.75	0.72152
-11.76	0.721336
-11.77	0.721152
-11.78	0.720968
-11.79	0.720785
-11.8	0.720603
-11.81	0.72042
-11.82	0.720238
-11.83	0.720057
-11.84	0.719876
-11.85	0.719695
-11.86	0.719514
-11.87	0.719334
-11.88	0.719155
-11.89	0.718975
-11.9	0.718796
-11.91	0.718618
-11.92	0.71844
-11.93	0.718262
-11.94	0.718085
-11.95	0.717907
-11.96	0.717731
-11.97	0.717555
-11.98	0.717379
-11.99	0.717203
-12	0.717028
-12.01	0.716853
-12.02	0.716679
-12.03	0.716504
-12.04	0.716331
-12.05	0.716157
-12.06	0.715984
-12.07	0.715812
-12.08	0.715639
-12.09	0.715468
-12.1	0.715296
-12.11	0.715125
-12.12	0.714954
-12.13	0.714783
-12.14	0.714613
-12.15	0.714443
-12.16	0.714274
-12.17	0.714105
-12.18	0.713936
-12.19	0.713768
-12.2	0.713599
-12.21	0.713432
-12.22	0.713264
-12.23	0.713097
-12.24	0.712931
-12.25	0.712764
-12.26	0.712598
-12.27	0.712433
-12.28	0.712267
-12.29	0.712102
-12.3	0.711937
-12.31	0.711773
-12.32	0.711609
-12.33	0.711445
-12.34	0.711282
-12.35	0.711119
-12.36	0.710956
-12.37	0.710794
-12.38	0.710632
-12.39	0.71047
-12.4	0.710309
-12.41	0.710148
-12.42	0.709987
-12.43	0.709826
-12.44	0.709666
-12.45	0.709507
-12.46	0.709347
-12.47	0.709188
-12.48	0.709029
-12.49	0.708871
-12.5	0.708712
-12.51	0.708555
-12.52	0.708397
-12.53	0.70824
-12.54	0.708083
-12.55	0.707926
-12.56	0.70777
-12.57	0.707614
-12.58	0.707458
-12.59	0.707303
-12.6	0.707147
-12.61	0.706993
-12.62	0.706838
-12.63	0.706684
-12.64	0.70653
-12.65	0.706377
-12.66	0.706223
-12.67	0.70607
-12.68	0.705918
-12.69	0.705765
-12.7	0.705613
-12.71	0.705461
-12.72	0.70531
-12.73	0.705159
-12.74	0.705008
-12.75	0.704857
-12.76	0.704707
-12.77	0.704557
-12.78	0.704407
-12.79	0.704257
-12.8	0.704108
-12.81	0.703959
-12.82	0.703811
-12.83	0.703663
-12.84	0.703515
-12.85	0.703367
-12.86	0.703219
-12.87	0.703072
-12.88	0.702925
-12.89	0.702779
-12.9	0.702632
-12.91	0.702486
-12.92	0.70234
-12.93	0.702195
-12.94	0.70205
-12.95	0.701905
-12.96	0.70176
-12.97	0.701616
-12.98	0.701472
-12.99	0.701328
-13	0.701184
-13.01	0.701041
-13.02	0.700898
-13.03	0.700755
-13.04	0.700613
-13.05	0.700471
-13.06	0.700329
-13.07	0.700187
-13.08	0.700045
-13.09	0.699904
-13.1	0.699763
-13.11	0.699623
-13.12	0.699482
-13.13	0.699342
-13.14	0.699203
-13.15	0.699063
-13.16	0.698924
-13.17	0.698785
-13.18	0.698646
-13.19	0.698507
-13.2	0.698369
-13.21	0.698231
-13.22	0.698093
-13.23	0.697956
-13.24	0.697818
-13.25	0.697681
-13.26	0.697545
-13.27	0.697408
-13.28	0.697272
-13.29	0.697136
-13.3	0.697
-13.31	0.696865
-13.32	0.69673
-13.33	0.696595
-13.34	0.69646
-13.35	0.696325
-13.36	0.696191
-13.37	0.696057
-13.38	0.695923
-13.39	0.69579
-13.4	0.695657
-13.41	0.695524
-13.42	0.695391
-13.43	0.695258
-13.44	0.695126
-13.45	0.694994
-13.46	0.694862
-13.47	0.69473
-13.48	0.694599
-13.49	0.694468
-13.5	0.694337
-13.51	0.694206
-13.52	0.694076
-13.53	0.693946
-13.54	0.693816
-13.55	0.693686
-13.56	0.693557
-13.57	0.693428
-13.58	0.693299
-13.59	0.69317
-13.6	0.693041
-13.61	0.692913
-13.62	0.692785
-13.63	0.692657
-13.64	0.692529
-13.65	0.692402
-13.66	0.692275
-13.67	0.692148
-13.68	0.692021
-13.69	0.691895
-13.7	0.691769
-13.71	0.691643
-13.72	0.691517
-13.73	0.691391
-13.74	0.691266
-13.75	0.691141
-13.76	0.691016
-13.77	0.690891
-13.78	0.690767
-13.79	0.690642
-13.8	0.690518
-13.81	0.690394
-13.82	0.690271
-13.83	0.690148
-13.84	0.690024
-13.85	0.689901
-13.86	0.689779
-13.87	0.689656
-13.88	0.689534
-13.89	0.689412
-13.9	0.68929
-13.91	0.689168
-13.92	0.689047
-13.93	0.688926
-13.94	0.688804
-13.95	0.688684
-13.96	0.688563
-13.97	0.688443
-13.98	0.688322
-13.99	0.688202
-14	0.688083
-14.01	0.687963
-14.02	0.687844
-14.03	0.687725
-14.04	0.687606
-14.05	0.687487
-14.06	0.687368
-14.07	0.68725
-14.08	0.687132
-14.09	0.687014
-14.1	0.686896
-14.11	0.686779
-14.12	0.686661
-14.13	0.686544
-14.14	0.686427
-14.15	0.686311
-14.16	0.686194
-14.17	0.686078
-14.18	0.685962
-14.19	0.685846
-14.2	0.68573
-14.21	0.685614
-14.22	0.685499
-14.23	0.685384
-14.24	0.685269
-14.25	0.685154
-14.26	0.68504
-14.27	0.684925
-14.28	0.684811
-14.29	0.684697
-14.3	0.684583
-14.31	0.68447
-14.32	0.684356
-14.33	0.684243
-14.34	0.68413
-14.35	0.684017
-14.36	0.683905
-14.37	0.683792
-14.38	0.68368
-14.39	0.683568
-14.4	0.683456
-14.41	0.683344
-14.42	0.683233
-14.43	0.683122
-14.44	0.68301
-14.45	0.682899
-14.46	0.682789
-14.47	0.682678
-14.48	0.682568
-14.49	0.682457
-14.5	0.682347
-14.51	0.682238
-14.52	0.682128
-14.53	0.682018
-14.54	0.681909
-14.55	0.6818
-14.56	0.681691
-14.57	0.681582
-14.58	0.681474
-14.59	0.681365
-14.6	0.681257
-14.61	0.681149
-14.62	0.681041
-14.63	0.680933
-14.64	0.680826
-14.65	0.680719
-14.66	0.680611
-14.67	0.680504
-14.68	0.680398
-14.69	0.680291
-14.7	0.680185
-14.71	0.680078
-14.72	0.679972
-14.73	0.679866
-14.74	0.67976
-14.75	0.679655
-14.76	0.679549
-14.77	0.679444
-14.78	0.679339
-14.79	0.679234
-14.8	0.679129
-14.81	0.679025
-14.82	0.67892
-14.83	0.678816
-14.84	0.678712
-14.85	0.678608
-14.86	0.678504
-14.87	0.678401
-14.88	0.678297
-14.89	0.678194
-14.9	0.678091
-14.91	0.677988
-14.92	0.677885
-14.93	0.677783
-14.94	0.67768
-14.95	0.677578
-14.96	0.677476
-14.97	0.677374
-14.98	0.677272
-14.99	0.677171
-15	0.677069
-15.01	0.676968
-15.02	0.676867
-15.03	0.676766
-15.04	0.676665
-15.05	0.676565
-15.06	0.676464
-15.07	0.676364
-15.08	0.676264
-15.09	0.676164
-15.1	0.676064
-15.11	0.675964
-15.12	0.675865
-15.13	0.675765
-15.14	0.675666
-15.15	0.675567
-15.16	0.675468
-15.17	0.67537
-15.18	0.675271
-15.19	0.675173
-15.2	0.675074
-15.21	0.674976
-15.22	0.674878
-15.23	0.67478
-15.24	0.674683
-15.25	0.674585
-15.26	0.674488
-15.27	0.674391
-15.28	0.674294
-15.29	0.674197
-15.3	0.6741
-15.31	0.674003
-15.32	0.673907
-15.33	0.673811
-15.34	0.673715
-15.35	0.673619
-15.36	0.673523
-15.37	0.673427
-15.38	0.673331
-15.39	0.673236
-15.4	0.673141
-15.41	0.673046
-15.42	0.672951
-15.43	0.672856
-15.44	0.672761
-15.45	0.672667
-15.46	0.672572
-15.47	0.672478
-15.48	0.672384
-15.49	0.67229
-15.5	0.672196
-15.51	0.672103
-15.52	0.672009
-15.53	0.671916
-15.54	0.671823
-15.55	0.67173
-15.56	0.671637
-15.57	0.671544
-15.58	0.671451
-15.59	0.671359
-15.6	0.671266
-15.61	0.671174
-15.62	0.671082
-15.63	0.67099
-15.64	0.670898
-15.65	0.670806
-15.66	0.670715
-15.67	0.670624
-15.68	0.670532
-15.69	0.670441
-15.7	0.67035
-15.71	0.670259
-15.72	0.670169
-15.73	0.670078
-15.74	0.669988
-15.75	0.669897
-15.76	0.669807
-15.77	0.669717
-15.78	0.669627
-15.79	0.669537
-15.8	0.669448
-15.81	0.669358
-15.82	0.669269
-15.83	0.66918
-15.84	0.669091
-15.85	0.669002
-15.86	0.668913
-15.87	0.668824
-15.88	0.668736
-15.89	0.668647
-15.9	0.668559
-15.91	0.668471
-15.92	0.668383
-15.93	0.668295
-15.94	0.668207
-15.95	0.668119
-15.96	0.668032
-15.97	0.667945
-15.98	0.667857
-15.99	0.66777
-16	0.667683
-16.01	0.667596
-16.02	0.66751
-16.03	0.667423
-16.04	0.667337
-16.05	0.66725
-16.06	0.667164
-16.07	0.667078
-16.08	0.666992
-16.09	0.666906
-16.1	0.66682
-16.11	0.666735
-16.12	0.666649
-16.13	0.666564
-16.14	0.666479
-16.15	0.666394
-16.16	0.666309
-16.17	0.666224
-16.18	0.666139
-16.19	0.666054
-16.2	0.66597
-16.21	0.665886
-16.22	0.665801
-16.23	0.665717
-16.24	0.665633
-16.25	0.66555
-16.26	0.665466
-16.27	0.665382
-16.28	0.665299
-16.29	0.665215
-16.3	0.665132
-16.31	0.665049
-16.32	0.664966
-16.33	0.664883
-16.34	0.6648
-16.35	0.664717
-16.36	0.664635
-16.37	0.664553
-16.38	0.66447
-16.39	0.664388
-16.4	0.664306
-16.41	0.664224
-16.42	0.664142
-16.43	0.664061
-16.44	0.663979
-16.45	0.663897
-16.46	0.663816
-16.47	0.663735
-16.48	0.663654
-16.49	0.663573
-16.5	0.663492
-16.51	0.663411
-16.52	0.66333
-16.53	0.66325
-16.54	0.663169
-16.55	0.663089
-16.56	0.663009
-16.57	0.662929
-16.58	0.662849
-16.59	0.662769
-16.6	0.662689
-16.61	0.662609
-16.62	0.66253
-16.63	0.66245
-16.64	0.662371
-16.65	0.662292
-16.66	0.662213
-16.67	0.662134
-16.68	0.662055
-16.69	0.661976
-16.7	0.661898
-16.71	0.661819
-16.72	0.661741
-16.73	0.661662
-16.74	0.661584
-16.75	0.661506
-16.76	0.661428
-16.77	0.66135
-16.78	0.661273
-16.79	0.661195
-16.8	0.661117
-16.81	0.66104
-16.82	0.660963
-16.83	0.660885
-16.84	0.660808
-16.85	0.660731
-16.86	0.660654
-16.87	0.660578
-16.88	0.660501
-16.89	0.660424
-16.9	0.660348
-16.91	0.660271
-16.92	0.660195
-16.93	0.660119
-16.94	0.660043
-16.95	0.659967
-16.96	0.659891
-16.97	0.659815
-16.98	0.65974
-16.99	0.659664
-17	0.659589
-17.01	0.659514
-17.02	0.659438
-17.03	0.659363
-17.04	0.659288
-17.05	0.659213
-17.06	0.659139
-17.07	0.659064
-17.08	0.658989
-17.09	0.658915
-17.1	0.65884
-17.11	0.658766
-17.12	0.658692
-17.13	0.658618
-17.14	0.658544
-17.15	0.65847
-17.16	0.658396
-17.17	0.658322
-17.18	0.658249
-17.19	0.658175
-17.2	0.658102
-17.21	0.658029
-17.22	0.657955
-17.23	0.657882
-17.24	0.657809
-17.25	0.657736
-17.26	0.657664
-17.27	0.657591
-17.28	0.657518
-17.29	0.657446
-17.3	0.657373
-17.31	0.657301
-17.32	0.657229
-17.33	0.657157
-17.34	0.657085
-17.35	0.657013
-17.36	0.656941
-17.37	0.656869
-17.38	0.656798
-17.39	0.656726
-17.4	0.656655
-17.41	0.656583
-17.42	0.656512
-17.43	0.656441
-17.44	0.65637
-17.45	0.656299
-17.46	0.656228
-17.47	0.656157
-17.48	0.656087
-17.49	0.656016
-17.5	0.655946
-17.51	0.655875
-17.52	0.655805
-17.53	0.655735
-17.54	0.655665
-17.55	0.655595
-17.56	0.655525
-17.57	0.655455
-17.58	0.655385
-17.59	0.655316
-17.6	0.655246
-17.61	0.655177
-17.62	0.655107
-17.63	0.655038
-17.64	0.654969
-17.65	0.6549
-17.66	0.654831
-17.67	0.654762
-17.68	0.654693
-17.69	0.654624
-17.7	0.654555
-17.71	0.654487
-17.72	0.654418
-17.73	0.65435
-17.74	0.654282
-17.75	0.654214
-17.76	0.654145
-17.77	0.654077
-17.78	0.65401
-17.79	0.653942
-17.8	0.653874
-17.81	0.653806
-17.82	0.653739
-17.83	0.653671
-17.84	0.653604
-17.85	0.653536
-17.86	0.653469
-17.87	0.653402
-17.88	0.653335
-17.89	0.653268
-17.9	0.653201
-17.91	0.653134
-17.92	0.653068
-17.93	0.653001
-17.94	0.652935
-17.95	0.652868
-17.96	0.652802
-17.97	0.652736
-17.98	0.652669
-17.99	0.652603
-18	0.652537
-18.01	0.652471
-18.02	0.652405
-18.03	0.65234
-18.04	0.652274
-18.05	0.652208
-18.06	0.652143
-18.07	0.652077
-18.08	0.652012
-18.09	0.651947
-18.1	0.651882
-18.11	0.651817
-18.12	0.651752
-18.13	0.651687
-18.14	0.651622
-18.15	0.651557
-18.16	0.651492
-18.17	0.651428
-18.18	0.651363
-18.19	0.651299
-18.2	0.651235
-18.21	0.65117
-18.22	0.651106
-18.23	0.651042
-18.24	0.650978
-18.25	0.650914
-18.26	0.65085
-18.27	0.650786
-18.28	0.650723
-18.29	0.650659
-18.3	0.650596
-18.31	0.650532
-18.32	0.650469
-18.33	0.650405
-18.34	0.650342
-18.35	0.650279
-18.36	0.650216
-18.37	0.650153
-18.38	0.65009
-18.39	0.650027
-18.4	0.649965
-18.41	0.649902
-18.42	0.649839
-18.43	0.649777
-18.44	0.649714
-18.45	0.649652
-18.46	0.64959
-18.47	0.649528
-18.48	0.649466
-18.49	0.649404
-18.5	0.649342
-18.51	0.64928
-18.52	0.649218
-18.53	0.649156
-18.54	0.649095
-18.55	0.649033
-18.56	0.648971
-18.57	0.64891
-18.58	0.648849
-18.59	0.648787
-18.6	0.648726
-18.61	0.648665
-18.62	0.648604
-18.63	0.648543
-18.64	0.648482
-18.65	0.648421
-18.66	0.648361
-18.67	0.6483
-18.68	0.648239
-18.69	0.648179
-18.7	0.648118
-18.71	0.648058
-18.72	0.647998
-18.73	0.647938
-18.74	0.647877
-18.75	0.647817
-18.76	0.647757
-18.77	0.647697
-18.78	0.647638
-18.79	0.647578
-18.8	0.647518
-18.81	0.647459
-18.82	0.647399
-18.83	0.647339
-18.84	0.64728
-18.85	0.647221
-18.86	0.647161
-18.87	0.647102
-18.88	0.647043
-18.89	0.646984
-18.9	0.646925
-18.91	0.646866
-18.92	0.646807
-18.93	0.646749
-18.94	0.64669
-18.95	0.646631
-18.96	0.646573
-18.97	0.646514
-18.98	0.646456
-18.99	0.646398
-19	0.646339
-19.01	0.646281
-19.02	0.646223
-19.03	0.646165
-19.04	0.646107
-19.05	0.646049
-19.06	0.645991
-19.07	0.645934
-19.08	0.645876
-19.09	0.645818
-19.1	0.645761
-19.11	0.645703
-19.12	0.645646
-19.13	0.645588
-19.14	0.645531
-19.15	0.645474
-19.16	0.645417
-19.17	0.64536
-19.18	0.645303
-19.19	0.645246
-19.2	0.645189
-19.21	0.645132
-19.22	0.645075
-19.23	0.645019
-19.24	0.644962
-19.25	0.644905
-19.26	0.644849
-19.27	0.644793
-19.28	0.644736
-19.29	0.64468
-19.3	0.644624
-19.31	0.644568
-19.32	0.644512
-19.33	0.644456
-19.34	0.6444
-19.35	0.644344
-19.36	0.644288
-19.37	0.644232
-19.38	0.644177
-19.39	0.644121
-19.4	0.644065
-19.41	0.64401
-19.42	0.643955
-19.43	0.643899
-19.44	0.643844
-19.45	0.643789
-19.46	0.643734
-19.47	0.643678
-19.48	0.643623
-19.49	0.643569
-19.5	0.643514
-19.51	0.643459
-19.52	0.643404
-19.53	0.643349
-19.54	0.643295
-19.55	0.64324
-19.56	0.643186
-19.57	0.643131
-19.58	0.643077
-19.59	0.643023
-19.6	0.642968
-19.61	0.642914
-19.62	0.64286
-19.63	0.642806
-19.64	0.642752
-19.65	0.642698
-19.66	0.642644
-19.67	0.64259
-19.68	0.642537
-19.69	0.642483
-19.7	0.642429
-19.71	0.642376
-19.72	0.642322
-19.73	0.642269
-19.74	0.642215
-19.75	0.642162
-19.76	0.642109
-19.77	0.642056
-19.78	0.642003
-19.79	0.641949
-19.8	0.641896
-19.81	0.641843
-19.82	0.641791
-19.83	0.641738
-19.84	0.641685
-19.85	0.641632
-19.86	0.64158
-19.87	0.641527
-19.88	0.641475
-19.89	0.641422
-19.9	0.64137
-19.91	0.641317
-19.92	0.641265
-19.93	0.641213
-19.94	0.641161
-19.95	0.641109
-19.96	0.641057
-19.97	0.641005
-19.98	0.640953
-19.99	0.640901
-20	0.640849
-20.01	0.640797
-20.02	0.640746
-20.03	0.640694
-20.04	0.640643
-20.05	0.640591
-20.06	0.64054
-20.07	0.640488
-20.08	0.640437
-20.09	0.640386
-20.1	0.640334
-20.11	0.640283
-20.12	0.640232
-20.13	0.640181
-20.14	0.64013
-20.15	0.640079
-20.16	0.640028
-20.17	0.639978
-20.18	0.639927
-20.19	0.639876
-20.2	0.639826
-20.21	0.639775
-20.22	0.639724
-20.23	0.639674
-20.24	0.639624
-20.25	0.639573
-20.26	0.639523
-20.27	0.639473
-20.28	0.639423
-20.29	0.639372
-20.3	0.639322
-20.31	0.639272
-20.32	0.639222
-20.33	0.639172
-20.34	0.639123
-20.35	0.639073
-20.36	0.639023
-20.37	0.638973
-20.38	0.638924
-20.39	0.638874
-20.4	0.638825
-20.41	0.638775
-20.42	0.638726
-20.43	0.638677
-20.44	0.638627
-20.45	0.638578
-20.46	0.638529
-20.47	0.63848
-20.48	0.638431
-20.49	0.638382
-20.5	0.638333
-20.51	0.638284
-20.52	0.638235
-20.53	0.638186
-20.54	0.638137
-20.55	0.638089
-20.56	0.63804
-20.57	0.637992
-20.58	0.637943
-20.59	0.637895
-20.6	0.637846
-20.61	0.637798
-20.62	0.637749
-20.63	0.637701
-20.64	0.637653
-20.65	0.637605
-20.66	0.637557
-20.67	0.637509
-20.68	0.637461
-20.69	0.637413
-20.7	0.637365
-20.71	0.637317
-20.72	0.637269
-20.73	0.637222
-20.74	0.637174
-20.75	0.637126
-20.76	0.637079
-20.77	0.637031
-20.78	0.636984
-20.79	0.636936
-20.8	0.636889
-20.81	0.636842
-20.82	0.636794
-20.83	0.636747
-20.84	0.6367
-20.85	0.636653
-20.86	0.636606
-20.87	0.636559
-20.88	0.636512
-20.89	0.636465
-20.9	0.636418
-20.91	0.636371
-20.92	0.636324
-20.93	0.636278
-20.94	0.636231
-20.95	0.636185
-20.96	0.636138
-20.97	0.636091
-20.98	0.636045
-20.99	0.635999
-21	0.635952
-21.01	0.635906
-21.02	0.63586
-21.03	0.635813
-21.04	0.635767
-21.05	0.635721
-21.06	0.635675
-21.07	0.635629
-21.08	0.635583
-21.09	0.635537
-21.1	0.635491
-21.11	0.635446
-21.12	0.6354
-21.13	0.635354
-21.14	0.635309
-21.15	0.635263
-21.16	0.635217
-21.17	0.635172
-21.18	0.635126
-21.19	0.635081
-21.2	0.635036
-21.21	0.63499
-21.22	0.634945
-21.23	0.6349
-21.24	0.634855
-21.25	0.63481
-21.26	0.634765
-21.27	0.634719
-21.28	0.634675
-21.29	0.63463
-21.3	0.634585
-21.31	0.63454
-21.32	0.634495
-21.33	0.63445
-21.34	0.634406
-21.35	0.634361
-21.36	0.634316
-21.37	0.634272
-21.38	0.634227
-21.39	0.634183
-21.4	0.634139
-21.41	0.634094
-21.42	0.63405
-21.43	0.634006
-21.44	0.633961
-21.45	0.633917
-21.46	0.633873
-21.47	0.633829
-21.48	0.633785
-21.49	0.633741
-21.5	0.633697
-21.51	0.633653
-21.52	0.633609
-21.53	0.633565
-21.54	0.633522
-21.55	0.633478
-21.56	0.633434
-21.57	0.633391
-21.58	0.633347
-21.59	0.633304
-21.6	0.63326
-21.61	0.633217
-21.62	0.633173
-21.63	0.63313
-21.64	0.633087
-21.65	0.633043
-21.66	0.633
-21.67	0.632957
-21.68	0.632914
-21.69	0.632871
-21.7	0.632828
-21.71	0.632785
-21.72	0.632742
-21.73	0.632699
-21.74	0.632656
-21.75	0.632613
-21.76	0.632571
-21.77	0.632528
-21.78	0.632485
-21.79	0.632443
-21.8	0.6324
-21.81	0.632357
-21.82	0.632315
-21.83	0.632272
-21.84	0.63223
-21.85	0.632188
-21.86	0.632145
-21.87	0.632103
-21.88	0.632061
-21.89	0.632019
-21.9	0.631976
-21.91	0.631934
-21.92	0.631892
-21.93	0.63185
-21.94	0.631808
-21.95	0.631766
-21.96	0.631725
-21.97	0.631683
-21.98	0.631641
-21.99	0.631599
-22	0.631557
-22.01	0.631516
-22.02	0.631474
-22.03	0.631433
-22.04	0.631391
-22.05	0.631349
-22.06	0.631308
-22.07	0.631267
-22.08	0.631225
-22.09	0.631184
-22.1	0.631143
-22.11	0.631101
-22.12	0.63106
-22.13	0.631019
-22.14	0.630978
-22.15	0.630937
-22.16	0.630896
-22.17	0.630855
-22.18	0.630814
-22.19	0.630773
-22.2	0.630732
-22.21	0.630691
-22.22	0.63065
-22.23	0.63061
-22.24	0.630569
-22.25	0.630528
-22.26	0.630488
-22.27	0.630447
-22.28	0.630406
-22.29	0.630366
-22.3	0.630325
-22.31	0.630285
-22.32	0.630245
-22.33	0.630204
-22.34	0.630164
-22.35	0.630124
-22.36	0.630084
-22.37	0.630043
-22.38	0.630003
-22.39	0.629963
-22.4	0.629923
-22.41	0.629883
-22.42	0.629843
-22.43	0.629803
-22.44	0.629763
-22.45	0.629723
-22.46	0.629684
-22.47	0.629644
-22.48	0.629604
-22.49	0.629564
-22.5	0.629525
-22.51	0.629485
-22.52	0.629446
-22.53	0.629406
-22.54	0.629367
-22.55	0.629327
-22.56	0.629288
-22.57	0.629248
-22.58	0.629209
-22.59	0.62917
-22.6	0.62913
-22.61	0.629091
-22.62	0.629052
-22.63	0.629013
-22.64	0.628974
-22.65	0.628935
-22.66	0.628896
-22.67	0.628857
-22.68	0.628818
-22.69	0.628779
-22.7	0.62874
-22.71	0.628701
-22.72	0.628662
-22.73	0.628623
-22.74	0.628585
-22.75	0.628546
-22.76	0.628507
-22.77	0.628469
-22.78	0.62843
-22.79	0.628392
-22.8	0.628353
-22.81	0.628315
-22.82	0.628276
-22.83	0.628238
-22.84	0.6282
-22.85	0.628161
-22.86	0.628123
-22.87	0.628085
-22.88	0.628047
-22.89	0.628009
-22.9	0.62797
-22.91	0.627932
-22.92	0.627894
-22.93	0.627856
-22.94	0.627818
-22.95	0.62778
-22.96	0.627743
-22.97	0.627705
-22.98	0.627667
-22.99	0.627629
-23	0.627591
-23.01	0.627554
-23.02	0.627516
-23.03	0.627478
-23.04	0.627441
-23.05	0.627403
-23.06	0.627366
-23.07	0.627328
-23.08	0.627291
-23.09	0.627253
-23.1	0.627216
-23.11	0.627179
-23.12	0.627141
-23.13	0.627104
-23.14	0.627067
-23.15	0.62703
-23.16	0.626992
-23.17	0.626955
-23.18	0.626918
-23.19	0.626881
-23.2	0.626844
-23.21	0.626807
-23.22	0.62677
-23.23	0.626733
-23.24	0.626696
-23.25	0.62666
-23.26	0.626623
-23.27	0.626586
-23.28	0.626549
-23.29	0.626512
-23.3	0.626476
-23.31	0.626439
-23.32	0.626403
-23.33	0.626366
-23.34	0.62633
-23.35	0.626293
-23.36	0.626257
-23.37	0.62622
-23.38	0.626184
-23.39	0.626147
-23.4	0.626111
-23.41	0.626075
-23.42	0.626039
-23.43	0.626002
-23.44	0.625966
-23.45	0.62593
-23.46	0.625894
-23.47	0.625858
-23.48	0.625822
-23.49	0.625786
-23.5	0.62575
-23.51	0.625714
-23.52	0.625678
-23.53	0.625642
-23.54	0.625606
-23.55	0.625571
-23.56	0.625535
-23.57	0.625499
-23.58	0.625463
-23.59	0.625428
-23.6	0.625392
-23.61	0.625356
-23.62	0.625321
-23.63	0.625285
-23.64	0.62525
-23.65	0.625214
-23.66	0.625179
-23.67	0.625144
-23.68	0.625108
-23.69	0.625073
-23.7	0.625038
-23.71	0.625002
-23.72	0.624967
-23.73	0.624932
-23.74	0.624897
-23.75	0.624862
-23.76	0.624827
-23.77	0.624792
-23.78	0.624757
-23.79	0.624722
-23.8	0.624687
-23.81	0.624652
-23.82	0.624617
-23.83	0.624582
-23.84	0.624547
-23.85	0.624512
-23.86	0.624477
-23.87	0.624443
-23.88	0.624408
-23.89	0.624373
-23.9	0.624339
-23.91	0.624304
-23.92	0.62427
-23.93	0.624235
-23.94	0.624201
-23.95	0.624166
-23.96	0.624132
-23.97	0.624097
-23.98	0.624063
-23.99	0.624028
-24	0.623994
-24.01	0.62396
-24.02	0.623926
-24.03	0.623891
-24.04	0.623857
-24.05	0.623823
-24.06	0.623789
-24.07	0.623755
-24.08	0.623721
-24.09	0.623687
-24.1	0.623653
-24.11	0.623619
-24.12	0.623585
-24.13	0.623551
-24.14	0.623517
-24.15	0.623483
-24.16	0.623449
-24.17	0.623416
-24.18	0.623382
-24.19	0.623348
-24.2	0.623314
-24.21	0.623281
-24.22	0.623247
-24.23	0.623214
-24.24	0.62318
-24.25	0.623147
-24.26	0.623113
-24.27	0.62308
-24.28	0.623046
-24.29	0.623013
-24.3	0.622979
-24.31	0.622946
-24.32	0.622913
-24.33	0.622879
-24.34	0.622846
-24.35	0.622813
-24.36	0.62278
-24.37	0.622747
-24.38	0.622713
-24.39	0.62268
-24.4	0.622647
-24.41	0.622614
-24.42	0.622581
-24.43	0.622548
-24.44	0.622515
-24.45	0.622482
-24.46	0.622449
-24.47	0.622417
-24.48	0.622384
-24.49	0.622351
-24.5	0.622318
-24.51	0.622285
-24.52	0.622253
-24.53	0.62222
-24.54	0.622187
-24.55	0.622155
-24.56	0.622122
-24.57	0.62209
-24.58	0.622057
-24.59	0.622025
-24.6	0.621992
-24.61	0.62196
-24.62	0.621927
-24.63	0.621895
-24.64	0.621863
-24.65	0.62183
-24.66	0.621798
-24.67	0.621766
-24.68	0.621733
-24.69	0.621701
-24.7	0.621669
-24.71	0.621637
-24.72	0.621605
-24.73	0.621573
-24.74	0.621541
-24.75	0.621509
-24.76	0.621477
-24.77	0.621445
-24.78	0.621413
-24.79	0.621381
-24.8	0.621349
-24.81	0.621317
-24.82	0.621285
-24.83	0.621253
-24.84	0.621221
-24.85	0.62119
-24.86	0.621158
-24.87	0.621126
-24.88	0.621095
-24.89	0.621063
-24.9	0.621031
-24.91	0.621
-24.92	0.620968
-24.93	0.620937
-24.94	0.620905
-24.95	0.620874
-24.96	0.620842
-24.97	0.620811
-24.98	0.62078
-24.99	0.620748
-25	0.620717
-25.01	0.620686
-25.02	0.620654
-25.03	0.620623
-25.04	0.620592
-25.05	0.620561
-25.06	0.620529
-25.07	0.620498
-25.08	0.620467
-25.09	0.620436
-25.1	0.620405
-25.11	0.620374
-25.12	0.620343
-25.13	0.620312
-25.14	0.620281
-25.15	0.62025
-25.16	0.620219
-25.17	0.620188
-25.18	0.620158
-25.19	0.620127
-25.2	0.620096
-25.21	0.620065
-25.22	0.620035
-25.23	0.620004
-25.24	0.619973
-25.25	0.619942
-25.26	0.619912
-25.27	0.619881
-25.28	0.619851
-25.29	0.61982
-25.3	0.61979
-25.31	0.619759
-25.32	0.619729
-25.33	0.619698
-25.34	0.619668
-25.35	0.619637
-25.36	0.619607
-25.37	0.619577
-25.38	0.619547
-25.39	0.619516
-25.4	0.619486
-25.41	0.619456
-25.42	0.619426
-25.43	0.619395
-25.44	0.619365
-25.45	0.619335
-25.46	0.619305
-25.47	0.619275
-25.48	0.619245
-25.49	0.619215
-25.5	0.619185
-25.51	0.619155
-25.52	0.619125
-25.53	0.619095
-25.54	0.619065
-25.55	0.619035
-25.56	0.619006
-25.57	0.618976
-25.58	0.618946
-25.59	0.618916
-25.6	0.618887
-25.61	0.618857
-25.62	0.618827
-25.63	0.618798
-25.64	0.618768
-25.65	0.618738
-25.66	0.618709
-25.67	0.618679
-25.68	0.61865
-25.69	0.61862
-25.7	0.618591
-25.71	0.618561
-25.72	0.618532
-25.73	0.618503
-25.74	0.618473
-25.75	0.618444
-25.76	0.618415
-25.77	0.618385
-25.78	0.618356
-25.79	0.618327
-25.8	0.618298
-25.81	0.618268
-25.82	0.618239
-25.83	0.61821
-25.84	0.618181
-25.85	0.618152
-25.86	0.618123
-25.87	0.618094
-25.88	0.618065
-25.89	0.618036
-25.9	0.618007
-25.91	0.617978
-25.92	0.617949
-25.93	0.61792
-25.94	0.617891
-25.95	0.617862
-25.96	0.617833
-25.97	0.617805
-25.98	0.617776
-25.99	0.617747
-26	0.617718
-26.01	0.61769
-26.02	0.617661
-26.03	0.617632
-26.04	0.617604
-26.05	0.617575
-26.06	0.617547
-26.07	0.617518
-26.08	0.61749
-26.09	0.617461
-26.1	0.617433
-26.11	0.617404
-26.12	0.617376
-26.13	0.617347
-26.14	0.617319
-26.15	0.617291
-26.16	0.617262
-26.17	0.617234
-26.18	0.617206
-26.19	0.617177
-26.2	0.617149
-26.21	0.617121
-26.22	0.617093
-26.23	0.617065
-26.24	0.617036
-26.25	0.617008
-26.26	0.61698
-26.27	0.616952
-26.28	0.616924
-26.29	0.616896
-26.3	0.616868
-26.31	0.61684
-26.32	0.616812
-26.33	0.616784
-26.34	0.616756
-26.35	0.616728
-26.36	0.616701
-26.37	0.616673
-26.38	0.616645
-26.39	0.616617
-26.4	0.616589
-26.41	0.616562
-26.42	0.616534
-26.43	0.616506
-26.44	0.616479
-26.45	0.616451
-26.46	0.616423
-26.47	0.616396
-26.48	0.616368
-26.49	0.616341
-26.5	0.616313
-26.51	0.616286
-26.52	0.616258
-26.53	0.616231
-26.54	0.616203
-26.55	0.616176
-26.56	0.616148
-26.57	0.616121
-26.58	0.616094
-26.59	0.616066
-26.6	0.616039
-26.61	0.616012
-26.62	0.615984
-26.63	0.615957
-26.64	0.61593
-26.65	0.615903
-26.66	0.615876
-26.67	0.615848
-26.68	0.615821
-26.69	0.615794
-26.7	0.615767
-26.71	0.61574
-26.72	0.615713
-26.73	0.615686
-26.74	0.615659
-26.75	0.615632
-26.76	0.615605
-26.77	0.615578
-26.78	0.615551
-26.79	0.615524
-26.8	0.615498
-26.81	0.615471
-26.82	0.615444
-26.83	0.615417
-26.84	0.61539
-26.85	0.615364
-26.86	0.615337
-26.87	0.61531
-26.88	0.615283
-26.89	0.615257
-26.9	0.61523
-26.91	0.615204
-26.92	0.615177
-26.93	0.61515
-26.94	0.615124
-26.95	0.615097
-26.96	0.615071
-26.97	0.615044
-26.98	0.615018
-26.99	0.614991
-27	0.614965
-27.01	0.614939
-27.02	0.614912
-27.03	0.614886
-27.04	0.61486
-27.05	0.614833
-27.06	0.614807
-27.07	0.614781
-27.08	0.614754
-27.09	0.614728
-27.1	0.614702
-27.11	0.614676
-27.12	0.61465
-27.13	0.614623
-27.14	0.614597
-27.15	0.614571
-27.16	0.614545
-27.17	0.614519
-27.18	0.614493
-27.19	0.614467
-27.2	0.614441
-27.21	0.614415
-27.22	0.614389
-27.23	0.614363
-27.24	0.614337
-27.25	0.614311
-27.26	0.614286
-27.27	0.61426
-27.28	0.614234
-27.29	0.614208
-27.3	0.614182
-27.31	0.614156
-27.32	0.614131
-27.33	0.614105
-27.34	0.614079
-27.35	0.614054
-27.36	0.614028
-27.37	0.614002
-27.38	0.613977
-27.39	0.613951
-27.4	0.613926
-27.41	0.6139
-27.42	0.613874
-27.43	0.613849
-27.44	0.613823
-27.45	0.613798
-27.46	0.613773
-27.47	0.613747
-27.48	0.613722
-27.49	0.613696
-27.5	0.613671
-27.51	0.613646
-27.52	0.61362
-27.53	0.613595
-27.54	0.61357
-27.55	0.613544
-27.56	0.613519
-27.57	0.613494
-27.58	0.613469
-27.59	0.613443
-27.6	0.613418
-27.61	0.613393
-27.62	0.613368
-27.63	0.613343
-27.64	0.613318
-27.65	0.613293
-27.66	0.613268
-27.67	0.613243
-27.68	0.613218
-27.69	0.613193
-27.7	0.613168
-27.71	0.613143
-27.72	0.613118
-27.73	0.613093
-27.74	0.613068
-27.75	0.613043
-27.76	0.613018
-27.77	0.612993
-27.78	0.612969
-27.79	0.612944
-27.8	0.612919
-27.81	0.612894
-27.82	0.61287
-27.83	0.612845
-27.84	0.61282
-27.85	0.612795
-27.86	0.612771
-27.87	0.612746
-27.88	0.612722
-27.89	0.612697
-27.9	0.612672
-27.91	0.612648
-27.92	0.612623
-27.93	0.612599
-27.94	0.612574
-27.95	0.61255
-27.96	0.612525
-27.97	0.612501
-27.98	0.612476
-27.99	0.612452
-28	0.612428
-28.01	0.612403
-28.02	0.612379
-28.03	0.612355
-28.04	0.61233
-28.05	0.612306
-28.06	0.612282
-28.07	0.612257
-28.08	0.612233
-28.09	0.612209
-28.1	0.612185
-28.11	0.612161
-28.12	0.612136
-28.13	0.612112
-28.14	0.612088
-28.15	0.612064
-28.16	0.61204
-28.17	0.612016
-28.18	0.611992
-28.19	0.611968
-28.2	0.611944
-28.21	0.61192
-28.22	0.611896
-28.23	0.611872
-28.24	0.611848
-28.25	0.611824
-28.26	0.6118
-28.27	0.611776
-28.28	0.611752
-28.29	0.611729
-28.3	0.611705
-28.31	0.611681
-28.32	0.611657
-28.33	0.611633
-28.34	0.61161
-28.35	0.611586
-28.36	0.611562
-28.37	0.611538
-28.38	0.611515
-28.39	0.611491
-28.4	0.611467
-28.41	0.611444
-28.42	0.61142
-28.43	0.611397
-28.44	0.611373
-28.45	0.61135
-28.46	0.611326
-28.47	0.611302
-28.48	0.611279
-28.49	0.611256
-28.5	0.611232
-28.51	0.611209
-28.52	0.611185
-28.53	0.611162
-28.54	0.611138
-28.55	0.611115
-28.56	0.611092
-28.57	0.611068
-28.58	0.611045
-28.59	0.611022
-28.6	0.610999
-28.61	0.610975
-28.62	0.610952
-28.63	0.610929
-28.64	0.610906
-28.65	0.610882
-28.66	0.610859
-28.67	0.610836
-28.68	0.610813
-28.69	0.61079
-28.7	0.610767
-28.71	0.610744
-28.72	0.610721
-28.73	0.610697
-28.74	0.610674
-28.75	0.610651
-28.76	0.610628
-28.77	0.610605
-28.78	0.610582
-28.79	0.61056
-28.8	0.610537
-28.81	0.610514
-28.82	0.610491
-28.83	0.610468
-28.84	0.610445
-28.85	0.610422
-28.86	0.610399
-28.87	0.610377
-28.88	0.610354
-28.89	0.610331
-28.9	0.610308
-28.91	0.610286
-28.92	0.610263
-28.93	0.61024
-28.94	0.610218
-28.95	0.610195
-28.96	0.610172
-28.97	0.61015
-28.98	0.610127
-28.99	0.610104
-29	0.610082
-29.01	0.610059
-29.02	0.610037
-29.03	0.610014
-29.04	0.609992
-29.05	0.609969
-29.06	0.609947
-29.07	0.609924
-29.08	0.609902
-29.09	0.609879
-29.1	0.609857
-29.11	0.609834
-29.12	0.609812
-29.13	0.60979
-29.14	0.609767
-29.15	0.609745
-29.16	0.609723
-29.17	0.6097
-29.18	0.609678
-29.19	0.609656
-29.2	0.609634
-29.21	0.609611
-29.22	0.609589
-29.23	0.609567
-29.24	0.609545
-29.25	0.609523
-29.26	0.609501
-29.27	0.609478
-29.28	0.609456
-29.29	0.609434
-29.3	0.609412
-29.31	0.60939
-29.32	0.609368
-29.33	0.609346
-29.34	0.609324
-29.35	0.609302
-29.36	0.60928
-29.37	0.609258
-29.38	0.609236
-29.39	0.609214
-29.4	0.609192
-29.41	0.60917
-29.42	0.609149
-29.43	0.609127
-29.44	0.609105
-29.45	0.609083
-29.46	0.609061
-29.47	0.609039
-29.48	0.609018
-29.49	0.608996
-29.5	0.608974
-29.51	0.608952
-29.52	0.608931
-29.53	0.608909
-29.54	0.608887
-29.55	0.608865
-29.56	0.608844
-29.57	0.608822
-29.58	0.608801
-29.59	0.608779
-29.6	0.608757
-29.61	0.608736
-29.62	0.608714
-29.63	0.608693
-29.64	0.608671
-29.65	0.60865
-29.66	0.608628
-29.67	0.608607
-29.68	0.608585
-29.69	0.608564
-29.7	0.608542
-29.71	0.608521
-29.72	0.6085
-29.73	0.608478
-29.74	0.608457
-29.75	0.608435
-29.76	0.608414
-29.77	0.608393
-29.78	0.608371
-29.79	0.60835
-29.8	0.608329
-29.81	0.608308
-29.82	0.608286
-29.83	0.608265
-29.84	0.608244
-29.85	0.608223
-29.86	0.608202
-29.87	0.60818
-29.88	0.608159
-29.89	0.608138
-29.9	0.608117
-29.91	0.608096
-29.92	0.608075
-29.93	0.608054
-29.94	0.608033
-29.95	0.608012
-29.96	0.607991
-29.97	0.60797
-29.98	0.607949
-29.99	0.607928
-30	0.607907
