x	y
30	0.906474
29.99	0.906515
29.98	0.906557
29.97	0.906599
29.96	0.906641
29.95	0.906683
29.94	0.906725
29.93	0.906767
29.92	0.906809
29.91	0.906851
29.9	0.906893
29.89	0.906936
29.88	0.906978
29.87	0.90702
29.86	0.907062
29.85	0.907105
29.84	0.907147
29.83	0.907189
29.82	0.907232
29.81	0.907274
29.8	0.907317
29.79	0.907359
29.78	0.907402
29.77	0.907444
29.76	0.907487
29.75	0.907529
29.74	0.907572
29.73	0.907614
29.72	0.907657
29.71	0.9077
29.7	0.907743
29.69	0.907785
29.68	0.907828
29.67	0.907871
29.66	0.907914
29.65	0.907957
29.64	0.908
29.63	0.908043
29.62	0.908086
29.61	0.908129
29.6	0.908172
29.59	0.908215
29.58	0.908258
29.57	0.908302
29.56	0.908345
29.55	0.908388
29.54	0.908431
29.53	0.908475
29.52	0.908518
29.51	0.908561
29.5	0.908605
29.49	0.908648
29.48	0.908692
29.47	0.908735
29.46	0.908779
29.45	0.908822
29.44	0.908866
29.43	0.90891
29.42	0.908953
29.41	0.908997
29.4	0.909041
29.39	0.909084
29.38	0.909128
29.37	0.909172
29.36	0.909216
29.35	0.90926
29.34	0.909304
29.33	0.909348
29.32	0.909392
29.31	0.909436
29.3	0.90948
29.29	0.909524
29.28	0.909568
29.27	0.909612
29.26	0.909657
29.25	0.909701
29.24	0.909745
29.23	0.90979
29.22	0.909834
29.21	0.909878
29.2	0.909923
29.19	0.909967
29.18	0.910012
29.17	0.910056
29.16	0.910101
29.15	0.910145
29.14	0.91019
29.13	0.910235
29.12	0.910279
29.11	0.910324
29.1	0.910369
29.09	0.910414
29.08	0.910458
29.07	0.910503
29.06	0.910548
29.05	0.910593
29.04	0.910638
29.03	0.910683
29.02	0.910728
29.01	0.910773
29	0.910818
28.99	0.910863
28.98	0.910909
28.97	0.910954
28.96	0.910999
28.95	0.911044
28.94	0.91109
28.93	0.911135
28.92	0.91118
28.91	0.911226
28.9	0.911271
28.89	0.911317
28.88	0.911362
28.87	0.911408
28.86	0.911453
28.85	0.911499
28.84	0.911545
28.83	0.91159
28.82	0.911636
28.81	0.911682
28.8	0.911728
28.79	0.911774
28.78	0.911819
28.77	0.911865
28.76	0.911911
28.75	0.911957
28.74	0.912003
28.73	0.912049
28.72	0.912096
28.71	0.912142
28.7	0.912188
28.69	0.912234
28.68	0.91228
28.67	0.912327
28.66	0.912373
28.65	0.912419
28.64	0.912466
28.63	0.912512
28.62	0.912559
28.61	0.912605
28.6	0.912652
28.59	0.912698
28.58	0.912745
28.57	0.912791
28.56	0.912838
28.55	0.912885
28.54	0.912932
28.53	0.912978
28.52	0.913025
28.51	0.913072
28.5	0.913119
28.49	0.913166
28.48	0.913213
28.47	0.91326
28.46	0.913307
28.45	0.913354
28.44	0.913401
28.43	0.913448
28.42	0.913496
28.41	0.913543
28.4	0.91359
28.39	0.913637
28.38	0.913685
28.37	0.913732
28.36	0.913779
28.35	0.913827
28.34	0.913874
28.33	0.913922
28.32	0.91397
28.31	0.914017
28.3	0.914065
28.29	0.914113
28.28	0.91416
28.27	0.914208
28.26	0.914256
28.25	0.914304
28.24	0.914352
28.23	0.914399
28.22	0.914447
28.21	0.914495
28.2	0.914543
28.19	0.914592
28.18	0.91464
28.17	0.914688
28.16	0.914736
28.15	0.914784
28.14	0.914832
28.13	0.914881
28.12	0.914929
28.11	0.914977
28.1	0.915026
28.09	0.915074
28.08	0.915123
28.07	0.915171
28.06	0.91522
28.05	0.915269
28.04	0.915317
28.03	0.915366
28.02	0.915415
28.01	0.915463
28	0.915512
27.99	0.915561
27.98	0.91561
27.97	0.915659
27.96	0.915708
27.95	0.915757
27.94	0.915806
27.93	0.915855
27.92	0.915904
27.91	0.915953
27.9	0.916002
27.89	0.916052
27.88	0.916101
27.87	0.91615
27.86	0.9162
27.85	0.916249
27.84	0.916299
27.83	0.916348
27.82	0.916398
27.81	0.916447
27.8	0.916497
27.79	0.916546
27.78	0.916596
27.77	0.916646
27.76	0.916695
27.75	0.916745
27.74	0.916795
27.73	0.916845
27.72	0.916895
27.71	0.916945
27.7	0.916995
27.69	0.917045
27.68	0.917095
27.67	0.917145
27.66	0.917195
27.65	0.917246
27.64	0.917296
27.63	0.917346
27.62	0.917396
27.61	0.917447
27.6	0.917497
27.59	0.917548
27.58	0.917598
27.57	0.917649
27.56	0.917699
27.55	0.91775
27.54	0.917801
27.53	0.917851
27.52	0.917902
27.51	0.917953
27.5	0.918004
27.49	0.918055
27.48	0.918105
27.47	0.918156
27.46	0.918207
27.45	0.918258
27.44	0.91831
27.43	0.918361
27.42	0.918412
27.41	0.918463
27.4	0.918514
27.39	0.918566
27.38	0.918617
27.37	0.918668
27.36	0.91872
27.35	0.918771
27.34	0.918823
27.33	0.918874
27.32	0.918926
27.31	0.918977
27.3	0.919029
27.29	0.919081
27.28	0.919133
27.27	0.919184
27.26	0.919236
27.25	0.919288
27.24	0.91934
27.23	0.919392
27.22	0.919444
27.21	0.919496
27.2	0.919548
27.19	0.9196
27.18	0.919653
27.17	0.919705
27.16	0.919757
27.15	0.919809
27.14	0.919862
27.13	0.919914
27.12	0.919967
27.11	0.920019
27.1	0.920072
27.09	0.920124
27.08	0.920177
27.07	0.92023
27.06	0.920282
27.05	0.920335
27.04	0.920388
27.03	0.920441
27.02	0.920494
27.01	0.920547
27	0.9206
26.99	0.920653
26.98	0.920706
26.97	0.920759
26.96	0.920812
26.95	0.920865
26.94	0.920918
26.93	0.920972
26.92	0.921025
26.91	0.921078
26.9	0.921132
26.89	0.921185
26.88	0.921239
26.87	0.921292
26.86	0.921346
26.85	0.9214
26.84	0.921453
26.83	0.921507
26.82	0.921561
26.81	0.921615
26.8	0.921669
26.79	0.921722
26.78	0.921776
26.77	0.92183
26.76	0.921885
26.75	0.921939
26.74	0.921993
26.73	0.922047
26.72	0.922101
26.71	0.922156
26.7	0.92221
26.69	0.922264
26.68	0.922319
26.67	0.922373
26.66	0.922428
26.65	0.922482
26.64	0.922537
26.63	0.922592
26.62	0.922646
26.61	0.922701
26.6	0.922756
26.59	0.922811
26.58	0.922866
26.57	0.922921
26.56	0.922975
26.55	0.923031
26.54	0.923086
26.53	0.923141
26.52	0.923196
26.51	0.923251
26.5	0.923306
26.49	0.923362
26.48	0.923417
26.47	0.923473
26.46	0.923528
26.45	0.923584
26.44	0.923639
26.43	0.923695
26.42	0.92375
26.41	0.923806
26.4	0.923862
26.39	0.923918
26.38	0.923973
26.37	0.924029
26.36	0.924085
26.35	0.924141
26.34	0.924197
26.33	0.924253
26.32	0.924309
26.31	0.924366
26.3	0.924422
26.29	0.924478
26.28	0.924534
26.27	0.924591
26.26	0.924647
26.25	0.924704
26.24	0.92476
26.23	0.924817
26.22	0.924873
26.21	0.92493
26.2	0.924987
26.19	0.925044
26.18	0.9251
26.17	0.925157
26.16	0.925214
26.15	0.925271
26.14	0.925328
26.13	0.925385
26.12	0.925442
26.11	0.9255
26.1	0.925557
26.09	0.925614
26.08	0.925671
26.07	0.925729
26.06	0.925786
26.05	0.925844
26.04	0.925901
26.03	0.925959
26.02	0.926016
26.01	0.926074
26	0.926132
25.99	0.926189
25.98	0.926247
25.97	0.926305
25.96	0.926363
25.95	0.926421
25.94	0.926479
25.93	0.926537
25.92	0.926595
25.91	0.926653
25.9	0.926712
25.89	0.92677
25.88	0.926828
25.87	0.926887
25.86	0.926945
25.85	0.927003
25.84	0.927062
25.83	0.927121
25.82	0.927179
25.81	0.927238
25.8	0.927297
25.79	0.927355
25.78	0.927414
25.77	0.927473
25.76	0.927532
25.75	0.927591
25.74	0.92765
25.73	0.927709
25.72	0.927768
25.71	0.927828
25.7	0.927887
25.69	0.927946
25.68	0.928006
25.67	0.928065
25.66	0.928124
25.65	0.928184
25.64	0.928244
25.63	0.928303
25.62	0.928363
25.61	0.928423
25.6	0.928482
25.59	0.928542
25.58	0.928602
25.57	0.928662
25.56	0.928722
25.55	0.928782
25.54	0.928842
25.53	0.928902
25.52	0.928963
25.51	0.929023
25.5	0.929083
25.49	0.929143
25.48	0.929204
25.47	0.929264
25.46	0.929325
25.45	0.929386
25.44	0.929446
25.43	0.929507
25.42	0.929568
25.41	0.929628
25.4	0.929689
25.39	0.92975
25.38	0.929811
25.37	0.929872
25.36	0.929933
25.35	0.929994
25.34	0.930056
25.33	0.930117
25.32	0.930178
25.31	0.93024
25.3	0.930301
25.29	0.930362
25.28	0.930424
25.27	0.930486
25.26	0.930547
25.25	0.930609
25.24	0.930671
25.23	0.930732
25.22	0.930794
25.21	0.930856
25.2	0.930918
25.19	0.93098
25.18	0.931042
25.17	0.931104
25.16	0.931167
25.15	0.931229
25.14	0.931291
25.13	0.931354
25.12	0.931416
25.11	0.931478
25.1	0.931541
25.09	0.931604
25.08	0.931666
25.07	0.931729
25.06	0.931792
25.05	0.931854
25.04	0.931917
25.03	0.93198
25.02	0.932043
25.01	0.932106
25	0.932169
24.99	0.932233
24.98	0.932296
24.97	0.932359
24.96	0.932423
24.95	0.932486
24.94	0.932549
24.93	0.932613
24.92	0.932676
24.91	0.93274
24.9	0.932804
24.89	0.932868
24.88	0.932931
24.87	0.932995
24.86	0.933059
24.85	0.933123
24.84	0.933187
24.83	0.933251
24.82	0.933315
24.81	0.93338
24.8	0.933444
24.79	0.933508
24.78	0.933573
24.77	0.933637
24.76	0.933702
24.75	0.933766
24.74	0.933831
24.73	0.933895
24.72	0.93396
24.71	0.934025
24.7	0.93409
24.69	0.934155
24.68	0.93422
24.67	0.934285
24.66	0.93435
24.65	0.934415
24.64	0.93448
24.63	0.934546
24.62	0.934611
24.61	0.934677
24.6	0.934742
24.59	0.934808
24.58	0.934873
24.57	0.934939
24.56	0.935005
24.55	0.93507
24.54	0.935136
24.53	0.935202
24.52	0.935268
24.51	0.935334
24.5	0.9354
24.49	0.935466
24.48	0.935533
24.47	0.935599
24.46	0.935665
24.45	0.935732
24.44	0.935798
24.43	0.935865
24.42	0.935931
24.41	0.935998
24.4	0.936065
24.39	0.936131
24.38	0.936198
24.37	0.936265
24.36	0.936332
24.35	0.936399
24.34	0.936466
24.33	0.936533
24.32	0.936601
24.31	0.936668
24.3	0.936735
24.29	0.936803
24.28	0.93687
24.27	0.936938
24.26	0.937005
24.25	0.937073
24.24	0.937141
24.23	0.937208
24.22	0.937276
24.21	0.937344
24.2	0.937412
24.19	0.93748
24.18	0.937548
24.17	0.937617
24.16	0.937685
24.15	0.937753
24.14	0.937821
24.13	0.93789
24.12	0.937958
24.11	0.938027
24.1	0.938096
24.09	0.938164
24.08	0.938233
24.07	0.938302
24.06	0.938371
24.05	0.93844
24.04	0.938509
24.03	0.938578
24.02	0.938647
24.01	0.938716
24	0.938786
23.99	0.938855
23.98	0.938924
23.97	0.938994
23.96	0.939063
23.95	0.939133
23.94	0.939203
23.93	0.939273
23.92	0.939342
23.91	0.939412
23.9	0.939482
23.89	0.939552
23.88	0.939622
23.87	0.939692
23.86	0.939763
23.85	0.939833
23.84	0.939903
23.83	0.939974
23.82	0.940044
23.81	0.940115
23.8	0.940186
23.79	0.940256
23.78	0.940327
23.77	0.940398
23.76	0.940469
23.75	0.94054
23.74	0.940611
23.73	0.940682
23.72	0.940753
23.71	0.940824
23.7	0.940896
23.69	0.940967
23.68	0.941039
23.67	0.94111
23.66	0.941182
23.65	0.941253
23.64	0.941325
23.63	0.941397
23.62	0.941469
23.61	0.941541
23.6	0.941613
23.59	0.941685
23.58	0.941757
23.57	0.941829
23.56	0.941902
23.55	0.941974
23.54	0.942046
23.53	0.942119
23.52	0.942192
23.51	0.942264
23.5	0.942337
23.49	0.94241
23.48	0.942483
23.47	0.942556
23.46	0.942629
23.45	0.942702
23.44	0.942775
23.43	0.942848
23.42	0.942921
23.41	0.942995
23.4	0.943068
23.39	0.943142
23.38	0.943215
23.37	0.943289
23.36	0.943363
23.35	0.943437
23.34	0.943511
23.33	0.943585
23.32	0.943659
23.31	0.943733
23.3	0.943807
23.29	0.943881
23.28	0.943955
23.27	0.94403
23.26	0.944104
23.25	0.944179
23.24	0.944253
23.23	0.944328
23.22	0.944403
23.21	0.944478
23.2	0.944553
23.19	0.944628
23.18	0.944703
23.17	0.944778
23.16	0.944853
23.15	0.944928
23.14	0.945004
23.13	0.945079
23.12	0.945155
23.11	0.94523
23.1	0.945306
23.09	0.945382
23.08	0.945458
23.07	0.945534
23.06	0.94561
23.05	0.945686
23.04	0.945762
23.03	0.945838
23.02	0.945914
23.01	0.945991
23	0.946067
22.99	0.946144
22.98	0.94622
22.97	0.946297
22.96	0.946373
22.95	0.94645
22.94	0.946527
22.93	0.946604
22.92	0.946681
22.91	0.946758
22.9	0.946836
22.89	0.946913
22.88	0.94699
22.87	0.947068
22.86	0.947145
22.85	0.947223
22.84	0.9473
22.83	0.947378
22.82	0.947456
22.81	0.947534
22.8	0.947612
22.79	0.94769
22.78	0.947768
22.77	0.947846
22.76	0.947925
22.75	0.948003
22.74	0.948082
22.73	0.94816
22.72	0.948239
22.71	0.948318
22.7	0.948396
22.69	0.948475
22.68	0.948554
22.67	0.948633
22.66	0.948712
22.65	0.948792
22.64	0.948871
22.63	0.94895
22.62	0.94903
22.61	0.949109
22.6	0.949189
22.59	0.949268
22.58	0.949348
22.57	0.949428
22.56	0.949508
22.55	0.949588
22.54	0.949668
22.53	0.949748
22.52	0.949829
22.51	0.949909
22.5	0.949989
22.49	0.95007
22.48	0.95015
22.47	0.950231
22.46	0.950312
22.45	0.950393
22.44	0.950474
22.43	0.950555
22.42	0.950636
22.41	0.950717
22.4	0.950798
22.39	0.950879
22.38	0.950961
22.37	0.951042
22.36	0.951124
22.35	0.951206
22.34	0.951287
22.33	0.951369
22.32	0.951451
22.31	0.951533
22.3	0.951615
22.29	0.951698
22.28	0.95178
22.27	0.951862
22.26	0.951945
22.25	0.952027
22.24	0.95211
22.23	0.952193
22.22	0.952275
22.21	0.952358
22.2	0.952441
22.19	0.952524
22.18	0.952607
22.17	0.952691
22.16	0.952774
22.15	0.952857
22.14	0.952941
22.13	0.953025
22.12	0.953108
22.11	0.953192
22.1	0.953276
22.09	0.95336
22.08	0.953444
22.07	0.953528
22.06	0.953612
22.05	0.953696
22.04	0.953781
22.03	0.953865
22.02	0.95395
22.01	0.954034
22	0.954119
21.99	0.954204
21.98	0.954289
21.97	0.954374
21.96	0.954459
21.95	0.954544
21.94	0.954629
21.93	0.954715
21.92	0.9548
21.91	0.954886
21.9	0.954971
21.89	0.955057
21.88	0.955143
21.87	0.955229
21.86	0.955315
21.85	0.955401
21.84	0.955487
21.83	0.955573
21.82	0.95566
21.81	0.955746
21.8	0.955833
21.79	0.95592
21.78	0.956006
21.77	0.956093
21.76	0.95618
21.75	0.956267
21.74	0.956354
21.73	0.956441
21.72	0.956529
21.71	0.956616
21.7	0.956704
21.69	0.956791
21.68	0.956879
21.67	0.956967
21.66	0.957055
21.65	0.957142
21.64	0.957231
21.63	0.957319
21.62	0.957407
21.61	0.957495
21.6	0.957584
21.59	0.957672
21.58	0.957761
21.57	0.95785
21.56	0.957938
21.55	0.958027
21.54	0.958116
21.53	0.958206
21.52	0.958295
21.51	0.958384
21.5	0.958473
21.49	0.958563
21.48	0.958653
21.47	0.958742
21.46	0.958832
21.45	0.958922
21.44	0.959012
21.43	0.959102
21.42	0.959192
21.41	0.959282
21.4	0.959373
21.39	0.959463
21.38	0.959554
21.37	0.959645
21.36	0.959735
21.35	0.959826
21.34	0.959917
21.33	0.960008
21.32	0.960099
21.31	0.960191
21.3	0.960282
21.29	0.960374
21.28	0.960465
21.27	0.960557
21.26	0.960649
21.25	0.960741
21.24	0.960833
21.23	0.960925
21.22	0.961017
21.21	0.961109
21.2	0.961201
21.19	0.961294
21.18	0.961387
21.17	0.961479
21.16	0.961572
21.15	0.961665
21.14	0.961758
21.13	0.961851
21.12	0.961944
21.11	0.962038
21.1	0.962131
21.09	0.962225
21.08	0.962318
21.07	0.962412
21.06	0.962506
21.05	0.9626
21.04	0.962694
21.03	0.962788
21.02	0.962882
21.01	0.962976
21	0.963071
20.99	0.963166
20.98	0.96326
20.97	0.963355
20.96	0.96345
20.95	0.963545
20.94	0.96364
20.93	0.963735
20.92	0.96383
20.91	0.963926
20.9	0.964021
20.89	0.964117
20.88	0.964213
20.87	0.964309
20.86	0.964405
20.85	0.964501
20.84	0.964597
20.83	0.964693
20.82	0.96479
20.81	0.964886
20.8	0.964983
20.79	0.965079
20.78	0.965176
20.77	0.965273
20.76	0.96537
20.75	0.965467
20.74	0.965565
20.73	0.965662
20.72	0.965759
20.71	0.965857
20.7	0.965955
20.69	0.966053
20.68	0.966151
20.67	0.966249
20.66	0.966347
20.65	0.966445
20.64	0.966543
20.63	0.966642
20.62	0.96674
20.61	0.966839
20.6	0.966938
20.59	0.967037
20.58	0.967136
20.57	0.967235
20.56	0.967335
20.55	0.967434
20.54	0.967533
20.53	0.967633
20.52	0.967733
20.51	0.967833
20.5	0.967933
20.49	0.968033
20.48	0.968133
20.47	0.968233
20.46	0.968334
20.45	0.968434
20.44	0.968535
20.43	0.968636
20.42	0.968736
20.41	0.968837
20.4	0.968939
20.39	0.96904
20.38	0.969141
20.37	0.969243
20.36	0.969344
20.35	0.969446
20.34	0.969548
20.33	0.96965
20.32	0.969752
20.31	0.969854
20.3	0.969956
20.29	0.970059
20.28	0.970161
20.27	0.970264
20.26	0.970367
20.25	0.97047
20.24	0.970573
20.23	0.970676
20.22	0.970779
20.21	0.970882
20.2	0.970986
20.19	0.97109
20.18	0.971193
20.17	0.971297
20.16	0.971401
20.15	0.971505
20.14	0.971609
20.13	0.971714
20.12	0.971818
20.11	0.971923
20.1	0.972028
20.09	0.972133
20.08	0.972237
20.07	0.972343
20.06	0.972448
20.05	0.972553
20.04	0.972659
20.03	0.972764
20.02	0.97287
20.01	0.972976
20	0.973082
19.99	0.973188
19.98	0.973294
19.97	0.9734
19.96	0.973507
19.95	0.973613
19.94	0.97372
19.93	0.973827
19.92	0.973934
19.91	0.974041
19.9	0.974148
19.89	0.974256
19.88	0.974363
19.87	0.974471
19.86	0.974578
19.85	0.974686
19.84	0.974794
19.83	0.974902
19.82	0.975011
19.81	0.975119
19.8	0.975228
19.79	0.975336
19.78	0.975445
19.77	0.975554
19.76	0.975663
19.75	0.975772
19.74	0.975881
19.73	0.975991
19.72	0.9761
19.71	0.97621
19.7	0.97632
19.69	0.97643
19.68	0.97654
19.67	0.97665
19.66	0.976761
19.65	0.976871
19.64	0.976982
19.63	0.977092
19.62	0.977203
19.61	0.977314
19.6	0.977425
19.59	0.977537
19.58	0.977648
19.57	0.97776
19.56	0.977871
19.55	0.977983
19.54	0.978095
19.53	0.978207
19.52	0.97832
19.51	0.978432
19.5	0.978544
19.49	0.978657
19.48	0.97877
19.47	0.978883
19.46	0.978996
19.45	0.979109
19.44	0.979222
19.43	0.979336
19.42	0.97945
19.41	0.979563
19.4	0.979677
19.39	0.979791
19.38	0.979905
19.37	0.98002
19.36	0.980134
19.35	0.980249
19.34	0.980364
19.33	0.980478
19.32	0.980593
19.31	0.980709
19.3	0.980824
19.29	0.980939
19.28	0.981055
19.27	0.981171
19.26	0.981287
19.25	0.981403
19.24	0.981519
19.23	0.981635
19.22	0.981752
19.21	0.981868
19.2	0.981985
19.19	0.982102
19.18	0.982219
19.17	0.982336
19.16	0.982453
19.15	0.982571
19.14	0.982688
19.13	0.982806
19.12	0.982924
19.11	0.983042
19.1	0.98316
19.09	0.983279
19.08	0.983397
19.07	0.983516
19.06	0.983635
19.05	0.983754
19.04	0.983873
19.03	0.983992
19.02	0.984111
19.01	0.984231
19	0.984351
18.99	0.98447
18.98	0.98459
18.97	0.98471
18.96	0.984831
18.95	0.984951
18.94	0.985072
18.93	0.985193
18.92	0.985313
18.91	0.985435
18.9	0.985556
18.89	0.985677
18.88	0.985799
18.87	0.98592
18.86	0.986042
18.85	0.986164
18.84	0.986286
18.83	0.986408
18.82	0.986531
18.81	0.986654
18.8	0.986776
18.79	0.986899
18.78	0.987022
18.77	0.987145
18.76	0.987269
18.75	0.987392
18.74	0.987516
18.73	0.98764
18.72	0.987764
18.71	0.987888
18.7	0.988012
18.69	0.988137
18.68	0.988262
18.67	0.988386
18.66	0.988511
18.65	0.988636
18.64	0.988762
18.63	0.988887
18.62	0.989013
18.61	0.989139
18.6	0.989265
18.59	0.989391
18.58	0.989517
18.57	0.989643
18.56	0.98977
18.55	0.989897
18.54	0.990024
18.53	0.990151
18.52	0.990278
18.51	0.990405
18.5	0.990533
18.49	0.990661
18.48	0.990789
18.47	0.990917
18.46	0.991045
18.45	0.991173
18.44	0.991302
18.43	0.991431
18.42	0.99156
18.41	0.991689
18.4	0.991818
18.39	0.991947
18.38	0.992077
18.37	0.992207
18.36	0.992337
18.35	0.992467
18.34	0.992597
18.33	0.992727
18.32	0.992858
18.31	0.992989
18.3	0.99312
18.29	0.993251
18.28	0.993382
18.27	0.993513
18.26	0.993645
18.25	0.993777
18.24	0.993909
18.23	0.994041
18.22	0.994173
18.21	0.994306
18.2	0.994439
18.19	0.994571
18.18	0.994704
18.17	0.994838
18.16	0.994971
18.15	0.995105
18.14	0.995238
18.13	0.995372
18.12	0.995506
18.11	0.995641
18.1	0.995775
18.09	0.99591
18.08	0.996045
18.07	0.99618
18.06	0.996315
18.05	0.99645
18.04	0.996586
18.03	0.996721
18.02	0.996857
18.01	0.996993
18	0.99713
17.99	0.997266
17.98	0.997403
17.97	0.997539
17.96	0.997676
17.95	0.997814
17.94	0.997951
17.93	0.998088
17.92	0.998226
17.91	0.998364
17.9	0.998502
17.89	0.998641
17.88	0.998779
17.87	0.998918
17.86	0.999057
17.85	0.999196
17.84	0.999335
17.83	0.999474
17.82	0.999614
17.81	0.999754
17.8	0.999894
17.79	1.00003
17.78	1.00017
17.77	1.00031
17.76	1.00046
17.75	1.0006
17.74	1.00074
17.73	1.00088
17.72	1.00102
17.71	1.00116
17.7	1.0013
17.69	1.00145
17.68	1.00159
17.67	1.00173
17.66	1.00187
17.65	1.00202
17.64	1.00216
17.63	1.0023
17.62	1.00245
17.61	1.00259
17.6	1.00273
17.59	1.00288
17.58	1.00302
17.57	1.00317
17.56	1.00331
17.55	1.00346
17.54	1.0036
17.53	1.00375
17.52	1.00389
17.51	1.00404
17.5	1.00418
17.49	1.00433
17.48	1.00448
17.47	1.00462
17.46	1.00477
17.45	1.00492
17.44	1.00506
17.43	1.00521
17.42	1.00536
17.41	1.00551
17.4	1.00565
17.39	1.0058
17.38	1.00595
17.37	1.0061
17.36	1.00625
17.35	1.0064
17.34	1.00654
17.33	1.00669
17.32	1.00684
17.31	1.00699
17.3	1.00714
17.29	1.00729
17.28	1.00744
17.27	1.00759
17.26	1.00775
17.25	1.0079
17.24	1.00805
17.23	1.0082
17.22	1.00835
17.21	1.0085
17.2	1.00865
17.19	1.00881
17.18	1.00896
17.17	1.00911
17.16	1.00927
17.15	1.00942
17.14	1.00957
17.13	1.00973
17.12	1.00988
17.11	1.01003
17.1	1.01019
17.09	1.01034
17.08	1.0105
17.07	1.01065
17.06	1.01081
17.05	1.01096
17.04	1.01112
17.03	1.01127
17.02	1.01143
17.01	1.01159
17	1.01174
16.99	1.0119
16.98	1.01206
16.97	1.01221
16.96	1.01237
16.95	1.01253
16.94	1.01269
16.93	1.01284
16.92	1.013
16.91	1.01316
16.9	1.01332
16.89	1.01348
16.88	1.01364
16.87	1.0138
16.86	1.01396
16.85	1.01412
16.84	1.01428
16.83	1.01444
16.82	1.0146
16.81	1.01476
16.8	1.01492
16.79	1.01508
16.78	1.01524
16.77	1.01541
16.76	1.01557
16.75	1.01573
16.74	1.01589
16.73	1.01606
16.72	1.01622
16.71	1.01638
16.7	1.01655
16.69	1.01671
16.68	1.01687
16.67	1.01704
16.66	1.0172
16.65	1.01737
16.64	1.01753
16.63	1.0177
16.62	1.01786
16.61	1.01803
16.6	1.01819
16.59	1.01836
16.58	1.01853
16.57	1.01869
16.56	1.01886
16.55	1.01903
16.54	1.01919
16.53	1.01936
16.52	1.01953
16.51	1.0197
16.5	1.01987
16.49	1.02003
16.48	1.0202
16.47	1.02037
16.46	1.02054
16.45	1.02071
16.44	1.02088
16.43	1.02105
16.42	1.02122
16.41	1.02139
16.4	1.02156
16.39	1.02173
16.38	1.02191
16.37	1.02208
16.36	1.02225
16.35	1.02242
16.34	1.02259
16.33	1.02277
16.32	1.02294
16.31	1.02311
16.3	1.02329
16.29	1.02346
16.28	1.02363
16.27	1.02381
16.26	1.02398
16.25	1.02416
16.24	1.02433
16.23	1.02451
16.22	1.02468
16.21	1.02486
16.2	1.02504
16.19	1.02521
16.18	1.02539
16.17	1.02557
16.16	1.02574
16.15	1.02592
16.14	1.0261
16.13	1.02628
16.12	1.02645
16.11	1.02663
16.1	1.02681
16.09	1.02699
16.08	1.02717
16.07	1.02735
16.06	1.02753
16.05	1.02771
16.04	1.02789
16.03	1.02807
16.02	1.02825
16.01	1.02843
16	1.02861
15.99	1.0288
15.98	1.02898
15.97	1.02916
15.96	1.02934
15.95	1.02953
15.94	1.02971
15.93	1.02989
15.92	1.03008
15.91	1.03026
15.9	1.03045
15.89	1.03063
15.88	1.03082
15.87	1.031
15.86	1.03119
15.85	1.03137
15.84	1.03156
15.83	1.03175
15.82	1.03193
15.81	1.03212
15.8	1.03231
15.79	1.03249
15.78	1.03268
15.77	1.03287
15.76	1.03306
15.75	1.03325
15.74	1.03344
15.73	1.03363
15.72	1.03382
15.71	1.03401
15.7	1.0342
15.69	1.03439
15.68	1.03458
15.67	1.03477
15.66	1.03496
15.65	1.03515
15.64	1.03534
15.63	1.03554
15.62	1.03573
15.61	1.03592
15.6	1.03612
15.59	1.03631
15.58	1.0365
15.57	1.0367
15.56	1.03689
15.55	1.03709
15.54	1.03728
15.53	1.03748
15.52	1.03767
15.51	1.03787
15.5	1.03807
15.49	1.03826
15.48	1.03846
15.47	1.03866
15.46	1.03886
15.45	1.03905
15.44	1.03925
15.43	1.03945
15.42	1.03965
15.41	1.03985
15.4	1.04005
15.39	1.04025
15.38	1.04045
15.37	1.04065
15.36	1.04085
15.35	1.04105
15.34	1.04125
15.33	1.04146
15.32	1.04166
15.31	1.04186
15.3	1.04206
15.29	1.04227
15.28	1.04247
15.27	1.04267
15.26	1.04288
15.25	1.04308
15.24	1.04329
15.23	1.04349
15.22	1.0437
15.21	1.04391
15.2	1.04411
15.19	1.04432
15.18	1.04453
15.17	1.04473
15.16	1.04494
15.15	1.04515
15.14	1.04536
15.13	1.04557
15.12	1.04577
15.11	1.04598
15.1	1.04619
15.09	1.0464
15.08	1.04661
15.07	1.04682
15.06	1.04704
15.05	1.04725
15.04	1.04746
15.03	1.04767
15.02	1.04788
15.01	1.0481
15	1.04831
14.99	1.04852
14.98	1.04874
14.97	1.04895
14.96	1.04917
14.95	1.04938
14.94	1.0496
14.93	1.04981
14.92	1.05003
14.91	1.05024
14.9	1.05046
14.89	1.05068
14.88	1.0509
14.87	1.05111
14.86	1.05133
14.85	1.05155
14.84	1.05177
14.83	1.05199
14.82	1.05221
14.81	1.05243
14.8	1.05265
14.79	1.05287
14.78	1.05309
14.77	1.05331
14.76	1.05354
14.75	1.05376
14.74	1.05398
14.73	1.0542
14.72	1.05443
14.71	1.05465
14.7	1.05488
14.69	1.0551
14.68	1.05533
14.67	1.05555
14.66	1.05578
14.65	1.056
14.64	1.05623
14.63	1.05646
14.62	1.05669
14.61	1.05691
14.6	1.05714
14.59	1.05737
14.58	1.0576
14.57	1.05783
14.56	1.05806
14.55	1.05829
14.54	1.05852
14.53	1.05875
14.52	1.05898
14.51	1.05921
14.5	1.05945
14.49	1.05968
14.48	1.05991
14.47	1.06014
14.46	1.06038
14.45	1.06061
14.44	1.06085
14.43	1.06108
14.42	1.06132
14.41	1.06155
14.4	1.06179
14.39	1.06203
14.38	1.06226
14.37	1.0625
14.36	1.06274
14.35	1.06298
14.34	1.06322
14.33	1.06346
14.32	1.0637
14.31	1.06394
14.3	1.06418
14.29	1.06442
14.28	1.06466
14.27	1.0649
14.26	1.06514
14.25	1.06539
14.24	1.06563
14.23	1.06587
14.22	1.06612
14.21	1.06636
14.2	1.06661
14.19	1.06685
14.18	1.0671
14.17	1.06734
14.16	1.06759
14.15	1.06784
14.14	1.06808
14.13	1.06833
14.12	1.06858
14.11	1.06883
14.1	1.06908
14.09	1.06933
14.08	1.06958
14.07	1.06983
14.06	1.07008
14.05	1.07033
14.04	1.07058
14.03	1.07084
14.02	1.07109
14.01	1.07134
14	1.0716
13.99	1.07185
13.98	1.07211
13.97	1.07236
13.96	1.07262
13.95	1.07287
13.94	1.07313
13.93	1.07339
13.92	1.07364
13.91	1.0739
13.9	1.07416
13.89	1.07442
13.88	1.07468
13.87	1.07494
13.86	1.0752
13.85	1.07546
13.84	1.07572
13.83	1.07598
13.82	1.07625
13.81	1.07651
13.8	1.07677
13.79	1.07704
13.78	1.0773
13.77	1.07757
13.76	1.07783
13.75	1.0781
13.74	1.07836
13.73	1.07863
13.72	1.0789
13.71	1.07916
13.7	1.07943
13.69	1.0797
13.68	1.07997
13.67	1.08024
13.66	1.08051
13.65	1.08078
13.64	1.08105
13.63	1.08133
13.62	1.0816
13.61	1.08187
13.6	1.08214
13.59	1.08242
13.58	1.08269
13.57	1.08297
13.56	1.08324
13.55	1.08352
13.54	1.0838
13.53	1.08407
13.52	1.08435
13.51	1.08463
13.5	1.08491
13.49	1.08519
13.48	1.08547
13.47	1.08575
13.46	1.08603
13.45	1.08631
13.44	1.08659
13.43	1.08687
13.42	1.08716
13.41	1.08744
13.4	1.08772
13.39	1.08801
13.38	1.08829
13.37	1.08858
13.36	1.08886
13.35	1.08915
13.34	1.08944
13.33	1.08973
13.32	1.09001
13.31	1.0903
13.3	1.09059
13.29	1.09088
13.28	1.09117
13.27	1.09147
13.26	1.09176
13.25	1.09205
13.24	1.09234
13.23	1.09264
13.22	1.09293
13.21	1.09322
13.2	1.09352
13.19	1.09382
13.18	1.09411
13.17	1.09441
13.16	1.09471
13.15	1.09501
13.14	1.0953
13.13	1.0956
13.12	1.0959
13.11	1.0962
13.1	1.09651
13.09	1.09681
13.08	1.09711
13.07	1.09741
13.06	1.09772
13.05	1.09802
13.04	1.09832
13.03	1.09863
13.02	1.09894
13.01	1.09924
13	1.09955
12.99	1.09986
12.98	1.10017
12.97	1.10047
12.96	1.10078
12.95	1.10109
12.94	1.10141
12.93	1.10172
12.92	1.10203
12.91	1.10234
12.9	1.10266
12.89	1.10297
12.88	1.10328
12.87	1.1036
12.86	1.10392
12.85	1.10423
12.84	1.10455
12.83	1.10487
12.82	1.10519
12.81	1.10551
12.8	1.10583
12.79	1.10615
12.78	1.10647
12.77	1.10679
12.76	1.10711
12.75	1.10743
12.74	1.10776
12.73	1.10808
12.72	1.10841
12.71	1.10873
12.7	1.10906
12.69	1.10939
12.68	1.10972
12.67	1.11004
12.66	1.11037
12.65	1.1107
12.64	1.11103
12.63	1.11136
12.62	1.1117
12.61	1.11203
12.6	1.11236
12.59	1.1127
12.58	1.11303
12.57	1.11337
12.56	1.1137
12.55	1.11404
12.54	1.11438
12.53	1.11472
12.52	1.11505
12.51	1.11539
12.5	1.11573
12.49	1.11608
12.48	1.11642
12.47	1.11676
12.46	1.1171
12.45	1.11745
12.44	1.11779
12.43	1.11814
12.42	1.11848
12.41	1.11883
12.4	1.11918
12.39	1.11953
12.38	1.11988
12.37	1.12023
12.36	1.12058
12.35	1.12093
12.34	1.12128
12.33	1.12163
12.32	1.12199
12.31	1.12234
12.3	1.1227
12.29	1.12305
12.28	1.12341
12.27	1.12377
12.26	1.12412
12.25	1.12448
12.24	1.12484
12.23	1.1252
12.22	1.12556
12.21	1.12593
12.2	1.12629
12.19	1.12665
12.18	1.12702
12.17	1.12738
12.16	1.12775
12.15	1.12812
12.14	1.12848
12.13	1.12885
12.12	1.12922
12.11	1.12959
12.1	1.12996
12.09	1.13033
12.08	1.13071
12.07	1.13108
12.06	1.13145
12.05	1.13183
12.04	1.13221
12.03	1.13258
12.02	1.13296
12.01	1.13334
12	1.13372
11.99	1.1341
11.98	1.13448
11.97	1.13486
11.96	1.13524
11.95	1.13563
11.94	1.13601
11.93	1.1364
11.92	1.13678
11.91	1.13717
11.9	1.13756
11.89	1.13794
11.88	1.13833
11.87	1.13872
11.86	1.13912
11.85	1.13951
11.84	1.1399
11.83	1.14029
11.82	1.14069
11.81	1.14108
11.8	1.14148
11.79	1.14188
11.78	1.14228
11.77	1.14268
11.76	1.14308
11.75	1.14348
11.74	1.14388
11.73	1.14428
11.72	1.14469
11.71	1.14509
11.7	1.1455
11.69	1.1459
11.68	1.14631
11.67	1.14672
11.66	1.14713
11.65	1.14754
11.64	1.14795
11.63	1.14836
11.62	1.14878
11.61	1.14919
11.6	1.14961
11.59	1.15002
11.58	1.15044
11.57	1.15086
11.56	1.15128
11.55	1.1517
11.54	1.15212
11.53	1.15254
11.52	1.15296
11.51	1.15339
11.5	1.15381
11.49	1.15424
11.48	1.15466
11.47	1.15509
11.46	1.15552
11.45	1.15595
11.44	1.15638
11.43	1.15681
11.42	1.15725
11.41	1.15768
11.4	1.15812
11.39	1.15855
11.38	1.15899
11.37	1.15943
11.36	1.15987
11.35	1.16031
11.34	1.16075
11.33	1.16119
11.32	1.16164
11.31	1.16208
11.3	1.16253
11.29	1.16297
11.28	1.16342
11.27	1.16387
11.26	1.16432
11.25	1.16477
11.24	1.16522
11.23	1.16567
11.22	1.16613
11.21	1.16658
11.2	1.16704
11.19	1.1675
11.18	1.16796
11.17	1.16842
11.16	1.16888
11.15	1.16934
11.14	1.1698
11.13	1.17027
11.12	1.17073
11.11	1.1712
11.1	1.17167
11.09	1.17214
11.08	1.17261
11.07	1.17308
11.06	1.17355
11.05	1.17402
11.04	1.1745
11.03	1.17498
11.02	1.17545
11.01	1.17593
11	1.17641
10.99	1.17689
10.98	1.17737
10.97	1.17786
10.96	1.17834
10.95	1.17883
10.94	1.17931
10.93	1.1798
10.92	1.18029
10.91	1.18078
10.9	1.18127
10.89	1.18176
10.88	1.18226
10.87	1.18275
10.86	1.18325
10.85	1.18375
10.84	1.18425
10.83	1.18475
10.82	1.18525
10.81	1.18575
10.8	1.18626
10.79	1.18676
10.78	1.18727
10.77	1.18778
10.76	1.18829
10.75	1.1888
10.74	1.18931
10.73	1.18982
10.72	1.19034
10.71	1.19085
10.7	1.19137
10.69	1.19189
10.68	1.19241
10.67	1.19293
10.66	1.19345
10.65	1.19398
10.64	1.1945
10.63	1.19503
10.62	1.19556
10.61	1.19609
10.6	1.19662
10.59	1.19715
10.58	1.19769
10.57	1.19822
10.56	1.19876
10.55	1.1993
10.54	1.19984
10.53	1.20038
10.52	1.20092
10.51	1.20146
10.5	1.20201
10.49	1.20255
10.48	1.2031
10.47	1.20365
10.46	1.2042
10.45	1.20476
10.44	1.20531
10.43	1.20586
10.42	1.20642
10.41	1.20698
10.4	1.20754
10.39	1.2081
10.38	1.20866
10.37	1.20923
10.36	1.20979
10.35	1.21036
10.34	1.21093
10.33	1.2115
10.32	1.21207
10.31	1.21265
10.3	1.21322
10.29	1.2138
10.28	1.21438
10.27	1.21496
10.26	1.21554
10.25	1.21612
10.24	1.21671
10.23	1.21729
10.22	1.21788
10.21	1.21847
10.2	1.21906
10.19	1.21965
10.18	1.22025
10.17	1.22085
10.16	1.22144
10.15	1.22204
10.14	1.22264
10.13	1.22325
10.12	1.22385
10.11	1.22446
10.1	1.22506
10.09	1.22567
10.08	1.22629
10.07	1.2269
10.06	1.22751
10.05	1.22813
10.04	1.22875
10.03	1.22937
10.02	1.22999
10.01	1.23061
10	1.23124
9.99	1.23186
9.98	1.23249
9.97	1.23312
9.96	1.23376
9.95	1.23439
9.94	1.23503
9.93	1.23566
9.92	1.2363
9.91	1.23694
9.9	1.23759
9.89	1.23823
9.88	1.23888
9.87	1.23953
9.86	1.24018
9.85	1.24083
9.84	1.24149
9.83	1.24214
9.82	1.2428
9.81	1.24346
9.8	1.24412
9.79	1.24479
9.78	1.24545
9.77	1.24612
9.76	1.24679
9.75	1.24746
9.74	1.24814
9.73	1.24881
9.72	1.24949
9.71	1.25017
9.7	1.25085
9.69	1.25154
9.68	1.25222
9.67	1.25291
9.66	1.2536
9.65	1.25429
9.64	1.25498
9.63	1.25568
9.62	1.25638
9.61	1.25708
9.6	1.25778
9.59	1.25849
9.58	1.25919
9.57	1.2599
9.56	1.26061
9.55	1.26133
9.54	1.26204
9.53	1.26276
9.52	1.26348
9.51	1.2642
9.5	1.26492
9.49	1.26565
9.48	1.26638
9.47	1.26711
9.46	1.26784
9.45	1.26858
9.44	1.26931
9.43	1.27005
9.42	1.27079
9.41	1.27154
9.4	1.27229
9.39	1.27303
9.38	1.27379
9.37	1.27454
9.36	1.27529
9.35	1.27605
9.34	1.27681
9.33	1.27758
9.32	1.27834
9.31	1.27911
9.3	1.27988
9.29	1.28065
9.28	1.28143
9.27	1.2822
9.26	1.28298
9.25	1.28376
9.24	1.28455
9.23	1.28534
9.22	1.28613
9.21	1.28692
9.2	1.28771
9.19	1.28851
9.18	1.28931
9.17	1.29011
9.16	1.29092
9.15	1.29172
9.14	1.29253
9.13	1.29335
9.12	1.29416
9.11	1.29498
9.1	1.2958
9.09	1.29662
9.08	1.29745
9.07	1.29828
9.06	1.29911
9.05	1.29994
9.04	1.30078
9.03	1.30162
9.02	1.30246
9.01	1.30331
9	1.30416
8.99	1.30501
8.98	1.30586
8.97	1.30672
8.96	1.30757
8.95	1.30844
8.94	1.3093
8.93	1.31017
8.92	1.31104
8.91	1.31191
8.9	1.31279
8.89	1.31367
8.88	1.31455
8.87	1.31544
8.86	1.31632
8.85	1.31721
8.84	1.31811
8.83	1.31901
8.82	1.31991
8.81	1.32081
8.8	1.32172
8.79	1.32262
8.78	1.32354
8.77	1.32445
8.76	1.32537
8.75	1.32629
8.74	1.32722
8.73	1.32815
8.72	1.32908
8.71	1.33001
8.7	1.33095
8.69	1.33189
8.68	1.33284
8.67	1.33378
8.66	1.33473
8.65	1.33569
8.64	1.33665
8.63	1.33761
8.62	1.33857
8.61	1.33954
8.6	1.34051
8.59	1.34148
8.58	1.34246
8.57	1.34344
8.56	1.34443
8.55	1.34542
8.54	1.34641
8.53	1.3474
8.52	1.3484
8.51	1.3494
8.5	1.35041
8.49	1.35142
8.48	1.35243
8.47	1.35345
8.46	1.35447
8.45	1.35549
8.44	1.35652
8.43	1.35755
8.42	1.35859
8.41	1.35963
8.4	1.36067
8.39	1.36172
8.38	1.36277
8.37	1.36382
8.36	1.36488
8.35	1.36594
8.34	1.36701
8.33	1.36808
8.32	1.36915
8.31	1.37023
8.3	1.37131
8.29	1.37239
8.28	1.37348
8.27	1.37458
8.26	1.37568
8.25	1.37678
8.24	1.37788
8.23	1.37899
8.22	1.38011
8.21	1.38123
8.2	1.38235
8.19	1.38348
8.18	1.38461
8.17	1.38574
8.16	1.38688
8.15	1.38803
8.14	1.38918
8.13	1.39033
8.12	1.39149
8.11	1.39265
8.1	1.39381
8.09	1.39498
8.08	1.39616
8.07	1.39734
8.06	1.39852
8.05	1.39971
8.04	1.40091
8.03	1.4021
8.02	1.40331
8.01	1.40451
8	1.40573
7.99	1.40694
7.98	1.40817
7.97	1.40939
7.96	1.41062
7.95	1.41186
7.94	1.4131
7.93	1.41435
7.92	1.4156
7.91	1.41685
7.9	1.41811
7.89	1.41938
7.88	1.42065
7.87	1.42193
7.86	1.42321
7.85	1.42449
7.84	1.42579
7.83	1.42708
7.82	1.42839
7.81	1.42969
7.8	1.431
7.79	1.43232
7.78	1.43365
7.77	1.43497
7.76	1.43631
7.75	1.43765
7.74	1.43899
7.73	1.44034
7.72	1.4417
7.71	1.44306
7.7	1.44443
7.69	1.4458
7.68	1.44718
7.67	1.44857
7.66	1.44996
7.65	1.45135
7.64	1.45276
7.63	1.45416
7.62	1.45558
7.61	1.457
7.6	1.45842
7.59	1.45985
7.58	1.46129
7.57	1.46274
7.56	1.46419
7.55	1.46564
7.54	1.46711
7.53	1.46858
7.52	1.47005
7.51	1.47153
7.5	1.47302
7.49	1.47451
7.48	1.47602
7.47	1.47752
7.46	1.47904
7.45	1.48056
7.44	1.48208
7.43	1.48362
7.42	1.48516
7.41	1.48671
7.4	1.48826
7.39	1.48982
7.38	1.49139
7.37	1.49297
7.36	1.49455
7.35	1.49614
7.34	1.49773
7.33	1.49934
7.32	1.50095
7.31	1.50256
7.3	1.50419
7.29	1.50582
7.28	1.50746
7.27	1.50911
7.26	1.51076
7.25	1.51243
7.24	1.5141
7.23	1.51577
7.22	1.51746
7.21	1.51915
7.2	1.52085
7.19	1.52256
7.18	1.52428
7.17	1.526
7.16	1.52773
7.15	1.52947
7.14	1.53122
7.13	1.53298
7.12	1.53474
7.11	1.53652
7.1	1.5383
7.09	1.54009
7.08	1.54189
7.07	1.54369
7.06	1.54551
7.05	1.54733
7.04	1.54917
7.03	1.55101
7.02	1.55286
7.01	1.55472
7	1.55659
6.99	1.55846
6.98	1.56035
6.97	1.56225
6.96	1.56415
6.95	1.56606
6.94	1.56799
6.93	1.56992
6.92	1.57186
6.91	1.57382
6.9	1.57578
6.89	1.57775
6.88	1.57973
6.87	1.58172
6.86	1.58372
6.85	1.58573
6.84	1.58775
6.83	1.58978
6.82	1.59182
6.81	1.59388
6.8	1.59594
6.79	1.59801
6.78	1.60009
6.77	1.60219
6.76	1.60429
6.75	1.60641
6.74	1.60853
6.73	1.61067
6.72	1.61282
6.71	1.61498
6.7	1.61715
6.69	1.61933
6.68	1.62152
6.67	1.62372
6.66	1.62594
6.65	1.62817
6.64	1.63041
6.63	1.63266
6.62	1.63492
6.61	1.63719
6.6	1.63948
6.59	1.64178
6.58	1.64409
6.57	1.64641
6.56	1.64875
6.55	1.6511
6.54	1.65346
6.53	1.65583
6.52	1.65822
6.51	1.66062
6.5	1.66303
6.49	1.66546
6.48	1.6679
6.47	1.67035
6.46	1.67282
6.45	1.6753
6.44	1.67779
6.43	1.6803
6.42	1.68282
6.41	1.68536
6.4	1.68791
6.39	1.69047
6.38	1.69305
6.37	1.69565
6.36	1.69826
6.35	1.70088
6.34	1.70352
6.33	1.70617
6.32	1.70884
6.31	1.71152
6.3	1.71422
6.29	1.71693
6.28	1.71967
6.27	1.72241
6.26	1.72517
6.25	1.72795
6.24	1.73075
6.23	1.73356
6.22	1.73639
6.21	1.73923
6.2	1.74209
6.19	1.74497
6.18	1.74786
6.17	1.75078
6.16	1.75371
6.15	1.75666
6.14	1.75962
6.13	1.76261
6.12	1.76561
6.11	1.76863
6.1	1.77167
6.09	1.77472
6.08	1.7778
6.07	1.78089
6.06	1.78401
6.05	1.78714
6.04	1.79029
6.03	1.79347
6.02	1.79666
6.01	1.79987
6	1.8031
5.99	1.80636
5.98	1.80963
5.97	1.81292
5.96	1.81624
5.95	1.81957
5.94	1.82293
5.93	1.82631
5.92	1.82971
5.91	1.83314
5.9	1.83658
5.89	1.84005
5.88	1.84354
5.87	1.84706
5.86	1.85059
5.85	1.85415
5.84	1.85774
5.83	1.86134
5.82	1.86498
5.81	1.86863
5.8	1.87231
5.79	1.87602
5.78	1.87975
5.77	1.8835
5.76	1.88728
5.75	1.89109
5.74	1.89492
5.73	1.89878
5.72	1.90267
5.71	1.90658
5.7	1.91052
5.69	1.91449
5.68	1.91849
5.67	1.92251
5.66	1.92656
5.65	1.93064
5.64	1.93475
5.63	1.93889
5.62	1.94306
5.61	1.94726
5.6	1.95148
5.59	1.95574
5.58	1.96003
5.57	1.96435
5.56	1.96871
5.55	1.97309
5.54	1.97751
5.53	1.98196
5.52	1.98644
5.51	1.99095
5.5	1.9955
5.49	2.00009
5.48	2.0047
5.47	2.00936
5.46	2.01404
5.45	2.01877
5.44	2.02353
5.43	2.02832
5.42	2.03316
5.41	2.03803
5.4	2.04293
5.39	2.04788
5.38	2.05287
5.37	2.05789
5.36	2.06295
5.35	2.06806
5.34	2.0732
5.33	2.07839
5.32	2.08362
5.31	2.08889
5.3	2.0942
5.29	2.09955
5.28	2.10495
5.27	2.11039
5.26	2.11588
5.25	2.12141
5.24	2.12699
5.23	2.13262
5.22	2.13829
5.21	2.14401
5.2	2.14978
5.19	2.15559
5.18	2.16146
5.17	2.16738
5.16	2.17334
5.15	2.17936
5.14	2.18543
5.13	2.19156
5.12	2.19773
5.11	2.20396
5.1	2.21025
5.09	2.21659
5.08	2.22299
5.07	2.22945
5.06	2.23596
5.05	2.24253
5.04	2.24916
5.03	2.25586
5.02	2.26261
5.01	2.26943
5	2.27631
4.99	2.28325
4.98	2.29026
4.97	2.29733
4.96	2.30447
4.95	2.31168
4.94	2.31896
4.93	2.3263
4.92	2.33372
4.91	2.34121
4.9	2.34877
4.89	2.35641
4.88	2.36412
4.87	2.37191
4.86	2.37977
4.85	2.38772
4.84	2.39574
4.83	2.40384
4.82	2.41203
4.81	2.4203
4.8	2.42866
4.79	2.4371
4.78	2.44563
4.77	2.45425
4.76	2.46296
4.75	2.47176
4.74	2.48066
4.73	2.48965
4.72	2.49874
4.71	2.50792
4.7	2.51721
4.69	2.5266
4.68	2.53609
4.67	2.54569
4.66	2.55539
4.65	2.56521
4.64	2.57513
4.63	2.58517
4.62	2.59532
4.61	2.60559
4.6	2.61598
4.59	2.6265
4.58	2.63713
4.57	2.64789
4.56	2.65878
4.55	2.66981
4.54	2.68096
4.53	2.69225
4.52	2.70368
4.51	2.71525
4.5	2.72697
4.49	2.73883
4.48	2.75084
4.47	2.76301
4.46	2.77533
4.45	2.78781
4.44	2.80046
4.43	2.81327
4.42	2.82625
4.41	2.83941
4.4	2.85274
4.39	2.86625
4.38	2.87995
4.37	2.89384
4.36	2.90792
4.35	2.9222
4.34	2.93668
4.33	2.95137
4.32	2.96628
4.31	2.9814
4.3	2.99674
4.29	3.01231
4.28	3.02811
4.27	3.04415
4.26	3.06044
4.25	3.07698
4.24	3.09377
4.23	3.11083
4.22	3.12817
4.21	3.14578
4.2	3.16367
4.19	3.18186
4.18	3.20036
4.17	3.21916
4.16	3.23828
4.15	3.25773
4.14	3.27752
4.13	3.29766
4.12	3.31815
4.11	3.33902
4.1	3.36026
4.09	3.3819
4.08	3.40394
4.07	3.4264
4.06	3.44929
4.05	3.47262
4.04	3.49642
4.03	3.52069
4.02	3.54546
4.01	3.57073
4	3.59653
3.99	3.62289
3.98	3.6498
3.97	3.67731
3.96	3.70543
3.95	3.73419
3.94	3.76361
3.93	3.79372
3.92	3.82454
3.91	3.85611
3.9	3.88846
3.89	3.92163
3.88	3.95565
3.87	3.99056
3.86	4.0264
3.85	4.06322
3.84	4.10107
3.83	4.14
3.82	4.18006
3.81	4.22132
3.8	4.26384
3.79	4.3077
3.78	4.35296
3.77	4.39972
3.76	4.44807
3.75	4.49811
3.74	4.54995
3.73	4.6037
3.72	4.65952
3.71	4.71754
3.7	4.77793
3.69	4.84089
3.68	4.90661
3.67	4.97533
3.66	5.04732
3.65	5.12289
3.64	5.20238
3.63	5.28619
3.62	5.3748
3.61	5.46874
3.6	5.56866
3.59	5.67534
3.58	5.7897
3.57	5.91288
3.56	6.04629
3.55	6.19169
3.54	6.35137
3.53	6.52833
3.52	6.72662
3.51	6.95191
3.5	7.21248
3.49	7.52112
3.48	7.89918
3.47	8.38637
3.46	9.07076
3.45	10.2258
3.44	15.4239
-3.44	15.4239
-3.45	10.2258
-3.46	9.07076
-3.47	8.38637
-3.48	7.89918
-3.49	7.52112
-3.5	7.21248
-3.51	6.95191
-3.52	6.72662
-3.53	6.52833
-3.54	6.35137
-3.55	6.19169
-3.56	6.04629
-3.57	5.91288
-3.58	5.7897
-3.59	5.67534
-3.6	5.56866
-3.61	5.46874
-3.62	5.3748
-3.63	5.28619
-3.64	5.20238
-3.65	5.12289
-3.66	5.04732
-3.67	4.97533
-3.68	4.90661
-3.69	4.84089
-3.7	4.77793
-3.71	4.71754
-3.72	4.65952
-3.73	4.6037
-3.74	4.54995
-3.75	4.49811
-3.76	4.44807
-3.77	4.39972
-3.78	4.35296
-3.79	4.3077
-3.8	4.26384
-3.81	4.22132
-3.82	4.18006
-3.83	4.14
-3.84	4.10107
-3.85	4.06322
-3.86	4.0264
-3.87	3.99056
-3.88	3.95565
-3.89	3.92163
-3.9	3.88846
-3.91	3.85611
-3.92	3.82454
-3.93	3.79372
-3.94	3.76361
-3.95	3.73419
-3.96	3.70543
-3.97	3.67731
-3.98	3.6498
-3.99	3.62289
-4	3.59653
-4.01	3.57073
-4.02	3.54546
-4.03	3.52069
-4.04	3.49642
-4.05	3.47262
-4.06	3.44929
-4.07	3.4264
-4.08	3.40394
-4.09	3.3819
-4.1	3.36026
-4.11	3.33902
-4.12	3.31815
-4.13	3.29766
-4.14	3.27752
-4.15	3.25773
-4.16	3.23828
-4.17	3.21916
-4.18	3.20036
-4.19	3.18186
-4.2	3.16367
-4.21	3.14578
-4.22	3.12817
-4.23	3.11083
-4.24	3.09377
-4.25	3.07698
-4.26	3.06044
-4.27	3.04415
-4.28	3.02811
-4.29	3.01231
-4.3	2.99674
-4.31	2.9814
-4.32	2.96628
-4.33	2.95137
-4.34	2.93668
-4.35	2.9222
-4.36	2.90792
-4.37	2.89384
-4.38	2.87995
-4.39	2.86625
-4.4	2.85274
-4.41	2.83941
-4.42	2.82625
-4.43	2.81327
-4.44	2.80046
-4.45	2.78781
-4.46	2.77533
-4.47	2.76301
-4.48	2.75084
-4.49	2.73883
-4.5	2.72697
-4.51	2.71525
-4.52	2.70368
-4.53	2.69225
-4.54	2.68096
-4.55	2.66981
-4.56	2.65878
-4.57	2.64789
-4.58	2.63713
-4.59	2.6265
-4.6	2.61598
-4.61	2.60559
-4.62	2.59532
-4.63	2.58517
-4.64	2.57513
-4.65	2.56521
-4.66	2.55539
-4.67	2.54569
-4.68	2.53609
-4.69	2.5266
-4.7	2.51721
-4.71	2.50792
-4.72	2.49874
-4.73	2.48965
-4.74	2.48066
-4.75	2.47176
-4.76	2.46296
-4.77	2.45425
-4.78	2.44563
-4.79	2.4371
-4.8	2.42866
-4.81	2.4203
-4.82	2.41203
-4.83	2.40384
-4.84	2.39574
-4.85	2.38772
-4.86	2.37977
-4.87	2.37191
-4.88	2.36412
-4.89	2.35641
-4.9	2.34877
-4.91	2.34121
-4.92	2.33372
-4.93	2.3263
-4.94	2.31896
-4.95	2.31168
-4.96	2.30447
-4.97	2.29733
-4.98	2.29026
-4.99	2.28325
-5	2.27631
-5.01	2.26943
-5.02	2.26261
-5.03	2.25586
-5.04	2.24916
-5.05	2.24253
-5.06	2.23596
-5.07	2.22945
-5.08	2.22299
-5.09	2.21659
-5.1	2.21025
-5.11	2.20396
-5.12	2.19773
-5.13	2.19156
-5.14	2.18543
-5.15	2.17936
-5.16	2.17334
-5.17	2.16738
-5.18	2.16146
-5.19	2.15559
-5.2	2.14978
-5.21	2.14401
-5.22	2.13829
-5.23	2.13262
-5.24	2.12699
-5.25	2.12141
-5.26	2.11588
-5.27	2.11039
-5.28	2.10495
-5.29	2.09955
-5.3	2.0942
-5.31	2.08889
-5.32	2.08362
-5.33	2.07839
-5.34	2.0732
-5.35	2.06806
-5.36	2.06295
-5.37	2.05789
-5.38	2.05287
-5.39	2.04788
-5.4	2.04293
-5.41	2.03803
-5.42	2.03316
-5.43	2.02832
-5.44	2.02353
-5.45	2.01877
-5.46	2.01404
-5.47	2.00936
-5.48	2.0047
-5.49	2.00009
-5.5	1.9955
-5.51	1.99095
-5.52	1.98644
-5.53	1.98196
-5.54	1.97751
-5.55	1.97309
-5.56	1.96871
-5.57	1.96435
-5.58	1.96003
-5.59	1.95574
-5.6	1.95148
-5.61	1.94726
-5.62	1.94306
-5.63	1.93889
-5.64	1.93475
-5.65	1.93064
-5.66	1.92656
-5.67	1.92251
-5.68	1.91849
-5.69	1.91449
-5.7	1.91052
-5.71	1.90658
-5.72	1.90267
-5.73	1.89878
-5.74	1.89492
-5.75	1.89109
-5.76	1.88728
-5.77	1.8835
-5.78	1.87975
-5.79	1.87602
-5.8	1.87231
-5.81	1.86863
-5.82	1.86498
-5.83	1.86134
-5.84	1.85774
-5.85	1.85415
-5.86	1.85059
-5.87	1.84706
-5.88	1.84354
-5.89	1.84005
-5.9	1.83658
-5.91	1.83314
-5.92	1.82971
-5.93	1.82631
-5.94	1.82293
-5.95	1.81957
-5.96	1.81624
-5.97	1.81292
-5.98	1.80963
-5.99	1.80636
-6	1.8031
-6.01	1.79987
-6.02	1.79666
-6.03	1.79347
-6.04	1.79029
-6.05	1.78714
-6.06	1.78401
-6.07	1.78089
-6.08	1.7778
-6.09	1.77472
-6.1	1.77167
-6.11	1.76863
-6.12	1.76561
-6.13	1.76261
-6.14	1.75962
-6.15	1.75666
-6.16	1.75371
-6.17	1.75078
-6.18	1.74786
-6.19	1.74497
-6.2	1.74209
-6.21	1.73923
-6.22	1.73639
-6.23	1.73356
-6.24	1.73075
-6.25	1.72795
-6.26	1.72517
-6.27	1.72241
-6.28	1.71967
-6.29	1.71693
-6.3	1.71422
-6.31	1.71152
-6.32	1.70884
-6.33	1.70617
-6.34	1.70352
-6.35	1.70088
-6.36	1.69826
-6.37	1.69565
-6.38	1.69305
-6.39	1.69047
-6.4	1.68791
-6.41	1.68536
-6.42	1.68282
-6.43	1.6803
-6.44	1.67779
-6.45	1.6753
-6.46	1.67282
-6.47	1.67035
-6.48	1.6679
-6.49	1.66546
-6.5	1.66303
-6.51	1.66062
-6.52	1.65822
-6.53	1.65583
-6.54	1.65346
-6.55	1.6511
-6.56	1.64875
-6.57	1.64641
-6.58	1.64409
-6.59	1.64178
-6.6	1.63948
-6.61	1.63719
-6.62	1.63492
-6.63	1.63266
-6.64	1.63041
-6.65	1.62817
-6.66	1.62594
-6.67	1.62372
-6.68	1.62152
-6.69	1.61933
-6.7	1.61715
-6.71	1.61498
-6.72	1.61282
-6.73	1.61067
-6.74	1.60853
-6.75	1.60641
-6.76	1.60429
-6.77	1.60219
-6.78	1.60009
-6.79	1.59801
-6.8	1.59594
-6.81	1.59388
-6.82	1.59182
-6.83	1.58978
-6.84	1.58775
-6.85	1.58573
-6.86	1.58372
-6.87	1.58172
-6.88	1.57973
-6.89	1.57775
-6.9	1.57578
-6.91	1.57382
-6.92	1.57186
-6.93	1.56992
-6.94	1.56799
-6.95	1.56606
-6.96	1.56415
-6.97	1.56225
-6.98	1.56035
-6.99	1.55846
-7	1.55659
-7.01	1.55472
-7.02	1.55286
-7.03	1.55101
-7.04	1.54917
-7.05	1.54733
-7.06	1.54551
-7.07	1.54369
-7.08	1.54189
-7.09	1.54009
-7.1	1.5383
-7.11	1.53652
-7.12	1.53474
-7.13	1.53298
-7.14	1.53122
-7.15	1.52947
-7.16	1.52773
-7.17	1.526
-7.18	1.52428
-7.19	1.52256
-7.2	1.52085
-7.21	1.51915
-7.22	1.51746
-7.23	1.51577
-7.24	1.5141
-7.25	1.51243
-7.26	1.51076
-7.27	1.50911
-7.28	1.50746
-7.29	1.50582
-7.3	1.50419
-7.31	1.50256
-7.32	1.50095
-7.33	1.49934
-7.34	1.49773
-7.35	1.49614
-7.36	1.49455
-7.37	1.49297
-7.38	1.49139
-7.39	1.48982
-7.4	1.48826
-7.41	1.48671
-7.42	1.48516
-7.43	1.48362
-7.44	1.48208
-7.45	1.48056
-7.46	1.47904
-7.47	1.47752
-7.48	1.47602
-7.49	1.47451
-7.5	1.47302
-7.51	1.47153
-7.52	1.47005
-7.53	1.46858
-7.54	1.46711
-7.55	1.46564
-7.56	1.46419
-7.57	1.46274
-7.58	1.46129
-7.59	1.45985
-7.6	1.45842
-7.61	1.457
-7.62	1.45558
-7.63	1.45416
-7.64	1.45276
-7.65	1.45135
-7.66	1.44996
-7.67	1.44857
-7.68	1.44718
-7.69	1.4458
-7.7	1.44443
-7.71	1.44306
-7.72	1.4417
-7.73	1.44034
-7.74	1.43899
-7.75	1.43765
-7.76	1.43631
-7.77	1.43497
-7.78	1.43365
-7.79	1.43232
-7.8	1.431
-7.81	1.42969
-7.82	1.42839
-7.83	1.42708
-7.84	1.42579
-7.85	1.42449
-7.86	1.42321
-7.87	1.42193
-7.88	1.42065
-7.89	1.41938
-7.9	1.41811
-7.91	1.41685
-7.92	1.4156
-7.93	1.41435
-7.94	1.4131
-7.95	1.41186
-7.96	1.41062
-7.97	1.40939
-7.98	1.40817
-7.99	1.40694
-8	1.40573
-8.01	1.40451
-8.02	1.40331
-8.03	1.4021
-8.04	1.40091
-8.05	1.39971
-8.06	1.39852
-8.07	1.39734
-8.08	1.39616
-8.09	1.39498
-8.1	1.39381
-8.11	1.39265
-8.12	1.39149
-8.13	1.39033
-8.14	1.38918
-8.15	1.38803
-8.16	1.38688
-8.17	1.38574
-8.18	1.38461
-8.19	1.38348
-8.2	1.38235
-8.21	1.38123
-8.22	1.38011
-8.23	1.37899
-8.24	1.37788
-8.25	1.37678
-8.26	1.37568
-8.27	1.37458
-8.28	1.37348
-8.29	1.37239
-8.3	1.37131
-8.31	1.37023
-8.32	1.36915
-8.33	1.36808
-8.34	1.36701
-8.35	1.36594
-8.36	1.36488
-8.37	1.36382
-8.38	1.36277
-8.39	1.36172
-8.4	1.36067
-8.41	1.35963
-8.42	1.35859
-8.43	1.35755
-8.44	1.35652
-8.45	1.35549
-8.46	1.35447
-8.47	1.35345
-8.48	1.35243
-8.49	1.35142
-8.5	1.35041
-8.51	1.3494
-8.52	1.3484
-8.53	1.3474
-8.54	1.34641
-8.55	1.34542
-8.56	1.34443
-8.57	1.34344
-8.58	1.34246
-8.59	1.34148
-8.6	1.34051
-8.61	1.33954
-8.62	1.33857
-8.63	1.33761
-8.64	1.33665
-8.65	1.33569
-8.66	1.33473
-8.67	1.33378
-8.68	1.33284
-8.69	1.33189
-8.7	1.33095
-8.71	1.33001
-8.72	1.32908
-8.73	1.32815
-8.74	1.32722
-8.75	1.32629
-8.76	1.32537
-8.77	1.32445
-8.78	1.32354
-8.79	1.32262
-8.8	1.32172
-8.81	1.32081
-8.82	1.31991
-8.83	1.31901
-8.84	1.31811
-8.85	1.31721
-8.86	1.31632
-8.87	1.31544
-8.88	1.31455
-8.89	1.31367
-8.9	1.31279
-8.91	1.31191
-8.92	1.31104
-8.93	1.31017
-8.94	1.3093
-8.95	1.30844
-8.96	1.30757
-8.97	1.30672
-8.98	1.30586
-8.99	1.30501
-9	1.30416
-9.01	1.30331
-9.02	1.30246
-9.03	1.30162
-9.04	1.30078
-9.05	1.29994
-9.06	1.29911
-9.07	1.29828
-9.08	1.29745
-9.09	1.29662
-9.1	1.2958
-9.11	1.29498
-9.12	1.29416
-9.13	1.29335
-9.14	1.29253
-9.15	1.29172
-9.16	1.29092
-9.17	1.29011
-9.18	1.28931
-9.19	1.28851
-9.2	1.28771
-9.21	1.28692
-9.22	1.28613
-9.23	1.28534
-9.24	1.28455
-9.25	1.28376
-9.26	1.28298
-9.27	1.2822
-9.28	1.28143
-9.29	1.28065
-9.3	1.27988
-9.31	1.27911
-9.32	1.27834
-9.33	1.27758
-9.34	1.27681
-9.35	1.27605
-9.36	1.27529
-9.37	1.27454
-9.38	1.27379
-9.39	1.27303
-9.4	1.27229
-9.41	1.27154
-9.42	1.27079
-9.43	1.27005
-9.44	1.26931
-9.45	1.26858
-9.46	1.26784
-9.47	1.26711
-9.48	1.26638
-9.49	1.26565
-9.5	1.26492
-9.51	1.2642
-9.52	1.26348
-9.53	1.26276
-9.54	1.26204
-9.55	1.26133
-9.56	1.26061
-9.57	1.2599
-9.58	1.25919
-9.59	1.25849
-9.6	1.25778
-9.61	1.25708
-9.62	1.25638
-9.63	1.25568
-9.64	1.25498
-9.65	1.25429
-9.66	1.2536
-9.67	1.25291
-9.68	1.25222
-9.69	1.25154
-9.7	1.25085
-9.71	1.25017
-9.72	1.24949
-9.73	1.24881
-9.74	1.24814
-9.75	1.24746
-9.76	1.24679
-9.77	1.24612
-9.78	1.24545
-9.79	1.24479
-9.8	1.24412
-9.81	1.24346
-9.82	1.2428
-9.83	1.24214
-9.84	1.24149
-9.85	1.24083
-9.86	1.24018
-9.87	1.23953
-9.88	1.23888
-9.89	1.23823
-9.9	1.23759
-9.91	1.23694
-9.92	1.2363
-9.93	1.23566
-9.94	1.23503
-9.95	1.23439
-9.96	1.23376
-9.97	1.23312
-9.98	1.23249
-9.99	1.23186
-10	1.23124
-10.01	1.23061
-10.02	1.22999
-10.03	1.22937
-10.04	1.22875
-10.05	1.22813
-10.06	1.22751
-10.07	1.2269
-10.08	1.22629
-10.09	1.22567
-10.1	1.22506
-10.11	1.22446
-10.12	1.22385
-10.13	1.22325
-10.14	1.22264
-10.15	1.22204
-10.16	1.22144
-10.17	1.22085
-10.18	1.22025
-10.19	1.21965
-10.2	1.21906
-10.21	1.21847
-10.22	1.21788
-10.23	1.21729
-10.24	1.21671
-10.25	1.21612
-10.26	1.21554
-10.27	1.21496
-10.28	1.21438
-10.29	1.2138
-10.3	1.21322
-10.31	1.21265
-10.32	1.21207
-10.33	1.2115
-10.34	1.21093
-10.35	1.21036
-10.36	1.20979
-10.37	1.20923
-10.38	1.20866
-10.39	1.2081
-10.4	1.20754
-10.41	1.20698
-10.42	1.20642
-10.43	1.20586
-10.44	1.20531
-10.45	1.20476
-10.46	1.2042
-10.47	1.20365
-10.48	1.2031
-10.49	1.20255
-10.5	1.20201
-10.51	1.20146
-10.52	1.20092
-10.53	1.20038
-10.54	1.19984
-10.55	1.1993
-10.56	1.19876
-10.57	1.19822
-10.58	1.19769
-10.59	1.19715
-10.6	1.19662
-10.61	1.19609
-10.62	1.19556
-10.63	1.19503
-10.64	1.1945
-10.65	1.19398
-10.66	1.19345
-10.67	1.19293
-10.68	1.19241
-10.69	1.19189
-10.7	1.19137
-10.71	1.19085
-10.72	1.19034
-10.73	1.18982
-10.74	1.18931
-10.75	1.1888
-10.76	1.18829
-10.77	1.18778
-10.78	1.18727
-10.79	1.18676
-10.8	1.18626
-10.81	1.18575
-10.82	1.18525
-10.83	1.18475
-10.84	1.18425
-10.85	1.18375
-10.86	1.18325
-10.87	1.18275
-10.88	1.18226
-10.89	1.18176
-10.9	1.18127
-10.91	1.18078
-10.92	1.18029
-10.93	1.1798
-10.94	1.17931
-10.95	1.17883
-10.96	1.17834
-10.97	1.17786
-10.98	1.17737
-10.99	1.17689
-11	1.17641
-11.01	1.17593
-11.02	1.17545
-11.03	1.17498
-11.04	1.1745
-11.05	1.17402
-11.06	1.17355
-11.07	1.17308
-11.08	1.17261
-11.09	1.17214
-11.1	1.17167
-11.11	1.1712
-11.12	1.17073
-11.13	1.17027
-11.14	1.1698
-11.15	1.16934
-11.16	1.16888
-11.17	1.16842
-11.18	1.16796
-11.19	1.1675
-11.2	1.16704
-11.21	1.16658
-11.22	1.16613
-11.23	1.16567
-11.24	1.16522
-11.25	1.16477
-11.26	1.16432
-11.27	1.16387
-11.28	1.16342
-11.29	1.16297
-11.3	1.16253
-11.31	1.16208
-11.32	1.16164
-11.33	1.16119
-11.34	1.16075
-11.35	1.16031
-11.36	1.15987
-11.37	1.15943
-11.38	1.15899
-11.39	1.15855
-11.4	1.15812
-11.41	1.15768
-11.42	1.15725
-11.43	1.15681
-11.44	1.15638
-11.45	1.15595
-11.46	1.15552
-11.47	1.15509
-11.48	1.15466
-11.49	1.15424
-11.5	1.15381
-11.51	1.15339
-11.52	1.15296
-11.53	1.15254
-11.54	1.15212
-11.55	1.1517
-11.56	1.15128
-11.57	1.15086
-11.58	1.15044
-11.59	1.15002
-11.6	1.14961
-11.61	1.14919
-11.62	1.14878
-11.63	1.14836
-11.64	1.14795
-11.65	1.14754
-11.66	1.14713
-11.67	1.14672
-11.68	1.14631
-11.69	1.1459
-11.7	1.1455
-11.71	1.14509
-11.72	1.14469
-11.73	1.14428
-11.74	1.14388
-11.75	1.14348
-11.76	1.14308
-11.77	1.14268
-11.78	1.14228
-11.79	1.14188
-11.8	1.14148
-11.81	1.14108
-11.82	1.14069
-11.83	1.14029
-11.84	1.1399
-11.85	1.13951
-11.86	1.13912
-11.87	1.13872
-11.88	1.13833
-11.89	1.13794
-11.9	1.13756
-11.91	1.13717
-11.92	1.13678
-11.93	1.1364
-11.94	1.13601
-11.95	1.13563
-11.96	1.13524
-11.97	1.13486
-11.98	1.13448
-11.99	1.1341
-12	1.13372
-12.01	1.13334
-12.02	1.13296
-12.03	1.13258
-12.04	1.13221
-12.05	1.13183
-12.06	1.13145
-12.07	1.13108
-12.08	1.13071
-12.09	1.13033
-12.1	1.12996
-12.11	1.12959
-12.12	1.12922
-12.13	1.12885
-12.14	1.12848
-12.15	1.12812
-12.16	1.12775
-12.17	1.12738
-12.18	1.12702
-12.19	1.12665
-12.2	1.12629
-12.21	1.12593
-12.22	1.12556
-12.23	1.1252
-12.24	1.12484
-12.25	1.12448
-12.26	1.12412
-12.27	1.12377
-12.28	1.12341
-12.29	1.12305
-12.3	1.1227
-12.31	1.12234
-12.32	1.12199
-12.33	1.12163
-12.34	1.12128
-12.35	1.12093
-12.36	1.12058
-12.37	1.12023
-12.38	1.11988
-12.39	1.11953
-12.4	1.11918
-12.41	1.11883
-12.42	1.11848
-12.43	1.11814
-12.44	1.11779
-12.45	1.11745
-12.46	1.1171
-12.47	1.11676
-12.48	1.11642
-12.49	1.11608
-12.5	1.11573
-12.51	1.11539
-12.52	1.11505
-12.53	1.11472
-12.54	1.11438
-12.55	1.11404
-12.56	1.1137
-12.57	1.11337
-12.58	1.11303
-12.59	1.1127
-12.6	1.11236
-12.61	1.11203
-12.62	1.1117
-12.63	1.11136
-12.64	1.11103
-12.65	1.1107
-12.66	1.11037
-12.67	1.11004
-12.68	1.10972
-12.69	1.10939
-12.7	1.10906
-12.71	1.10873
-12.72	1.10841
-12.73	1.10808
-12.74	1.10776
-12.75	1.10743
-12.76	1.10711
-12.77	1.10679
-12.78	1.10647
-12.79	1.10615
-12.8	1.10583
-12.81	1.10551
-12.82	1.10519
-12.83	1.10487
-12.84	1.10455
-12.85	1.10423
-12.86	1.10392
-12.87	1.1036
-12.88	1.10328
-12.89	1.10297
-12.9	1.10266
-12.91	1.10234
-12.92	1.10203
-12.93	1.10172
-12.94	1.10141
-12.95	1.10109
-12.96	1.10078
-12.97	1.10047
-12.98	1.10017
-12.99	1.09986
-13	1.09955
-13.01	1.09924
-13.02	1.09894
-13.03	1.09863
-13.04	1.09832
-13.05	1.09802
-13.06	1.09772
-13.07	1.09741
-13.08	1.09711
-13.09	1.09681
-13.1	1.09651
-13.11	1.0962
-13.12	1.0959
-13.13	1.0956
-13.14	1.0953
-13.15	1.09501
-13.16	1.09471
-13.17	1.09441
-13.18	1.09411
-13.19	1.09382
-13.2	1.09352
-13.21	1.09322
-13.22	1.09293
-13.23	1.09264
-13.24	1.09234
-13.25	1.09205
-13.26	1.09176
-13.27	1.09147
-13.28	1.09117
-13.29	1.09088
-13.3	1.09059
-13.31	1.0903
-13.32	1.09001
-13.33	1.08973
-13.34	1.08944
-13.35	1.08915
-13.36	1.08886
-13.37	1.08858
-13.38	1.08829
-13.39	1.08801
-13.4	1.08772
-13.41	1.08744
-13.42	1.08716
-13.43	1.08687
-13.44	1.08659
-13.45	1.08631
-13.46	1.08603
-13.47	1.08575
-13.48	1.08547
-13.49	1.08519
-13.5	1.08491
-13.51	1.08463
-13.52	1.08435
-13.53	1.08407
-13.54	1.0838
-13.55	1.08352
-13.56	1.08324
-13.57	1.08297
-13.58	1.08269
-13.59	1.08242
-13.6	1.08214
-13.61	1.08187
-13.62	1.0816
-13.63	1.08133
-13.64	1.08105
-13.65	1.08078
-13.66	1.08051
-13.67	1.08024
-13.68	1.07997
-13.69	1.0797
-13.7	1.07943
-13.71	1.07916
-13.72	1.0789
-13.73	1.07863
-13.74	1.07836
-13.75	1.0781
-13.76	1.07783
-13.77	1.07757
-13.78	1.0773
-13.79	1.07704
-13.8	1.07677
-13.81	1.07651
-13.82	1.07625
-13.83	1.07598
-13.84	1.07572
-13.85	1.07546
-13.86	1.0752
-13.87	1.07494
-13.88	1.07468
-13.89	1.07442
-13.9	1.07416
-13.91	1.0739
-13.92	1.07364
-13.93	1.07339
-13.94	1.07313
-13.95	1.07287
-13.96	1.07262
-13.97	1.07236
-13.98	1.07211
-13.99	1.07185
-14	1.0716
-14.01	1.07134
-14.02	1.07109
-14.03	1.07084
-14.04	1.07058
-14.05	1.07033
-14.06	1.07008
-14.07	1.06983
-14.08	1.06958
-14.09	1.06933
-14.1	1.06908
-14.11	1.06883
-14.12	1.06858
-14.13	1.06833
-14.14	1.06808
-14.15	1.06784
-14.16	1.06759
-14.17	1.06734
-14.18	1.0671
-14.19	1.06685
-14.2	1.06661
-14.21	1.06636
-14.22	1.06612
-14.23	1.06587
-14.24	1.06563
-14.25	1.06539
-14.26	1.06514
-14.27	1.0649
-14.28	1.06466
-14.29	1.06442
-14.3	1.06418
-14.31	1.06394
-14.32	1.0637
-14.33	1.06346
-14.34	1.06322
-14.35	1.06298
-14.36	1.06274
-14.37	1.0625
-14.38	1.06226
-14.39	1.06203
-14.4	1.06179
-14.41	1.06155
-14.42	1.06132
-14.43	1.06108
-14.44	1.06085
-14.45	1.06061
-14.46	1.06038
-14.47	1.06014
-14.48	1.05991
-14.49	1.05968
-14.5	1.05945
-14.51	1.05921
-14.52	1.05898
-14.53	1.05875
-14.54	1.05852
-14.55	1.05829
-14.56	1.05806
-14.57	1.05783
-14.58	1.0576
-14.59	1.05737
-14.6	1.05714
-14.61	1.05691
-14.62	1.05669
-14.63	1.05646
-14.64	1.05623
-14.65	1.056
-14.66	1.05578
-14.67	1.05555
-14.68	1.05533
-14.69	1.0551
-14.7	1.05488
-14.71	1.05465
-14.72	1.05443
-14.73	1.0542
-14.74	1.05398
-14.75	1.05376
-14.76	1.05354
-14.77	1.05331
-14.78	1.05309
-14.79	1.05287
-14.8	1.05265
-14.81	1.05243
-14.82	1.05221
-14.83	1.05199
-14.84	1.05177
-14.85	1.05155
-14.86	1.05133
-14.87	1.05111
-14.88	1.0509
-14.89	1.05068
-14.9	1.05046
-14.91	1.05024
-14.92	1.05003
-14.93	1.04981
-14.94	1.0496
-14.95	1.04938
-14.96	1.04917
-14.97	1.04895
-14.98	1.04874
-14.99	1.04852
-15	1.04831
-15.01	1.0481
-15.02	1.04788
-15.03	1.04767
-15.04	1.04746
-15.05	1.04725
-15.06	1.04704
-15.07	1.04682
-15.08	1.04661
-15.09	1.0464
-15.1	1.04619
-15.11	1.04598
-15.12	1.04577
-15.13	1.04557
-15.14	1.04536
-15.15	1.04515
-15.16	1.04494
-15.17	1.04473
-15.18	1.04453
-15.19	1.04432
-15.2	1.04411
-15.21	1.04391
-15.22	1.0437
-15.23	1.04349
-15.24	1.04329
-15.25	1.04308
-15.26	1.04288
-15.27	1.04267
-15.28	1.04247
-15.29	1.04227
-15.3	1.04206
-15.31	1.04186
-15.32	1.04166
-15.33	1.04146
-15.34	1.04125
-15.35	1.04105
-15.36	1.04085
-15.37	1.04065
-15.38	1.04045
-15.39	1.04025
-15.4	1.04005
-15.41	1.03985
-15.42	1.03965
-15.43	1.03945
-15.44	1.03925
-15.45	1.03905
-15.46	1.03886
-15.47	1.03866
-15.48	1.03846
-15.49	1.03826
-15.5	1.03807
-15.51	1.03787
-15.52	1.03767
-15.53	1.03748
-15.54	1.03728
-15.55	1.03709
-15.56	1.03689
-15.57	1.0367
-15.58	1.0365
-15.59	1.03631
-15.6	1.03612
-15.61	1.03592
-15.62	1.03573
-15.63	1.03554
-15.64	1.03534
-15.65	1.03515
-15.66	1.03496
-15.67	1.03477
-15.68	1.03458
-15.69	1.03439
-15.7	1.0342
-15.71	1.03401
-15.72	1.03382
-15.73	1.03363
-15.74	1.03344
-15.75	1.03325
-15.76	1.03306
-15.77	1.03287
-15.78	1.03268
-15.79	1.03249
-15.8	1.03231
-15.81	1.03212
-15.82	1.03193
-15.83	1.03175
-15.84	1.03156
-15.85	1.03137
-15.86	1.03119
-15.87	1.031
-15.88	1.03082
-15.89	1.03063
-15.9	1.03045
-15.91	1.03026
-15.92	1.03008
-15.93	1.02989
-15.94	1.02971
-15.95	1.02953
-15.96	1.02934
-15.97	1.02916
-15.98	1.02898
-15.99	1.0288
-16	1.02861
-16.01	1.02843
-16.02	1.02825
-16.03	1.02807
-16.04	1.02789
-16.05	1.02771
-16.06	1.02753
-16.07	1.02735
-16.08	1.02717
-16.09	1.02699
-16.1	1.02681
-16.11	1.02663
-16.12	1.02645
-16.13	1.02628
-16.14	1.0261
-16.15	1.02592
-16.16	1.02574
-16.17	1.02557
-16.18	1.02539
-16.19	1.02521
-16.2	1.02504
-16.21	1.02486
-16.22	1.02468
-16.23	1.02451
-16.24	1.02433
-16.25	1.02416
-16.26	1.02398
-16.27	1.02381
-16.28	1.02363
-16.29	1.02346
-16.3	1.02329
-16.31	1.02311
-16.32	1.02294
-16.33	1.02277
-16.34	1.02259
-16.35	1.02242
-16.36	1.02225
-16.37	1.02208
-16.38	1.02191
-16.39	1.02173
-16.4	1.02156
-16.41	1.02139
-16.42	1.02122
-16.43	1.02105
-16.44	1.02088
-16.45	1.02071
-16.46	1.02054
-16.47	1.02037
-16.48	1.0202
-16.49	1.02003
-16.5	1.01987
-16.51	1.0197
-16.52	1.01953
-16.53	1.01936
-16.54	1.01919
-16.55	1.01903
-16.56	1.01886
-16.57	1.01869
-16.58	1.01853
-16.59	1.01836
-16.6	1.01819
-16.61	1.01803
-16.62	1.01786
-16.63	1.0177
-16.64	1.01753
-16.65	1.01737
-16.66	1.0172
-16.67	1.01704
-16.68	1.01687
-16.69	1.01671
-16.7	1.01655
-16.71	1.01638
-16.72	1.01622
-16.73	1.01606
-16.74	1.01589
-16.75	1.01573
-16.76	1.01557
-16.77	1.01541
-16.78	1.01524
-16.79	1.01508
-16.8	1.01492
-16.81	1.01476
-16.82	1.0146
-16.83	1.01444
-16.84	1.01428
-16.85	1.01412
-16.86	1.01396
-16.87	1.0138
-16.88	1.01364
-16.89	1.01348
-16.9	1.01332
-16.91	1.01316
-16.92	1.013
-16.93	1.01284
-16.94	1.01269
-16.95	1.01253
-16.96	1.01237
-16.97	1.01221
-16.98	1.01206
-16.99	1.0119
-17	1.01174
-17.01	1.01159
-17.02	1.01143
-17.03	1.01127
-17.04	1.01112
-17.05	1.01096
-17.06	1.01081
-17.07	1.01065
-17.08	1.0105
-17.09	1.01034
-17.1	1.01019
-17.11	1.01003
-17.12	1.00988
-17.13	1.00973
-17.14	1.00957
-17.15	1.00942
-17.16	1.00927
-17.17	1.00911
-17.18	1.00896
-17.19	1.00881
-17.2	1.00865
-17.21	1.0085
-17.22	1.00835
-17.23	1.0082
-17.24	1.00805
-17.25	1.0079
-17.26	1.00775
-17.27	1.00759
-17.28	1.00744
-17.29	1.00729
-17.3	1.00714
-17.31	1.00699
-17.32	1.00684
-17.33	1.00669
-17.34	1.00654
-17.35	1.0064
-17.36	1.00625
-17.37	1.0061
-17.38	1.00595
-17.39	1.0058
-17.4	1.00565
-17.41	1.00551
-17.42	1.00536
-17.43	1.00521
-17.44	1.00506
-17.45	1.00492
-17.46	1.00477
-17.47	1.00462
-17.48	1.00448
-17.49	1.00433
-17.5	1.00418
-17.51	1.00404
-17.52	1.00389
-17.53	1.00375
-17.54	1.0036
-17.55	1.00346
-17.56	1.00331
-17.57	1.00317
-17.58	1.00302
-17.59	1.00288
-17.6	1.00273
-17.61	1.00259
-17.62	1.00245
-17.63	1.0023
-17.64	1.00216
-17.65	1.00202
-17.66	1.00187
-17.67	1.00173
-17.68	1.00159
-17.69	1.00145
-17.7	1.0013
-17.71	1.00116
-17.72	1.00102
-17.73	1.00088
-17.74	1.00074
-17.75	1.0006
-17.76	1.00046
-17.77	1.00031
-17.78	1.00017
-17.79	1.00003
-17.8	0.999894
-17.81	0.999754
-17.82	0.999614
-17.83	0.999474
-17.84	0.999335
-17.85	0.999196
-17.86	0.999057
-17.87	0.998918
-17.88	0.998779
-17.89	0.998641
-17.9	0.998502
-17.91	0.998364
-17.92	0.998226
-17.93	0.998088
-17.94	0.997951
-17.95	0.997814
-17.96	0.997676
-17.97	0.997539
-17.98	0.997403
-17.99	0.997266
-18	0.99713
-18.01	0.996993
-18.02	0.996857
-18.03	0.996721
-18.04	0.996586
-18.05	0.99645
-18.06	0.996315
-18.07	0.99618
-18.08	0.996045
-18.09	0.99591
-18.1	0.995775
-18.11	0.995641
-18.12	0.995506
-18.13	0.995372
-18.14	0.995238
-18.15	0.995105
-18.16	0.994971
-18.17	0.994838
-18.18	0.994704
-18.19	0.994571
-18.2	0.994439
-18.21	0.994306
-18.22	0.994173
-18.23	0.994041
-18.24	0.993909
-18.25	0.993777
-18.26	0.993645
-18.27	0.993513
-18.28	0.993382
-18.29	0.993251
-18.3	0.99312
-18.31	0.992989
-18.32	0.992858
-18.33	0.992727
-18.34	0.992597
-18.35	0.992467
-18.36	0.992337
-18.37	0.992207
-18.38	0.992077
-18.39	0.991947
-18.4	0.991818
-18.41	0.991689
-18.42	0.99156
-18.43	0.991431
-18.44	0.991302
-18.45	0.991173
-18.46	0.991045
-18.47	0.990917
-18.48	0.990789
-18.49	0.990661
-18.5	0.990533
-18.51	0.990405
-18.52	0.990278
-18.53	0.990151
-18.54	0.990024
-18.55	0.989897
-18.56	0.98977
-18.57	0.989643
-18.58	0.989517
-18.59	0.989391
-18.6	0.989265
-18.61	0.989139
-18.62	0.989013
-18.63	0.988887
-18.64	0.988762
-18.65	0.988636
-18.66	0.988511
-18.67	0.988386
-18.68	0.988262
-18.69	0.988137
-18.7	0.988012
-18.71	0.987888
-18.72	0.987764
-18.73	0.98764
-18.74	0.987516
-18.75	0.987392
-18.76	0.987269
-18.77	0.987145
-18.78	0.987022
-18.79	0.986899
-18.8	0.986776
-18.81	0.986654
-18.82	0.986531
-18.83	0.986408
-18.84	0.986286
-18.85	0.986164
-18.86	0.986042
-18.87	0.98592
-18.88	0.985799
-18.89	0.985677
-18.9	0.985556
-18.91	0.985435
-18.92	0.985313
-18.93	0.985193
-18.94	0.985072
-18.95	0.984951
-18.96	0.984831
-18.97	0.98471
-18.98	0.98459
-18.99	0.98447
-19	0.984351
-19.01	0.984231
-19.02	0.984111
-19.03	0.983992
-19.04	0.983873
-19.05	0.983754
-19.06	0.983635
-19.07	0.983516
-19.08	0.983397
-19.09	0.983279
-19.1	0.98316
-19.11	0.983042
-19.12	0.982924
-19.13	0.982806
-19.14	0.982688
-19.15	0.982571
-19.16	0.982453
-19.17	0.982336
-19.18	0.982219
-19.19	0.982102
-19.2	0.981985
-19.21	0.981868
-19.22	0.981752
-19.23	0.981635
-19.24	0.981519
-19.25	0.981403
-19.26	0.981287
-19.27	0.981171
-19.28	0.981055
-19.29	0.980939
-19.3	0.980824
-19.31	0.980709
-19.32	0.980593
-19.33	0.980478
-19.34	0.980364
-19.35	0.980249
-19.36	0.980134
-19.37	0.98002
-19.38	0.979905
-19.39	0.979791
-19.4	0.979677
-19.41	0.979563
-19.42	0.97945
-19.43	0.979336
-19.44	0.979222
-19.45	0.979109
-19.46	0.978996
-19.47	0.978883
-19.48	0.97877
-19.49	0.978657
-19.5	0.978544
-19.51	0.978432
-19.52	0.97832
-19.53	0.978207
-19.54	0.978095
-19.55	0.977983
-19.56	0.977871
-19.57	0.97776
-19.58	0.977648
-19.59	0.977537
-19.6	0.977425
-19.61	0.977314
-19.62	0.977203
-19.63	0.977092
-19.64	0.976982
-19.65	0.976871
-19.66	0.976761
-19.67	0.97665
-19.68	0.97654
-19.69	0.97643
-19.7	0.97632
-19.71	0.97621
-19.72	0.9761
-19.73	0.975991
-19.74	0.975881
-19.75	0.975772
-19.76	0.975663
-19.77	0.975554
-19.78	0.975445
-19.79	0.975336
-19.8	0.975228
-19.81	0.975119
-19.82	0.975011
-19.83	0.974902
-19.84	0.974794
-19.85	0.974686
-19.86	0.974578
-19.87	0.974471
-19.88	0.974363
-19.89	0.974256
-19.9	0.974148
-19.91	0.974041
-19.92	0.973934
-19.93	0.973827
-19.94	0.97372
-19.95	0.973613
-19.96	0.973507
-19.97	0.9734
-19.98	0.973294
-19.99	0.973188
-20	0.973082
-20.01	0.972976
-20.02	0.97287
-20.03	0.972764
-20.04	0.972659
-20.05	0.972553
-20.06	0.972448
-20.07	0.972343
-20.08	0.972237
-20.09	0.972133
-20.1	0.972028
-20.11	0.971923
-20.12	0.971818
-20.13	0.971714
-20.14	0.971609
-20.15	0.971505
-20.16	0.971401
-20.17	0.971297
-20.18	0.971193
-20.19	0.97109
-20.2	0.970986
-20.21	0.970882
-20.22	0.970779
-20.23	0.970676
-20.24	0.970573
-20.25	0.97047
-20.26	0.970367
-20.27	0.970264
-20.28	0.970161
-20.29	0.970059
-20.3	0.969956
-20.31	0.969854
-20.32	0.969752
-20.33	0.96965
-20.34	0.969548
-20.35	0.969446
-20.36	0.969344
-20.37	0.969243
-20.38	0.969141
-20.39	0.96904
-20.4	0.968939
-20.41	0.968837
-20.42	0.968736
-20.43	0.968636
-20.44	0.968535
-20.45	0.968434
-20.46	0.968334
-20.47	0.968233
-20.48	0.968133
-20.49	0.968033
-20.5	0.967933
-20.51	0.967833
-20.52	0.967733
-20.53	0.967633
-20.54	0.967533
-20.55	0.967434
-20.56	0.967335
-20.57	0.967235
-20.58	0.967136
-20.59	0.967037
-20.6	0.966938
-20.61	0.966839
-20.62	0.96674
-20.63	0.966642
-20.64	0.966543
-20.65	0.966445
-20.66	0.966347
-20.67	0.966249
-20.68	0.966151
-20.69	0.966053
-20.7	0.965955
-20.71	0.965857
-20.72	0.965759
-20.73	0.965662
-20.74	0.965565
-20.75	0.965467
-20.76	0.96537
-20.77	0.965273
-20.78	0.965176
-20.79	0.965079
-20.8	0.964983
-20.81	0.964886
-20.82	0.96479
-20.83	0.964693
-20.84	0.964597
-20.85	0.964501
-20.86	0.964405
-20.87	0.964309
-20.88	0.964213
-20.89	0.964117
-20.9	0.964021
-20.91	0.963926
-20.92	0.96383
-20.93	0.963735
-20.94	0.96364
-20.95	0.963545
-20.96	0.96345
-20.97	0.963355
-20.98	0.96326
-20.99	0.963166
-21	0.963071
-21.01	0.962976
-21.02	0.962882
-21.03	0.962788
-21.04	0.962694
-21.05	0.9626
-21.06	0.962506
-21.07	0.962412
-21.08	0.962318
-21.09	0.962225
-21.1	0.962131
-21.11	0.962038
-21.12	0.961944
-21.13	0.961851
-21.14	0.961758
-21.15	0.961665
-21.16	0.961572
-21.17	0.961479
-21.18	0.961387
-21.19	0.961294
-21.2	0.961201
-21.21	0.961109
-21.22	0.961017
-21.23	0.960925
-21.24	0.960833
-21.25	0.960741
-21.26	0.960649
-21.27	0.960557
-21.28	0.960465
-21.29	0.960374
-21.3	0.960282
-21.31	0.960191
-21.32	0.960099
-21.33	0.960008
-21.34	0.959917
-21.35	0.959826
-21.36	0.959735
-21.37	0.959645
-21.38	0.959554
-21.39	0.959463
-21.4	0.959373
-21.41	0.959282
-21.42	0.959192
-21.43	0.959102
-21.44	0.959012
-21.45	0.958922
-21.46	0.958832
-21.47	0.958742
-21.48	0.958653
-21.49	0.958563
-21.5	0.958473
-21.51	0.958384
-21.52	0.958295
-21.53	0.958206
-21.54	0.958116
-21.55	0.958027
-21.56	0.957938
-21.57	0.95785
-21.58	0.957761
-21.59	0.957672
-21.6	0.957584
-21.61	0.957495
-21.62	0.957407
-21.63	0.957319
-21.64	0.957231
-21.65	0.957142
-21.66	0.957055
-21.67	0.956967
-21.68	0.956879
-21.69	0.956791
-21.7	0.956704
-21.71	0.956616
-21.72	0.956529
-21.73	0.956441
-21.74	0.956354
-21.75	0.956267
-21.76	0.95618
-21.77	0.956093
-21.78	0.956006
-21.79	0.95592
-21.8	0.955833
-21.81	0.955746
-21.82	0.95566
-21.83	0.955573
-21.84	0.955487
-21.85	0.955401
-21.86	0.955315
-21.87	0.955229
-21.88	0.955143
-21.89	0.955057
-21.9	0.954971
-21.91	0.954886
-21.92	0.9548
-21.93	0.954715
-21.94	0.954629
-21.95	0.954544
-21.96	0.954459
-21.97	0.954374
-21.98	0.954289
-21.99	0.954204
-22	0.954119
-22.01	0.954034
-22.02	0.95395
-22.03	0.953865
-22.04	0.953781
-22.05	0.953696
-22.06	0.953612
-22.07	0.953528
-22.08	0.953444
-22.09	0.95336
-22.1	0.953276
-22.11	0.953192
-22.12	0.953108
-22.13	0.953025
-22.14	0.952941
-22.15	0.952857
-22.16	0.952774
-22.17	0.952691
-22.18	0.952607
-22.19	0.952524
-22.2	0.952441
-22.21	0.952358
-22.22	0.952275
-22.23	0.952193
-22.24	0.95211
-22.25	0.952027
-22.26	0.951945
-22.27	0.951862
-22.28	0.95178
-22.29	0.951698
-22.3	0.951615
-22.31	0.951533
-22.32	0.951451
-22.33	0.951369
-22.34	0.951287
-22.35	0.951206
-22.36	0.951124
-22.37	0.951042
-22.38	0.950961
-22.39	0.950879
-22.4	0.950798
-22.41	0.950717
-22.42	0.950636
-22.43	0.950555
-22.44	0.950474
-22.45	0.950393
-22.46	0.950312
-22.47	0.950231
-22.48	0.95015
-22.49	0.95007
-22.5	0.949989
-22.51	0.949909
-22.52	0.949829
-22.53	0.949748
-22.54	0.949668
-22.55	0.949588
-22.56	0.949508
-22.57	0.949428
-22.58	0.949348
-22.59	0.949268
-22.6	0.949189
-22.61	0.949109
-22.62	0.94903
-22.63	0.94895
-22.64	0.948871
-22.65	0.948792
-22.66	0.948712
-22.67	0.948633
-22.68	0.948554
-22.69	0.948475
-22.7	0.948396
-22.71	0.948318
-22.72	0.948239
-22.73	0.94816
-22.74	0.948082
-22.75	0.948003
-22.76	0.947925
-22.77	0.947846
-22.78	0.947768
-22.79	0.94769
-22.8	0.947612
-22.81	0.947534
-22.82	0.947456
-22.83	0.947378
-22.84	0.9473
-22.85	0.947223
-22.86	0.947145
-22.87	0.947068
-22.88	0.94699
-22.89	0.946913
-22.9	0.946836
-22.91	0.946758
-22.92	0.946681
-22.93	0.946604
-22.94	0.946527
-22.95	0.94645
-22.96	0.946373
-22.97	0.946297
-22.98	0.94622
-22.99	0.946144
-23	0.946067
-23.01	0.945991
-23.02	0.945914
-23.03	0.945838
-23.04	0.945762
-23.05	0.945686
-23.06	0.94561
-23.07	0.945534
-23.08	0.945458
-23.09	0.945382
-23.1	0.945306
-23.11	0.94523
-23.12	0.945155
-23.13	0.945079
-23.14	0.945004
-23.15	0.944928
-23.16	0.944853
-23.17	0.944778
-23.18	0.944703
-23.19	0.944628
-23.2	0.944553
-23.21	0.944478
-23.22	0.944403
-23.23	0.944328
-23.24	0.944253
-23.25	0.944179
-23.26	0.944104
-23.27	0.94403
-23.28	0.943955
-23.29	0.943881
-23.3	0.943807
-23.31	0.943733
-23.32	0.943659
-23.33	0.943585
-23.34	0.943511
-23.35	0.943437
-23.36	0.943363
-23.37	0.943289
-23.38	0.943215
-23.39	0.943142
-23.4	0.943068
-23.41	0.942995
-23.42	0.942921
-23.43	0.942848
-23.44	0.942775
-23.45	0.942702
-23.46	0.942629
-23.47	0.942556
-23.48	0.942483
-23.49	0.94241
-23.5	0.942337
-23.51	0.942264
-23.52	0.942192
-23.53	0.942119
-23.54	0.942046
-23.55	0.941974
-23.56	0.941902
-23.57	0.941829
-23.58	0.941757
-23.59	0.941685
-23.6	0.941613
-23.61	0.941541
-23.62	0.941469
-23.63	0.941397
-23.64	0.941325
-23.65	0.941253
-23.66	0.941182
-23.67	0.94111
-23.68	0.941039
-23.69	0.940967
-23.7	0.940896
-23.71	0.940824
-23.72	0.940753
-23.73	0.940682
-23.74	0.940611
-23.75	0.94054
-23.76	0.940469
-23.77	0.940398
-23.78	0.940327
-23.79	0.940256
-23.8	0.940186
-23.81	0.940115
-23.82	0.940044
-23.83	0.939974
-23.84	0.939903
-23.85	0.939833
-23.86	0.939763
-23.87	0.939692
-23.88	0.939622
-23.89	0.939552
-23.9	0.939482
-23.91	0.939412
-23.92	0.939342
-23.93	0.939273
-23.94	0.939203
-23.95	0.939133
-23.96	0.939063
-23.97	0.938994
-23.98	0.938924
-23.99	0.938855
-24	0.938786
-24.01	0.938716
-24.02	0.938647
-24.03	0.938578
-24.04	0.938509
-24.05	0.93844
-24.06	0.938371
-24.07	0.938302
-24.08	0.938233
-24.09	0.938164
-24.1	0.938096
-24.11	0.938027
-24.12	0.937958
-24.13	0.93789
-24.14	0.937821
-24.15	0.937753
-24.16	0.937685
-24.17	0.937617
-24.18	0.937548
-24.19	0.93748
-24.2	0.937412
-24.21	0.937344
-24.22	0.937276
-24.23	0.937208
-24.24	0.937141
-24.25	0.937073
-24.26	0.937005
-24.27	0.936938
-24.28	0.93687
-24.29	0.936803
-24.3	0.936735
-24.31	0.936668
-24.32	0.936601
-24.33	0.936533
-24.34	0.936466
-24.35	0.936399
-24.36	0.936332
-24.37	0.936265
-24.38	0.936198
-24.39	0.936131
-24.4	0.936065
-24.41	0.935998
-24.42	0.935931
-24.43	0.935865
-24.44	0.935798
-24.45	0.935732
-24.46	0.935665
-24.47	0.935599
-24.48	0.935533
-24.49	0.935466
-24.5	0.9354
-24.51	0.935334
-24.52	0.935268
-24.53	0.935202
-24.54	0.935136
-24.55	0.93507
-24.56	0.935005
-24.57	0.934939
-24.58	0.934873
-24.59	0.934808
-24.6	0.934742
-24.61	0.934677
-24.62	0.934611
-24.63	0.934546
-24.64	0.93448
-24.65	0.934415
-24.66	0.93435
-24.67	0.934285
-24.68	0.93422
-24.69	0.934155
-24.7	0.93409
-24.71	0.934025
-24.72	0.93396
-24.73	0.933895
-24.74	0.933831
-24.75	0.933766
-24.76	0.933702
-24.77	0.933637
-24.78	0.933573
-24.79	0.933508
-24.8	0.933444
-24.81	0.93338
-24.82	0.933315
-24.83	0.933251
-24.84	0.933187
-24.85	0.933123
-24.86	0.933059
-24.87	0.932995
-24.88	0.932931
-24.89	0.932868
-24.9	0.932804
-24.91	0.93274
-24.92	0.932676
-24.93	0.932613
-24.94	0.932549
-24.95	0.932486
-24.96	0.932423
-24.97	0.932359
-24.98	0.932296
-24.99	0.932233
-25	0.932169
-25.01	0.932106
-25.02	0.932043
-25.03	0.93198
-25.04	0.931917
-25.05	0.931854
-25.06	0.931792
-25.07	0.931729
-25.08	0.931666
-25.09	0.931604
-25.1	0.931541
-25.11	0.931478
-25.12	0.931416
-25.13	0.931354
-25.14	0.931291
-25.15	0.931229
-25.16	0.931167
-25.17	0.931104
-25.18	0.931042
-25.19	0.93098
-25.2	0.930918
-25.21	0.930856
-25.22	0.930794
-25.23	0.930732
-25.24	0.930671
-25.25	0.930609
-25.26	0.930547
-25.27	0.930486
-25.28	0.930424
-25.29	0.930362
-25.3	0.930301
-25.31	0.93024
-25.32	0.930178
-25.33	0.930117
-25.34	0.930056
-25.35	0.929994
-25.36	0.929933
-25.37	0.929872
-25.38	0.929811
-25.39	0.92975
-25.4	0.929689
-25.41	0.929628
-25.42	0.929568
-25.43	0.929507
-25.44	0.929446
-25.45	0.929386
-25.46	0.929325
-25.47	0.929264
-25.48	0.929204
-25.49	0.929143
-25.5	0.929083
-25.51	0.929023
-25.52	0.928963
-25.53	0.928902
-25.54	0.928842
-25.55	0.928782
-25.56	0.928722
-25.57	0.928662
-25.58	0.928602
-25.59	0.928542
-25.6	0.928482
-25.61	0.928423
-25.62	0.928363
-25.63	0.928303
-25.64	0.928244
-25.65	0.928184
-25.66	0.928124
-25.67	0.928065
-25.68	0.928006
-25.69	0.927946
-25.7	0.927887
-25.71	0.927828
-25.72	0.927768
-25.73	0.927709
-25.74	0.92765
-25.75	0.927591
-25.76	0.927532
-25.77	0.927473
-25.78	0.927414
-25.79	0.927355
-25.8	0.927297
-25.81	0.927238
-25.82	0.927179
-25.83	0.927121
-25.84	0.927062
-25.85	0.927003
-25.86	0.926945
-25.87	0.926887
-25.88	0.926828
-25.89	0.92677
-25.9	0.926712
-25.91	0.926653
-25.92	0.926595
-25.93	0.926537
-25.94	0.926479
-25.95	0.926421
-25.96	0.926363
-25.97	0.926305
-25.98	0.926247
-25.99	0.926189
-26	0.926132
-26.01	0.926074
-26.02	0.926016
-26.03	0.925959
-26.04	0.925901
-26.05	0.925844
-26.06	0.925786
-26.07	0.925729
-26.08	0.925671
-26.09	0.925614
-26.1	0.925557
-26.11	0.9255
-26.12	0.925442
-26.13	0.925385
-26.14	0.925328
-26.15	0.925271
-26.16	0.925214
-26.17	0.925157
-26.18	0.9251
-26.19	0.925044
-26.2	0.924987
-26.21	0.92493
-26.22	0.924873
-26.23	0.924817
-26.24	0.92476
-26.25	0.924704
-26.26	0.924647
-26.27	0.924591
-26.28	0.924534
-26.29	0.924478
-26.3	0.924422
-26.31	0.924366
-26.32	0.924309
-26.33	0.924253
-26.34	0.924197
-26.35	0.924141
-26.36	0.924085
-26.37	0.924029
-26.38	0.923973
-26.39	0.923918
-26.4	0.923862
-26.41	0.923806
-26.42	0.92375
-26.43	0.923695
-26.44	0.923639
-26.45	0.923584
-26.46	0.923528
-26.47	0.923473
-26.48	0.923417
-26.49	0.923362
-26.5	0.923306
-26.51	0.923251
-26.52	0.923196
-26.53	0.923141
-26.54	0.923086
-26.55	0.923031
-26.56	0.922975
-26.57	0.922921
-26.58	0.922866
-26.59	0.922811
-26.6	0.922756
-26.61	0.922701
-26.62	0.922646
-26.63	0.922592
-26.64	0.922537
-26.65	0.922482
-26.66	0.922428
-26.67	0.922373
-26.68	0.922319
-26.69	0.922264
-26.7	0.92221
-26.71	0.922156
-26.72	0.922101
-26.73	0.922047
-26.74	0.921993
-26.75	0.921939
-26.76	0.921885
-26.77	0.92183
-26.78	0.921776
-26.79	0.921722
-26.8	0.921669
-26.81	0.921615
-26.82	0.921561
-26.83	0.921507
-26.84	0.921453
-26.85	0.9214
-26.86	0.921346
-26.87	0.921292
-26.88	0.921239
-26.89	0.921185
-26.9	0.921132
-26.91	0.921078
-26.92	0.921025
-26.93	0.920972
-26.94	0.920918
-26.95	0.920865
-26.96	0.920812
-26.97	0.920759
-26.98	0.920706
-26.99	0.920653
-27	0.9206
-27.01	0.920547
-27.02	0.920494
-27.03	0.920441
-27.04	0.920388
-27.05	0.920335
-27.06	0.920282
-27.07	0.92023
-27.08	0.920177
-27.09	0.920124
-27.1	0.920072
-27.11	0.920019
-27.12	0.919967
-27.13	0.919914
-27.14	0.919862
-27.15	0.919809
-27.16	0.919757
-27.17	0.919705
-27.18	0.919653
-27.19	0.9196
-27.2	0.919548
-27.21	0.919496
-27.22	0.919444
-27.23	0.919392
-27.24	0.91934
-27.25	0.919288
-27.26	0.919236
-27.27	0.919184
-27.28	0.919133
-27.29	0.919081
-27.3	0.919029
-27.31	0.918977
-27.32	0.918926
-27.33	0.918874
-27.34	0.918823
-27.35	0.918771
-27.36	0.91872
-27.37	0.918668
-27.38	0.918617
-27.39	0.918566
-27.4	0.918514
-27.41	0.918463
-27.42	0.918412
-27.43	0.918361
-27.44	0.91831
-27.45	0.918258
-27.46	0.918207
-27.47	0.918156
-27.48	0.918105
-27.49	0.918055
-27.5	0.918004
-27.51	0.917953
-27.52	0.917902
-27.53	0.917851
-27.54	0.917801
-27.55	0.91775
-27.56	0.917699
-27.57	0.917649
-27.58	0.917598
-27.59	0.917548
-27.6	0.917497
-27.61	0.917447
-27.62	0.917396
-27.63	0.917346
-27.64	0.917296
-27.65	0.917246
-27.66	0.917195
-27.67	0.917145
-27.68	0.917095
-27.69	0.917045
-27.7	0.916995
-27.71	0.916945
-27.72	0.916895
-27.73	0.916845
-27.74	0.916795
-27.75	0.916745
-27.76	0.916695
-27.77	0.916646
-27.78	0.916596
-27.79	0.916546
-27.8	0.916497
-27.81	0.916447
-27.82	0.916398
-27.83	0.916348
-27.84	0.916299
-27.85	0.916249
-27.86	0.9162
-27.87	0.91615
-27.88	0.916101
-27.89	0.916052
-27.9	0.916002
-27.91	0.915953
-27.92	0.915904
-27.93	0.915855
-27.94	0.915806
-27.95	0.915757
-27.96	0.915708
-27.97	0.915659
-27.98	0.91561
-27.99	0.915561
-28	0.915512
-28.01	0.915463
-28.02	0.915415
-28.03	0.915366
-28.04	0.915317
-28.05	0.915269
-28.06	0.91522
-28.07	0.915171
-28.08	0.915123
-28.09	0.915074
-28.1	0.915026
-28.11	0.914977
-28.12	0.914929
-28.13	0.914881
-28.14	0.914832
-28.15	0.914784
-28.16	0.914736
-28.17	0.914688
-28.18	0.91464
-28.19	0.914592
-28.2	0.914543
-28.21	0.914495
-28.22	0.914447
-28.23	0.914399
-28.24	0.914352
-28.25	0.914304
-28.26	0.914256
-28.27	0.914208
-28.28	0.91416
-28.29	0.914113
-28.3	0.914065
-28.31	0.914017
-28.32	0.91397
-28.33	0.913922
-28.34	0.913874
-28.35	0.913827
-28.36	0.913779
-28.37	0.913732
-28.38	0.913685
-28.39	0.913637
-28.4	0.91359
-28.41	0.913543
-28.42	0.913496
-28.43	0.913448
-28.44	0.913401
-28.45	0.913354
-28.46	0.913307
-28.47	0.91326
-28.48	0.913213
-28.49	0.913166
-28.5	0.913119
-28.51	0.913072
-28.52	0.913025
-28.53	0.912978
-28.54	0.912932
-28.55	0.912885
-28.56	0.912838
-28.57	0.912791
-28.58	0.912745
-28.59	0.912698
-28.6	0.912652
-28.61	0.912605
-28.62	0.912559
-28.63	0.912512
-28.64	0.912466
-28.65	0.912419
-28.66	0.912373
-28.67	0.912327
-28.68	0.91228
-28.69	0.912234
-28.7	0.912188
-28.71	0.912142
-28.72	0.912096
-28.73	0.912049
-28.74	0.912003
-28.75	0.911957
-28.76	0.911911
-28.77	0.911865
-28.78	0.911819
-28.79	0.911774
-28.8	0.911728
-28.81	0.911682
-28.82	0.911636
-28.83	0.91159
-28.84	0.911545
-28.85	0.911499
-28.86	0.911453
-28.87	0.911408
-28.88	0.911362
-28.89	0.911317
-28.9	0.911271
-28.91	0.911226
-28.92	0.91118
-28.93	0.911135
-28.94	0.91109
-28.95	0.911044
-28.96	0.910999
-28.97	0.910954
-28.98	0.910909
-28.99	0.910863
-29	0.910818
-29.01	0.910773
-29.02	0.910728
-29.03	0.910683
-29.04	0.910638
-29.05	0.910593
-29.06	0.910548
-29.07	0.910503
-29.08	0.910458
-29.09	0.910414
-29.1	0.910369
-29.11	0.910324
-29.12	0.910279
-29.13	0.910235
-29.14	0.91019
-29.15	0.910145
-29.16	0.910101
-29.17	0.910056
-29.18	0.910012
-29.19	0.909967
-29.2	0.909923
-29.21	0.909878
-29.22	0.909834
-29.23	0.90979
-29.24	0.909745
-29.25	0.909701
-29.26	0.909657
-29.27	0.909612
-29.28	0.909568
-29.29	0.909524
-29.3	0.90948
-29.31	0.909436
-29.32	0.909392
-29.33	0.909348
-29.34	0.909304
-29.35	0.90926
-29.36	0.909216
-29.37	0.909172
-29.38	0.909128
-29.39	0.909084
-29.4	0.909041
-29.41	0.908997
-29.42	0.908953
-29.43	0.90891
-29.44	0.908866
-29.45	0.908822
-29.46	0.908779
-29.47	0.908735
-29.48	0.908692
-29.49	0.908648
-29.5	0.908605
-29.51	0.908561
-29.52	0.908518
-29.53	0.908475
-29.54	0.908431
-29.55	0.908388
-29.56	0.908345
-29.57	0.908302
-29.58	0.908258
-29.59	0.908215
-29.6	0.908172
-29.61	0.908129
-29.62	0.908086
-29.63	0.908043
-29.64	0.908
-29.65	0.907957
-29.66	0.907914
-29.67	0.907871
-29.68	0.907828
-29.69	0.907785
-29.7	0.907743
-29.71	0.9077
-29.72	0.907657
-29.73	0.907614
-29.74	0.907572
-29.75	0.907529
-29.76	0.907487
-29.77	0.907444
-29.78	0.907402
-29.79	0.907359
-29.8	0.907317
-29.81	0.907274
-29.82	0.907232
-29.83	0.907189
-29.84	0.907147
-29.85	0.907105
-29.86	0.907062
-29.87	0.90702
-29.88	0.906978
-29.89	0.906936
-29.9	0.906893
-29.91	0.906851
-29.92	0.906809
-29.93	0.906767
-29.94	0.906725
-29.95	0.906683
-29.96	0.906641
-29.97	0.906599
-29.98	0.906557
-29.99	0.906515
-30	0.906474
