x	y
30	0.683417
29.99	0.683443
29.98	0.683469
29.97	0.683495
29.96	0.683521
29.95	0.683546
29.94	0.683572
29.93	0.683598
29.92	0.683624
29.91	0.68365
29.9	0.683676
29.89	0.683702
29.88	0.683728
29.87	0.683754
29.86	0.68378
29.85	0.683806
29.84	0.683832
29.83	0.683858
29.82	0.683884
29.81	0.68391
29.8	0.683936
29.79	0.683962
29.78	0.683989
29.77	0.684015
29.76	0.684041
29.75	0.684067
29.74	0.684093
29.73	0.68412
29.72	0.684146
29.71	0.684172
29.7	0.684199
29.69	0.684225
29.68	0.684251
29.67	0.684278
29.66	0.684304
29.65	0.684331
29.64	0.684357
29.63	0.684383
29.62	0.68441
29.61	0.684436
29.6	0.684463
29.59	0.684489
29.58	0.684516
29.57	0.684543
29.56	0.684569
29.55	0.684596
29.54	0.684622
29.53	0.684649
29.52	0.684676
29.51	0.684702
29.5	0.684729
29.49	0.684756
29.48	0.684783
29.47	0.684809
29.46	0.684836
29.45	0.684863
29.44	0.68489
29.43	0.684917
29.42	0.684944
29.41	0.68497
29.4	0.684997
29.39	0.685024
29.38	0.685051
29.37	0.685078
29.36	0.685105
29.35	0.685132
29.34	0.685159
29.33	0.685186
29.32	0.685213
29.31	0.685241
29.3	0.685268
29.29	0.685295
29.28	0.685322
29.27	0.685349
29.26	0.685376
29.25	0.685404
29.24	0.685431
29.23	0.685458
29.22	0.685485
29.21	0.685513
29.2	0.68554
29.19	0.685567
29.18	0.685595
29.17	0.685622
29.16	0.685649
29.15	0.685677
29.14	0.685704
29.13	0.685732
29.12	0.685759
29.11	0.685787
29.1	0.685814
29.09	0.685842
29.08	0.685869
29.07	0.685897
29.06	0.685925
29.05	0.685952
29.04	0.68598
29.03	0.686008
29.02	0.686035
29.01	0.686063
29	0.686091
28.99	0.686118
28.98	0.686146
28.97	0.686174
28.96	0.686202
28.95	0.68623
28.94	0.686258
28.93	0.686285
28.92	0.686313
28.91	0.686341
28.9	0.686369
28.89	0.686397
28.88	0.686425
28.87	0.686453
28.86	0.686481
28.85	0.686509
28.84	0.686537
28.83	0.686566
28.82	0.686594
28.81	0.686622
28.8	0.68665
28.79	0.686678
28.78	0.686706
28.77	0.686735
28.76	0.686763
28.75	0.686791
28.74	0.686819
28.73	0.686848
28.72	0.686876
28.71	0.686904
28.7	0.686933
28.69	0.686961
28.68	0.68699
28.67	0.687018
28.66	0.687047
28.65	0.687075
28.64	0.687104
28.63	0.687132
28.62	0.687161
28.61	0.687189
28.6	0.687218
28.59	0.687247
28.58	0.687275
28.57	0.687304
28.56	0.687333
28.55	0.687361
28.54	0.68739
28.53	0.687419
28.52	0.687447
28.51	0.687476
28.5	0.687505
28.49	0.687534
28.48	0.687563
28.47	0.687592
28.46	0.687621
28.45	0.68765
28.44	0.687679
28.43	0.687707
28.42	0.687737
28.41	0.687766
28.4	0.687795
28.39	0.687824
28.38	0.687853
28.37	0.687882
28.36	0.687911
28.35	0.68794
28.34	0.687969
28.33	0.687999
28.32	0.688028
28.31	0.688057
28.3	0.688086
28.29	0.688116
28.28	0.688145
28.27	0.688174
28.26	0.688204
28.25	0.688233
28.24	0.688262
28.23	0.688292
28.22	0.688321
28.21	0.688351
28.2	0.68838
28.19	0.68841
28.18	0.688439
28.17	0.688469
28.16	0.688499
28.15	0.688528
28.14	0.688558
28.13	0.688588
28.12	0.688617
28.11	0.688647
28.1	0.688677
28.09	0.688706
28.08	0.688736
28.07	0.688766
28.06	0.688796
28.05	0.688826
28.04	0.688856
28.03	0.688886
28.02	0.688915
28.01	0.688945
28	0.688975
27.99	0.689005
27.98	0.689035
27.97	0.689065
27.96	0.689095
27.95	0.689126
27.94	0.689156
27.93	0.689186
27.92	0.689216
27.91	0.689246
27.9	0.689276
27.89	0.689307
27.88	0.689337
27.87	0.689367
27.86	0.689398
27.85	0.689428
27.84	0.689458
27.83	0.689489
27.82	0.689519
27.81	0.689549
27.8	0.68958
27.79	0.68961
27.78	0.689641
27.77	0.689671
27.76	0.689702
27.75	0.689732
27.74	0.689763
27.73	0.689794
27.72	0.689824
27.71	0.689855
27.7	0.689886
27.69	0.689916
27.68	0.689947
27.67	0.689978
27.66	0.690009
27.65	0.69004
27.64	0.69007
27.63	0.690101
27.62	0.690132
27.61	0.690163
27.6	0.690194
27.59	0.690225
27.58	0.690256
27.57	0.690287
27.56	0.690318
27.55	0.690349
27.54	0.69038
27.53	0.690411
27.52	0.690443
27.51	0.690474
27.5	0.690505
27.49	0.690536
27.48	0.690567
27.47	0.690599
27.46	0.69063
27.45	0.690661
27.44	0.690693
27.43	0.690724
27.42	0.690755
27.41	0.690787
27.4	0.690818
27.39	0.69085
27.38	0.690881
27.37	0.690913
27.36	0.690944
27.35	0.690976
27.34	0.691007
27.33	0.691039
27.32	0.691071
27.31	0.691102
27.3	0.691134
27.29	0.691166
27.28	0.691198
27.27	0.691229
27.26	0.691261
27.25	0.691293
27.24	0.691325
27.23	0.691357
27.22	0.691389
27.21	0.691421
27.2	0.691453
27.19	0.691485
27.18	0.691517
27.17	0.691549
27.16	0.691581
27.15	0.691613
27.14	0.691645
27.13	0.691677
27.12	0.691709
27.11	0.691741
27.1	0.691774
27.09	0.691806
27.08	0.691838
27.07	0.69187
27.06	0.691903
27.05	0.691935
27.04	0.691967
27.03	0.692
27.02	0.692032
27.01	0.692065
27	0.692097
26.99	0.69213
26.98	0.692162
26.97	0.692195
26.96	0.692228
26.95	0.69226
26.94	0.692293
26.93	0.692325
26.92	0.692358
26.91	0.692391
26.9	0.692424
26.89	0.692456
26.88	0.692489
26.87	0.692522
26.86	0.692555
26.85	0.692588
26.84	0.692621
26.83	0.692654
26.82	0.692687
26.81	0.69272
26.8	0.692753
26.79	0.692786
26.78	0.692819
26.77	0.692852
26.76	0.692885
26.75	0.692918
26.74	0.692952
26.73	0.692985
26.72	0.693018
26.71	0.693051
26.7	0.693085
26.69	0.693118
26.68	0.693151
26.67	0.693185
26.66	0.693218
26.65	0.693252
26.64	0.693285
26.63	0.693318
26.62	0.693352
26.61	0.693386
26.6	0.693419
26.59	0.693453
26.58	0.693486
26.57	0.69352
26.56	0.693554
26.55	0.693588
26.54	0.693621
26.53	0.693655
26.52	0.693689
26.51	0.693723
26.5	0.693757
26.49	0.69379
26.48	0.693824
26.47	0.693858
26.46	0.693892
26.45	0.693926
26.44	0.69396
26.43	0.693994
26.42	0.694029
26.41	0.694063
26.4	0.694097
26.39	0.694131
26.38	0.694165
26.37	0.6942
26.36	0.694234
26.35	0.694268
26.34	0.694302
26.33	0.694337
26.32	0.694371
26.31	0.694406
26.3	0.69444
26.29	0.694474
26.28	0.694509
26.27	0.694543
26.26	0.694578
26.25	0.694613
26.24	0.694647
26.23	0.694682
26.22	0.694717
26.21	0.694751
26.2	0.694786
26.19	0.694821
26.18	0.694856
26.17	0.69489
26.16	0.694925
26.15	0.69496
26.14	0.694995
26.13	0.69503
26.12	0.695065
26.11	0.6951
26.1	0.695135
26.09	0.69517
26.08	0.695205
26.07	0.69524
26.06	0.695275
26.05	0.695311
26.04	0.695346
26.03	0.695381
26.02	0.695416
26.01	0.695452
26	0.695487
25.99	0.695522
25.98	0.695558
25.97	0.695593
25.96	0.695629
25.95	0.695664
25.94	0.6957
25.93	0.695735
25.92	0.695771
25.91	0.695806
25.9	0.695842
25.89	0.695878
25.88	0.695913
25.87	0.695949
25.86	0.695985
25.85	0.696021
25.84	0.696057
25.83	0.696092
25.82	0.696128
25.81	0.696164
25.8	0.6962
25.79	0.696236
25.78	0.696272
25.77	0.696308
25.76	0.696344
25.75	0.69638
25.74	0.696417
25.73	0.696453
25.72	0.696489
25.71	0.696525
25.7	0.696561
25.69	0.696598
25.68	0.696634
25.67	0.69667
25.66	0.696707
25.65	0.696743
25.64	0.69678
25.63	0.696816
25.62	0.696853
25.61	0.696889
25.6	0.696926
25.59	0.696962
25.58	0.696999
25.57	0.697036
25.56	0.697072
25.55	0.697109
25.54	0.697146
25.53	0.697183
25.52	0.69722
25.51	0.697257
25.5	0.697293
25.49	0.69733
25.48	0.697367
25.47	0.697404
25.46	0.697441
25.45	0.697478
25.44	0.697515
25.43	0.697553
25.42	0.69759
25.41	0.697627
25.4	0.697664
25.39	0.697701
25.38	0.697739
25.37	0.697776
25.36	0.697813
25.35	0.697851
25.34	0.697888
25.33	0.697926
25.32	0.697963
25.31	0.698001
25.3	0.698038
25.29	0.698076
25.28	0.698114
25.27	0.698151
25.26	0.698189
25.25	0.698227
25.24	0.698264
25.23	0.698302
25.22	0.69834
25.21	0.698378
25.2	0.698416
25.19	0.698454
25.18	0.698492
25.17	0.69853
25.16	0.698568
25.15	0.698606
25.14	0.698644
25.13	0.698682
25.12	0.69872
25.11	0.698758
25.1	0.698796
25.09	0.698835
25.08	0.698873
25.07	0.698911
25.06	0.69895
25.05	0.698988
25.04	0.699027
25.03	0.699065
25.02	0.699104
25.01	0.699142
25	0.699181
24.99	0.699219
24.98	0.699258
24.97	0.699297
24.96	0.699335
24.95	0.699374
24.94	0.699413
24.93	0.699452
24.92	0.69949
24.91	0.699529
24.9	0.699568
24.89	0.699607
24.88	0.699646
24.87	0.699685
24.86	0.699724
24.85	0.699763
24.84	0.699803
24.83	0.699842
24.82	0.699881
24.81	0.69992
24.8	0.699959
24.79	0.699999
24.78	0.700038
24.77	0.700078
24.76	0.700117
24.75	0.700156
24.74	0.700196
24.73	0.700235
24.72	0.700275
24.71	0.700315
24.7	0.700354
24.69	0.700394
24.68	0.700434
24.67	0.700473
24.66	0.700513
24.65	0.700553
24.64	0.700593
24.63	0.700633
24.62	0.700673
24.61	0.700713
24.6	0.700752
24.59	0.700792
24.58	0.700833
24.57	0.700873
24.56	0.700913
24.55	0.700953
24.54	0.700993
24.53	0.701033
24.52	0.701074
24.51	0.701114
24.5	0.701154
24.49	0.701195
24.48	0.701235
24.47	0.701276
24.46	0.701316
24.45	0.701357
24.44	0.701397
24.43	0.701438
24.42	0.701479
24.41	0.701519
24.4	0.70156
24.39	0.701601
24.38	0.701642
24.37	0.701683
24.36	0.701723
24.35	0.701764
24.34	0.701805
24.33	0.701846
24.32	0.701887
24.31	0.701928
24.3	0.70197
24.29	0.702011
24.28	0.702052
24.27	0.702093
24.26	0.702134
24.25	0.702176
24.24	0.702217
24.23	0.702258
24.22	0.7023
24.21	0.702341
24.2	0.702383
24.19	0.702424
24.18	0.702466
24.17	0.702507
24.16	0.702549
24.15	0.702591
24.14	0.702632
24.13	0.702674
24.12	0.702716
24.11	0.702758
24.1	0.7028
24.09	0.702842
24.08	0.702884
24.07	0.702926
24.06	0.702968
24.05	0.70301
24.04	0.703052
24.03	0.703094
24.02	0.703136
24.01	0.703179
24	0.703221
23.99	0.703263
23.98	0.703305
23.97	0.703348
23.96	0.70339
23.95	0.703433
23.94	0.703475
23.93	0.703518
23.92	0.70356
23.91	0.703603
23.9	0.703646
23.89	0.703688
23.88	0.703731
23.87	0.703774
23.86	0.703817
23.85	0.70386
23.84	0.703903
23.83	0.703946
23.82	0.703989
23.81	0.704032
23.8	0.704075
23.79	0.704118
23.78	0.704161
23.77	0.704204
23.76	0.704247
23.75	0.704291
23.74	0.704334
23.73	0.704377
23.72	0.704421
23.71	0.704464
23.7	0.704508
23.69	0.704551
23.68	0.704595
23.67	0.704639
23.66	0.704682
23.65	0.704726
23.64	0.70477
23.63	0.704813
23.62	0.704857
23.61	0.704901
23.6	0.704945
23.59	0.704989
23.58	0.705033
23.57	0.705077
23.56	0.705121
23.55	0.705165
23.54	0.705209
23.53	0.705254
23.52	0.705298
23.51	0.705342
23.5	0.705386
23.49	0.705431
23.48	0.705475
23.47	0.70552
23.46	0.705564
23.45	0.705609
23.44	0.705653
23.43	0.705698
23.42	0.705743
23.41	0.705787
23.4	0.705832
23.39	0.705877
23.38	0.705922
23.37	0.705967
23.36	0.706012
23.35	0.706056
23.34	0.706102
23.33	0.706147
23.32	0.706192
23.31	0.706237
23.3	0.706282
23.29	0.706327
23.28	0.706373
23.27	0.706418
23.26	0.706463
23.25	0.706509
23.24	0.706554
23.23	0.7066
23.22	0.706645
23.21	0.706691
23.2	0.706736
23.19	0.706782
23.18	0.706828
23.17	0.706874
23.16	0.706919
23.15	0.706965
23.14	0.707011
23.13	0.707057
23.12	0.707103
23.11	0.707149
23.1	0.707195
23.09	0.707241
23.08	0.707288
23.07	0.707334
23.06	0.70738
23.05	0.707426
23.04	0.707473
23.03	0.707519
23.02	0.707566
23.01	0.707612
23	0.707659
22.99	0.707705
22.98	0.707752
22.97	0.707798
22.96	0.707845
22.95	0.707892
22.94	0.707939
22.93	0.707986
22.92	0.708032
22.91	0.708079
22.9	0.708126
22.89	0.708174
22.88	0.708221
22.87	0.708268
22.86	0.708315
22.85	0.708362
22.84	0.708409
22.83	0.708457
22.82	0.708504
22.81	0.708552
22.8	0.708599
22.79	0.708647
22.78	0.708694
22.77	0.708742
22.76	0.708789
22.75	0.708837
22.74	0.708885
22.73	0.708933
22.72	0.70898
22.71	0.709028
22.7	0.709076
22.69	0.709124
22.68	0.709172
22.67	0.70922
22.66	0.709269
22.65	0.709317
22.64	0.709365
22.63	0.709413
22.62	0.709462
22.61	0.70951
22.6	0.709558
22.59	0.709607
22.58	0.709655
22.57	0.709704
22.56	0.709753
22.55	0.709801
22.54	0.70985
22.53	0.709899
22.52	0.709948
22.51	0.709996
22.5	0.710045
22.49	0.710094
22.48	0.710143
22.47	0.710192
22.46	0.710241
22.45	0.710291
22.44	0.71034
22.43	0.710389
22.42	0.710438
22.41	0.710488
22.4	0.710537
22.39	0.710587
22.38	0.710636
22.37	0.710686
22.36	0.710735
22.35	0.710785
22.34	0.710835
22.33	0.710884
22.32	0.710934
22.31	0.710984
22.3	0.711034
22.29	0.711084
22.28	0.711134
22.27	0.711184
22.26	0.711234
22.25	0.711284
22.24	0.711335
22.23	0.711385
22.22	0.711435
22.21	0.711486
22.2	0.711536
22.19	0.711587
22.18	0.711637
22.17	0.711688
22.16	0.711738
22.15	0.711789
22.14	0.71184
22.13	0.711891
22.12	0.711941
22.11	0.711992
22.1	0.712043
22.09	0.712094
22.08	0.712145
22.07	0.712196
22.06	0.712247
22.05	0.712299
22.04	0.71235
22.03	0.712401
22.02	0.712453
22.01	0.712504
22	0.712556
21.99	0.712607
21.98	0.712659
21.97	0.71271
21.96	0.712762
21.95	0.712814
21.94	0.712866
21.93	0.712917
21.92	0.712969
21.91	0.713021
21.9	0.713073
21.89	0.713125
21.88	0.713178
21.87	0.71323
21.86	0.713282
21.85	0.713334
21.84	0.713387
21.83	0.713439
21.82	0.713491
21.81	0.713544
21.8	0.713596
21.79	0.713649
21.78	0.713702
21.77	0.713754
21.76	0.713807
21.75	0.71386
21.74	0.713913
21.73	0.713966
21.72	0.714019
21.71	0.714072
21.7	0.714125
21.69	0.714178
21.68	0.714231
21.67	0.714285
21.66	0.714338
21.65	0.714391
21.64	0.714445
21.63	0.714498
21.62	0.714552
21.61	0.714606
21.6	0.714659
21.59	0.714713
21.58	0.714767
21.57	0.714821
21.56	0.714875
21.55	0.714929
21.54	0.714983
21.53	0.715037
21.52	0.715091
21.51	0.715145
21.5	0.715199
21.49	0.715253
21.48	0.715308
21.47	0.715362
21.46	0.715417
21.45	0.715471
21.44	0.715526
21.43	0.715581
21.42	0.715635
21.41	0.71569
21.4	0.715745
21.39	0.7158
21.38	0.715855
21.37	0.71591
21.36	0.715965
21.35	0.71602
21.34	0.716075
21.33	0.71613
21.32	0.716186
21.31	0.716241
21.3	0.716296
21.29	0.716352
21.28	0.716407
21.27	0.716463
21.26	0.716519
21.25	0.716574
21.24	0.71663
21.23	0.716686
21.22	0.716742
21.21	0.716798
21.2	0.716854
21.19	0.71691
21.18	0.716966
21.17	0.717022
21.16	0.717078
21.15	0.717135
21.14	0.717191
21.13	0.717248
21.12	0.717304
21.11	0.717361
21.1	0.717417
21.09	0.717474
21.08	0.717531
21.07	0.717588
21.06	0.717644
21.05	0.717701
21.04	0.717758
21.03	0.717815
21.02	0.717873
21.01	0.71793
21	0.717987
20.99	0.718044
20.98	0.718102
20.97	0.718159
20.96	0.718217
20.95	0.718274
20.94	0.718332
20.93	0.718389
20.92	0.718447
20.91	0.718505
20.9	0.718563
20.89	0.718621
20.88	0.718679
20.87	0.718737
20.86	0.718795
20.85	0.718853
20.84	0.718911
20.83	0.71897
20.82	0.719028
20.81	0.719087
20.8	0.719145
20.79	0.719204
20.78	0.719262
20.77	0.719321
20.76	0.71938
20.75	0.719439
20.74	0.719498
20.73	0.719557
20.72	0.719616
20.71	0.719675
20.7	0.719734
20.69	0.719793
20.68	0.719852
20.67	0.719912
20.66	0.719971
20.65	0.720031
20.64	0.72009
20.63	0.72015
20.62	0.72021
20.61	0.720269
20.6	0.720329
20.59	0.720389
20.58	0.720449
20.57	0.720509
20.56	0.720569
20.55	0.720629
20.54	0.720689
20.53	0.72075
20.52	0.72081
20.51	0.720871
20.5	0.720931
20.49	0.720992
20.48	0.721052
20.47	0.721113
20.46	0.721174
20.45	0.721235
20.44	0.721295
20.43	0.721356
20.42	0.721418
20.41	0.721479
20.4	0.72154
20.39	0.721601
20.38	0.721662
20.37	0.721724
20.36	0.721785
20.35	0.721847
20.34	0.721908
20.33	0.72197
20.32	0.722032
20.31	0.722094
20.3	0.722155
20.29	0.722217
20.28	0.722279
20.27	0.722342
20.26	0.722404
20.25	0.722466
20.24	0.722528
20.23	0.722591
20.22	0.722653
20.21	0.722716
20.2	0.722778
20.19	0.722841
20.18	0.722903
20.17	0.722966
20.16	0.723029
20.15	0.723092
20.14	0.723155
20.13	0.723218
20.12	0.723281
20.11	0.723345
20.1	0.723408
20.09	0.723471
20.08	0.723535
20.07	0.723598
20.06	0.723662
20.05	0.723726
20.04	0.723789
20.03	0.723853
20.02	0.723917
20.01	0.723981
20	0.724045
19.99	0.724109
19.98	0.724173
19.97	0.724238
19.96	0.724302
19.95	0.724366
19.94	0.724431
19.93	0.724495
19.92	0.72456
19.91	0.724625
19.9	0.724689
19.89	0.724754
19.88	0.724819
19.87	0.724884
19.86	0.724949
19.85	0.725015
19.84	0.72508
19.83	0.725145
19.82	0.72521
19.81	0.725276
19.8	0.725341
19.79	0.725407
19.78	0.725473
19.77	0.725539
19.76	0.725604
19.75	0.72567
19.74	0.725736
19.73	0.725802
19.72	0.725869
19.71	0.725935
19.7	0.726001
19.69	0.726067
19.68	0.726134
19.67	0.726201
19.66	0.726267
19.65	0.726334
19.64	0.726401
19.63	0.726467
19.62	0.726534
19.61	0.726601
19.6	0.726669
19.59	0.726736
19.58	0.726803
19.57	0.72687
19.56	0.726938
19.55	0.727005
19.54	0.727073
19.53	0.72714
19.52	0.727208
19.51	0.727276
19.5	0.727344
19.49	0.727412
19.48	0.72748
19.47	0.727548
19.46	0.727616
19.45	0.727685
19.44	0.727753
19.43	0.727821
19.42	0.72789
19.41	0.727959
19.4	0.728027
19.39	0.728096
19.38	0.728165
19.37	0.728234
19.36	0.728303
19.35	0.728372
19.34	0.728441
19.33	0.728511
19.32	0.72858
19.31	0.728649
19.3	0.728719
19.29	0.728789
19.28	0.728858
19.27	0.728928
19.26	0.728998
19.25	0.729068
19.24	0.729138
19.23	0.729208
19.22	0.729278
19.21	0.729349
19.2	0.729419
19.19	0.729489
19.18	0.72956
19.17	0.729631
19.16	0.729701
19.15	0.729772
19.14	0.729843
19.13	0.729914
19.12	0.729985
19.11	0.730056
19.1	0.730127
19.09	0.730199
19.08	0.73027
19.07	0.730342
19.06	0.730413
19.05	0.730485
19.04	0.730557
19.03	0.730629
19.02	0.7307
19.01	0.730772
19	0.730845
18.99	0.730917
18.98	0.730989
18.97	0.731062
18.96	0.731134
18.95	0.731207
18.94	0.731279
18.93	0.731352
18.92	0.731425
18.91	0.731498
18.9	0.731571
18.89	0.731644
18.88	0.731717
18.87	0.73179
18.86	0.731864
18.85	0.731937
18.84	0.732011
18.83	0.732084
18.82	0.732158
18.81	0.732232
18.8	0.732306
18.79	0.73238
18.78	0.732454
18.77	0.732528
18.76	0.732602
18.75	0.732677
18.74	0.732751
18.73	0.732826
18.72	0.7329
18.71	0.732975
18.7	0.73305
18.69	0.733125
18.68	0.7332
18.67	0.733275
18.66	0.73335
18.65	0.733425
18.64	0.733501
18.63	0.733576
18.62	0.733652
18.61	0.733728
18.6	0.733803
18.59	0.733879
18.58	0.733955
18.57	0.734031
18.56	0.734107
18.55	0.734184
18.54	0.73426
18.53	0.734336
18.52	0.734413
18.51	0.73449
18.5	0.734566
18.49	0.734643
18.48	0.73472
18.47	0.734797
18.46	0.734874
18.45	0.734951
18.44	0.735029
18.43	0.735106
18.42	0.735184
18.41	0.735261
18.4	0.735339
18.39	0.735417
18.38	0.735495
18.37	0.735573
18.36	0.735651
18.35	0.735729
18.34	0.735807
18.33	0.735886
18.32	0.735964
18.31	0.736043
18.3	0.736122
18.29	0.7362
18.28	0.736279
18.27	0.736358
18.26	0.736437
18.25	0.736517
18.24	0.736596
18.23	0.736675
18.22	0.736755
18.21	0.736835
18.2	0.736914
18.19	0.736994
18.18	0.737074
18.17	0.737154
18.16	0.737234
18.15	0.737314
18.14	0.737395
18.13	0.737475
18.12	0.737556
18.11	0.737636
18.1	0.737717
18.09	0.737798
18.08	0.737879
18.07	0.73796
18.06	0.738041
18.05	0.738123
18.04	0.738204
18.03	0.738285
18.02	0.738367
18.01	0.738449
18	0.738531
17.99	0.738612
17.98	0.738694
17.97	0.738777
17.96	0.738859
17.95	0.738941
17.94	0.739024
17.93	0.739106
17.92	0.739189
17.91	0.739272
17.9	0.739355
17.89	0.739438
17.88	0.739521
17.87	0.739604
17.86	0.739687
17.85	0.739771
17.84	0.739854
17.83	0.739938
17.82	0.740022
17.81	0.740106
17.8	0.740189
17.79	0.740274
17.78	0.740358
17.77	0.740442
17.76	0.740527
17.75	0.740611
17.74	0.740696
17.73	0.740781
17.72	0.740865
17.71	0.74095
17.7	0.741036
17.69	0.741121
17.68	0.741206
17.67	0.741291
17.66	0.741377
17.65	0.741463
17.64	0.741549
17.63	0.741634
17.62	0.74172
17.61	0.741807
17.6	0.741893
17.59	0.741979
17.58	0.742066
17.57	0.742152
17.56	0.742239
17.55	0.742326
17.54	0.742413
17.53	0.7425
17.52	0.742587
17.51	0.742674
17.5	0.742762
17.49	0.742849
17.48	0.742937
17.47	0.743025
17.46	0.743113
17.45	0.743201
17.44	0.743289
17.43	0.743377
17.42	0.743465
17.41	0.743554
17.4	0.743642
17.39	0.743731
17.38	0.74382
17.37	0.743909
17.36	0.743998
17.35	0.744087
17.34	0.744176
17.33	0.744266
17.32	0.744355
17.31	0.744445
17.3	0.744535
17.29	0.744625
17.28	0.744715
17.27	0.744805
17.26	0.744895
17.25	0.744986
17.24	0.745076
17.23	0.745167
17.22	0.745258
17.21	0.745349
17.2	0.74544
17.19	0.745531
17.18	0.745622
17.17	0.745714
17.16	0.745805
17.15	0.745897
17.14	0.745989
17.13	0.746081
17.12	0.746173
17.11	0.746265
17.1	0.746357
17.09	0.74645
17.08	0.746542
17.07	0.746635
17.06	0.746728
17.05	0.746821
17.04	0.746914
17.03	0.747007
17.02	0.747101
17.01	0.747194
17	0.747288
16.99	0.747381
16.98	0.747475
16.97	0.747569
16.96	0.747663
16.95	0.747758
16.94	0.747852
16.93	0.747947
16.92	0.748041
16.91	0.748136
16.9	0.748231
16.89	0.748326
16.88	0.748421
16.87	0.748516
16.86	0.748612
16.85	0.748708
16.84	0.748803
16.83	0.748899
16.82	0.748995
16.81	0.749091
16.8	0.749188
16.79	0.749284
16.78	0.74938
16.77	0.749477
16.76	0.749574
16.75	0.749671
16.74	0.749768
16.73	0.749865
16.72	0.749963
16.71	0.75006
16.7	0.750158
16.69	0.750256
16.68	0.750353
16.67	0.750452
16.66	0.75055
16.65	0.750648
16.64	0.750746
16.63	0.750845
16.62	0.750944
16.61	0.751043
16.6	0.751142
16.59	0.751241
16.58	0.75134
16.57	0.75144
16.56	0.751539
16.55	0.751639
16.54	0.751739
16.53	0.751839
16.52	0.751939
16.51	0.75204
16.5	0.75214
16.49	0.752241
16.48	0.752342
16.47	0.752442
16.46	0.752544
16.45	0.752645
16.44	0.752746
16.43	0.752848
16.42	0.752949
16.41	0.753051
16.4	0.753153
16.39	0.753255
16.38	0.753357
16.37	0.75346
16.36	0.753562
16.35	0.753665
16.34	0.753768
16.33	0.753871
16.32	0.753974
16.31	0.754077
16.3	0.754181
16.29	0.754284
16.28	0.754388
16.27	0.754492
16.26	0.754596
16.25	0.7547
16.24	0.754804
16.23	0.754909
16.22	0.755014
16.21	0.755118
16.2	0.755223
16.19	0.755329
16.18	0.755434
16.17	0.755539
16.16	0.755645
16.15	0.755751
16.14	0.755857
16.13	0.755963
16.12	0.756069
16.11	0.756175
16.1	0.756282
16.09	0.756388
16.08	0.756495
16.07	0.756602
16.06	0.75671
16.05	0.756817
16.04	0.756924
16.03	0.757032
16.02	0.75714
16.01	0.757248
16	0.757356
15.99	0.757464
15.98	0.757573
15.97	0.757681
15.96	0.75779
15.95	0.757899
15.94	0.758008
15.93	0.758117
15.92	0.758227
15.91	0.758336
15.9	0.758446
15.89	0.758556
15.88	0.758666
15.87	0.758777
15.86	0.758887
15.85	0.758998
15.84	0.759108
15.83	0.759219
15.82	0.75933
15.81	0.759442
15.8	0.759553
15.79	0.759665
15.78	0.759777
15.77	0.759888
15.76	0.760001
15.75	0.760113
15.74	0.760225
15.73	0.760338
15.72	0.760451
15.71	0.760564
15.7	0.760677
15.69	0.76079
15.68	0.760904
15.67	0.761018
15.66	0.761131
15.65	0.761245
15.64	0.76136
15.63	0.761474
15.62	0.761589
15.61	0.761703
15.6	0.761818
15.59	0.761933
15.58	0.762048
15.57	0.762164
15.56	0.76228
15.55	0.762395
15.54	0.762511
15.53	0.762627
15.52	0.762744
15.51	0.76286
15.5	0.762977
15.49	0.763094
15.48	0.763211
15.47	0.763328
15.46	0.763446
15.45	0.763563
15.44	0.763681
15.43	0.763799
15.42	0.763917
15.41	0.764036
15.4	0.764154
15.39	0.764273
15.38	0.764392
15.37	0.764511
15.36	0.76463
15.35	0.76475
15.34	0.764869
15.33	0.764989
15.32	0.765109
15.31	0.765229
15.3	0.76535
15.29	0.76547
15.28	0.765591
15.27	0.765712
15.26	0.765833
15.25	0.765955
15.24	0.766076
15.23	0.766198
15.22	0.76632
15.21	0.766442
15.2	0.766564
15.19	0.766687
15.18	0.76681
15.17	0.766933
15.16	0.767056
15.15	0.767179
15.14	0.767303
15.13	0.767426
15.12	0.76755
15.11	0.767674
15.1	0.767799
15.09	0.767923
15.08	0.768048
15.07	0.768173
15.06	0.768298
15.05	0.768423
15.04	0.768549
15.03	0.768674
15.02	0.7688
15.01	0.768926
15	0.769053
14.99	0.769179
14.98	0.769306
14.97	0.769433
14.96	0.76956
14.95	0.769687
14.94	0.769815
14.93	0.769943
14.92	0.770071
14.91	0.770199
14.9	0.770327
14.89	0.770456
14.88	0.770585
14.87	0.770714
14.86	0.770843
14.85	0.770972
14.84	0.771102
14.83	0.771232
14.82	0.771362
14.81	0.771492
14.8	0.771623
14.79	0.771753
14.78	0.771884
14.77	0.772016
14.76	0.772147
14.75	0.772278
14.74	0.77241
14.73	0.772542
14.72	0.772675
14.71	0.772807
14.7	0.77294
14.69	0.773072
14.68	0.773206
14.67	0.773339
14.66	0.773472
14.65	0.773606
14.64	0.77374
14.63	0.773875
14.62	0.774009
14.61	0.774144
14.6	0.774279
14.59	0.774414
14.58	0.774549
14.57	0.774685
14.56	0.77482
14.55	0.774956
14.54	0.775093
14.53	0.775229
14.52	0.775366
14.51	0.775503
14.5	0.77564
14.49	0.775777
14.48	0.775915
14.47	0.776053
14.46	0.776191
14.45	0.776329
14.44	0.776468
14.43	0.776607
14.42	0.776746
14.41	0.776885
14.4	0.777025
14.39	0.777164
14.38	0.777304
14.37	0.777445
14.36	0.777585
14.35	0.777726
14.34	0.777867
14.33	0.778008
14.32	0.778149
14.31	0.778291
14.3	0.778433
14.29	0.778575
14.28	0.778717
14.27	0.77886
14.26	0.779003
14.25	0.779146
14.24	0.779289
14.23	0.779433
14.22	0.779577
14.21	0.779721
14.2	0.779866
14.19	0.78001
14.18	0.780155
14.17	0.7803
14.16	0.780446
14.15	0.780591
14.14	0.780737
14.13	0.780883
14.12	0.78103
14.11	0.781176
14.1	0.781323
14.09	0.78147
14.08	0.781618
14.07	0.781765
14.06	0.781913
14.05	0.782061
14.04	0.78221
14.03	0.782359
14.02	0.782508
14.01	0.782657
14	0.782806
13.99	0.782956
13.98	0.783106
13.97	0.783256
13.96	0.783407
13.95	0.783558
13.94	0.783709
13.93	0.78386
13.92	0.784012
13.91	0.784164
13.9	0.784316
13.89	0.784468
13.88	0.784621
13.87	0.784774
13.86	0.784927
13.85	0.785081
13.84	0.785234
13.83	0.785388
13.82	0.785543
13.81	0.785697
13.8	0.785852
13.79	0.786007
13.78	0.786163
13.77	0.786318
13.76	0.786474
13.75	0.786631
13.74	0.786787
13.73	0.786944
13.72	0.787101
13.71	0.787259
13.7	0.787416
13.69	0.787574
13.68	0.787733
13.67	0.787891
13.66	0.78805
13.65	0.788209
13.64	0.788368
13.63	0.788528
13.62	0.788688
13.61	0.788848
13.6	0.789009
13.59	0.78917
13.58	0.789331
13.57	0.789492
13.56	0.789654
13.55	0.789816
13.54	0.789979
13.53	0.790141
13.52	0.790304
13.51	0.790467
13.5	0.790631
13.49	0.790795
13.48	0.790959
13.47	0.791123
13.46	0.791288
13.45	0.791453
13.44	0.791618
13.43	0.791784
13.42	0.79195
13.41	0.792116
13.4	0.792283
13.39	0.79245
13.38	0.792617
13.37	0.792785
13.36	0.792952
13.35	0.79312
13.34	0.793289
13.33	0.793458
13.32	0.793627
13.31	0.793796
13.3	0.793966
13.29	0.794136
13.28	0.794306
13.27	0.794477
13.26	0.794648
13.25	0.794819
13.24	0.794991
13.23	0.795163
13.22	0.795335
13.21	0.795508
13.2	0.79568
13.19	0.795854
13.18	0.796027
13.17	0.796201
13.16	0.796375
13.15	0.79655
13.14	0.796725
13.13	0.7969
13.12	0.797076
13.11	0.797252
13.1	0.797428
13.09	0.797604
13.08	0.797781
13.07	0.797958
13.06	0.798136
13.05	0.798314
13.04	0.798492
13.03	0.798671
13.02	0.79885
13.01	0.799029
13	0.799209
12.99	0.799389
12.98	0.799569
12.97	0.79975
12.96	0.799931
12.95	0.800112
12.94	0.800294
12.93	0.800476
12.92	0.800658
12.91	0.800841
12.9	0.801024
12.89	0.801208
12.88	0.801392
12.87	0.801576
12.86	0.80176
12.85	0.801945
12.84	0.802131
12.83	0.802316
12.82	0.802502
12.81	0.802689
12.8	0.802876
12.79	0.803063
12.78	0.80325
12.77	0.803438
12.76	0.803626
12.75	0.803815
12.74	0.804004
12.73	0.804193
12.72	0.804383
12.71	0.804573
12.7	0.804763
12.69	0.804954
12.68	0.805145
12.67	0.805337
12.66	0.805529
12.65	0.805721
12.64	0.805914
12.63	0.806107
12.62	0.806301
12.61	0.806495
12.6	0.806689
12.59	0.806884
12.58	0.807079
12.57	0.807274
12.56	0.80747
12.55	0.807666
12.54	0.807863
12.53	0.80806
12.52	0.808257
12.51	0.808455
12.5	0.808653
12.49	0.808852
12.48	0.809051
12.47	0.809251
12.46	0.80945
12.45	0.809651
12.44	0.809851
12.43	0.810052
12.42	0.810254
12.41	0.810456
12.4	0.810658
12.39	0.810861
12.38	0.811064
12.37	0.811267
12.36	0.811471
12.35	0.811676
12.34	0.811881
12.33	0.812086
12.32	0.812291
12.31	0.812497
12.3	0.812704
12.29	0.812911
12.28	0.813118
12.27	0.813326
12.26	0.813534
12.25	0.813743
12.24	0.813952
12.23	0.814161
12.22	0.814371
12.21	0.814582
12.2	0.814793
12.19	0.815004
12.18	0.815215
12.17	0.815428
12.16	0.81564
12.15	0.815853
12.14	0.816067
12.13	0.816281
12.12	0.816495
12.11	0.81671
12.1	0.816925
12.09	0.817141
12.08	0.817357
12.07	0.817573
12.06	0.817791
12.05	0.818008
12.04	0.818226
12.03	0.818445
12.02	0.818664
12.01	0.818883
12	0.819103
11.99	0.819323
11.98	0.819544
11.97	0.819765
11.96	0.819987
11.95	0.820209
11.94	0.820432
11.93	0.820655
11.92	0.820879
11.91	0.821103
11.9	0.821327
11.89	0.821552
11.88	0.821778
11.87	0.822004
11.86	0.822231
11.85	0.822458
11.84	0.822685
11.83	0.822913
11.82	0.823142
11.81	0.823371
11.8	0.8236
11.79	0.82383
11.78	0.824061
11.77	0.824292
11.76	0.824523
11.75	0.824755
11.74	0.824988
11.73	0.825221
11.72	0.825454
11.71	0.825688
11.7	0.825923
11.69	0.826158
11.68	0.826394
11.67	0.82663
11.66	0.826867
11.65	0.827104
11.64	0.827341
11.63	0.82758
11.62	0.827818
11.61	0.828058
11.6	0.828297
11.59	0.828538
11.58	0.828779
11.57	0.82902
11.56	0.829262
11.55	0.829504
11.54	0.829747
11.53	0.829991
11.52	0.830235
11.51	0.83048
11.5	0.830725
11.49	0.830971
11.48	0.831217
11.47	0.831464
11.46	0.831711
11.45	0.831959
11.44	0.832208
11.43	0.832457
11.42	0.832707
11.41	0.832957
11.4	0.833208
11.39	0.833459
11.38	0.833711
11.37	0.833963
11.36	0.834217
11.35	0.83447
11.34	0.834724
11.33	0.834979
11.32	0.835235
11.31	0.835491
11.3	0.835747
11.29	0.836004
11.28	0.836262
11.27	0.836521
11.26	0.836779
11.25	0.837039
11.24	0.837299
11.23	0.83756
11.22	0.837821
11.21	0.838083
11.2	0.838346
11.19	0.838609
11.18	0.838873
11.17	0.839137
11.16	0.839402
11.15	0.839668
11.14	0.839934
11.13	0.840201
11.12	0.840468
11.11	0.840737
11.1	0.841005
11.09	0.841275
11.08	0.841545
11.07	0.841815
11.06	0.842087
11.05	0.842359
11.04	0.842631
11.03	0.842905
11.02	0.843178
11.01	0.843453
11	0.843728
10.99	0.844004
10.98	0.84428
10.97	0.844558
10.96	0.844835
10.95	0.845114
10.94	0.845393
10.93	0.845673
10.92	0.845953
10.91	0.846234
10.9	0.846516
10.89	0.846799
10.88	0.847082
10.87	0.847366
10.86	0.84765
10.85	0.847935
10.84	0.848221
10.83	0.848508
10.82	0.848795
10.81	0.849083
10.8	0.849372
10.79	0.849661
10.78	0.849952
10.77	0.850242
10.76	0.850534
10.75	0.850826
10.74	0.851119
10.73	0.851413
10.72	0.851707
10.71	0.852002
10.7	0.852298
10.69	0.852595
10.68	0.852892
10.67	0.85319
10.66	0.853489
10.65	0.853788
10.64	0.854089
10.63	0.85439
10.62	0.854692
10.61	0.854994
10.6	0.855297
10.59	0.855601
10.58	0.855906
10.57	0.856212
10.56	0.856518
10.55	0.856825
10.54	0.857133
10.53	0.857441
10.52	0.857751
10.51	0.858061
10.5	0.858372
10.49	0.858684
10.48	0.858996
10.47	0.85931
10.46	0.859624
10.45	0.859939
10.44	0.860254
10.43	0.860571
10.42	0.860888
10.41	0.861206
10.4	0.861525
10.39	0.861845
10.38	0.862165
10.37	0.862487
10.36	0.862809
10.35	0.863132
10.34	0.863456
10.33	0.863781
10.32	0.864106
10.31	0.864433
10.3	0.86476
10.29	0.865088
10.28	0.865417
10.27	0.865747
10.26	0.866077
10.25	0.866409
10.24	0.866741
10.23	0.867074
10.22	0.867408
10.21	0.867743
10.2	0.868079
10.19	0.868416
10.18	0.868754
10.17	0.869092
10.16	0.869431
10.15	0.869772
10.14	0.870113
10.13	0.870455
10.12	0.870798
10.11	0.871142
10.1	0.871487
10.09	0.871832
10.08	0.872179
10.07	0.872527
10.06	0.872875
10.05	0.873224
10.04	0.873575
10.03	0.873926
10.02	0.874278
10.01	0.874632
10	0.874986
9.99	0.875341
9.98	0.875697
9.97	0.876054
9.96	0.876412
9.95	0.876771
9.94	0.877131
9.93	0.877491
9.92	0.877853
9.91	0.878216
9.9	0.87858
9.89	0.878945
9.88	0.879311
9.87	0.879677
9.86	0.880045
9.85	0.880414
9.84	0.880784
9.83	0.881155
9.82	0.881527
9.81	0.8819
9.8	0.882274
9.79	0.882649
9.78	0.883025
9.77	0.883402
9.76	0.88378
9.75	0.884159
9.74	0.884539
9.73	0.88492
9.72	0.885303
9.71	0.885686
9.7	0.88607
9.69	0.886456
9.68	0.886843
9.67	0.88723
9.66	0.887619
9.65	0.888009
9.64	0.8884
9.63	0.888792
9.62	0.889185
9.61	0.88958
9.6	0.889975
9.59	0.890372
9.58	0.890769
9.57	0.891168
9.56	0.891568
9.55	0.891969
9.54	0.892371
9.53	0.892775
9.52	0.893179
9.51	0.893585
9.5	0.893992
9.49	0.8944
9.48	0.894809
9.47	0.89522
9.46	0.895631
9.45	0.896044
9.44	0.896458
9.43	0.896873
9.42	0.89729
9.41	0.897707
9.4	0.898126
9.39	0.898546
9.38	0.898967
9.37	0.89939
9.36	0.899814
9.35	0.900239
9.34	0.900665
9.33	0.901092
9.32	0.901521
9.31	0.901951
9.3	0.902383
9.29	0.902815
9.28	0.903249
9.27	0.903684
9.26	0.904121
9.25	0.904558
9.24	0.904997
9.23	0.905438
9.22	0.90588
9.21	0.906323
9.2	0.906767
9.19	0.907213
9.18	0.90766
9.17	0.908108
9.16	0.908558
9.15	0.909009
9.14	0.909461
9.13	0.909915
9.12	0.91037
9.11	0.910827
9.1	0.911285
9.09	0.911744
9.08	0.912205
9.07	0.912667
9.06	0.913131
9.05	0.913596
9.04	0.914062
9.03	0.91453
9.02	0.915
9.01	0.91547
9	0.915943
8.99	0.916416
8.98	0.916892
8.97	0.917368
8.96	0.917846
8.95	0.918326
8.94	0.918807
8.93	0.91929
8.92	0.919774
8.91	0.920259
8.9	0.920747
8.89	0.921235
8.88	0.921726
8.87	0.922217
8.86	0.922711
8.85	0.923206
8.84	0.923702
8.83	0.9242
8.82	0.9247
8.81	0.925201
8.8	0.925704
8.79	0.926208
8.78	0.926714
8.77	0.927222
8.76	0.927731
8.75	0.928242
8.74	0.928755
8.73	0.929269
8.72	0.929785
8.71	0.930303
8.7	0.930822
8.69	0.931343
8.68	0.931865
8.67	0.93239
8.66	0.932916
8.65	0.933444
8.64	0.933973
8.63	0.934504
8.62	0.935037
8.61	0.935572
8.6	0.936108
8.59	0.936647
8.58	0.937187
8.57	0.937728
8.56	0.938272
8.55	0.938817
8.54	0.939365
8.53	0.939914
8.52	0.940464
8.51	0.941017
8.5	0.941572
8.49	0.942128
8.48	0.942686
8.47	0.943246
8.46	0.943808
8.45	0.944372
8.44	0.944938
8.43	0.945506
8.42	0.946076
8.41	0.946647
8.4	0.947221
8.39	0.947796
8.38	0.948374
8.37	0.948953
8.36	0.949535
8.35	0.950118
8.34	0.950703
8.33	0.951291
8.32	0.95188
8.31	0.952472
8.3	0.953065
8.29	0.953661
8.28	0.954259
8.27	0.954858
8.26	0.95546
8.25	0.956064
8.24	0.95667
8.23	0.957278
8.22	0.957888
8.21	0.958501
8.2	0.959115
8.19	0.959732
8.18	0.960351
8.17	0.960972
8.16	0.961595
8.15	0.962221
8.14	0.962849
8.13	0.963479
8.12	0.964111
8.11	0.964745
8.1	0.965382
8.09	0.966021
8.08	0.966662
8.07	0.967306
8.06	0.967952
8.05	0.9686
8.04	0.969251
8.03	0.969904
8.02	0.970559
8.01	0.971217
8	0.971877
7.99	0.972539
7.98	0.973204
7.97	0.973871
7.96	0.974541
7.95	0.975213
7.94	0.975888
7.93	0.976565
7.92	0.977245
7.91	0.977927
7.9	0.978612
7.89	0.979299
7.88	0.979989
7.87	0.980682
7.86	0.981377
7.85	0.982074
7.84	0.982774
7.83	0.983477
7.82	0.984183
7.81	0.984891
7.8	0.985602
7.79	0.986315
7.78	0.987032
7.77	0.98775
7.76	0.988472
7.75	0.989196
7.74	0.989924
7.73	0.990654
7.72	0.991386
7.71	0.992122
7.7	0.99286
7.69	0.993601
7.68	0.994346
7.67	0.995092
7.66	0.995842
7.65	0.996595
7.64	0.997351
7.63	0.998109
7.62	0.998871
7.61	0.999635
7.6	1.0004
7.59	1.00117
7.58	1.00195
7.57	1.00272
7.56	1.0035
7.55	1.00429
7.54	1.00507
7.53	1.00586
7.52	1.00665
7.51	1.00745
7.5	1.00825
7.49	1.00905
7.48	1.00985
7.47	1.01066
7.46	1.01147
7.45	1.01229
7.44	1.01311
7.43	1.01393
7.42	1.01475
7.41	1.01558
7.4	1.01641
7.39	1.01724
7.38	1.01808
7.37	1.01892
7.36	1.01977
7.35	1.02062
7.34	1.02147
7.33	1.02233
7.32	1.02318
7.31	1.02405
7.3	1.02491
7.29	1.02578
7.28	1.02666
7.27	1.02753
7.26	1.02841
7.25	1.0293
7.24	1.03019
7.23	1.03108
7.22	1.03197
7.21	1.03287
7.2	1.03378
7.19	1.03468
7.18	1.03559
7.17	1.03651
7.16	1.03743
7.15	1.03835
7.14	1.03928
7.13	1.04021
7.12	1.04114
7.11	1.04208
7.1	1.04302
7.09	1.04397
7.08	1.04492
7.07	1.04587
7.06	1.04683
7.05	1.0478
7.04	1.04876
7.03	1.04973
7.02	1.05071
7.01	1.05169
7	1.05268
6.99	1.05366
6.98	1.05466
6.97	1.05566
6.96	1.05666
6.95	1.05766
6.94	1.05868
6.93	1.05969
6.92	1.06071
6.91	1.06174
6.9	1.06277
6.89	1.0638
6.88	1.06484
6.87	1.06588
6.86	1.06693
6.85	1.06798
6.84	1.06904
6.83	1.0701
6.82	1.07117
6.81	1.07224
6.8	1.07332
6.79	1.0744
6.78	1.07549
6.77	1.07658
6.76	1.07768
6.75	1.07878
6.74	1.07989
6.73	1.081
6.72	1.08212
6.71	1.08325
6.7	1.08437
6.69	1.08551
6.68	1.08665
6.67	1.08779
6.66	1.08894
6.65	1.0901
6.64	1.09126
6.63	1.09243
6.62	1.0936
6.61	1.09478
6.6	1.09596
6.59	1.09715
6.58	1.09835
6.57	1.09955
6.56	1.10075
6.55	1.10197
6.54	1.10319
6.53	1.10441
6.52	1.10564
6.51	1.10688
6.5	1.10812
6.49	1.10937
6.48	1.11062
6.47	1.11189
6.46	1.11315
6.45	1.11443
6.44	1.11571
6.43	1.117
6.42	1.11829
6.41	1.11959
6.4	1.12089
6.39	1.12221
6.38	1.12353
6.37	1.12485
6.36	1.12619
6.35	1.12753
6.34	1.12887
6.33	1.13023
6.32	1.13159
6.31	1.13296
6.3	1.13433
6.29	1.13571
6.28	1.1371
6.27	1.1385
6.26	1.1399
6.25	1.14131
6.24	1.14273
6.23	1.14416
6.22	1.14559
6.21	1.14703
6.2	1.14848
6.19	1.14994
6.18	1.1514
6.17	1.15288
6.16	1.15436
6.15	1.15584
6.14	1.15734
6.13	1.15884
6.12	1.16036
6.11	1.16188
6.1	1.16341
6.09	1.16494
6.08	1.16649
6.07	1.16804
6.06	1.1696
6.05	1.17118
6.04	1.17276
6.03	1.17434
6.02	1.17594
6.01	1.17755
6	1.17916
5.99	1.18079
5.98	1.18242
5.97	1.18406
5.96	1.18572
5.95	1.18738
5.94	1.18905
5.93	1.19073
5.92	1.19242
5.91	1.19412
5.9	1.19583
5.89	1.19755
5.88	1.19928
5.87	1.20102
5.86	1.20277
5.85	1.20453
5.84	1.2063
5.83	1.20808
5.82	1.20987
5.81	1.21167
5.8	1.21348
5.79	1.2153
5.78	1.21713
5.77	1.21898
5.76	1.22083
5.75	1.2227
5.74	1.22458
5.73	1.22647
5.72	1.22837
5.71	1.23028
5.7	1.2322
5.69	1.23414
5.68	1.23609
5.67	1.23804
5.66	1.24002
5.65	1.242
5.64	1.24399
5.63	1.246
5.62	1.24802
5.61	1.25005
5.6	1.2521
5.59	1.25416
5.58	1.25623
5.57	1.25831
5.56	1.26041
5.55	1.26252
5.54	1.26465
5.53	1.26679
5.52	1.26894
5.51	1.2711
5.5	1.27328
5.49	1.27548
5.48	1.27768
5.47	1.27991
5.46	1.28214
5.45	1.28439
5.44	1.28666
5.43	1.28894
5.42	1.29124
5.41	1.29355
5.4	1.29587
5.39	1.29822
5.38	1.30057
5.37	1.30295
5.36	1.30534
5.35	1.30774
5.34	1.31016
5.33	1.3126
5.32	1.31506
5.31	1.31753
5.3	1.32002
5.29	1.32253
5.28	1.32505
5.27	1.32759
5.26	1.33015
5.25	1.33272
5.24	1.33532
5.23	1.33793
5.22	1.34056
5.21	1.34321
5.2	1.34588
5.19	1.34857
5.18	1.35127
5.17	1.354
5.16	1.35675
5.15	1.35951
5.14	1.3623
5.13	1.3651
5.12	1.36793
5.11	1.37077
5.1	1.37364
5.09	1.37653
5.08	1.37944
5.07	1.38237
5.06	1.38533
5.05	1.3883
5.04	1.3913
5.03	1.39432
5.02	1.39736
5.01	1.40043
5	1.40352
4.99	1.40663
4.98	1.40977
4.97	1.41293
4.96	1.41612
4.95	1.41933
4.94	1.42256
4.93	1.42582
4.92	1.42911
4.91	1.43242
4.9	1.43576
4.89	1.43912
4.88	1.44251
4.87	1.44593
4.86	1.44937
4.85	1.45285
4.84	1.45635
4.83	1.45988
4.82	1.46343
4.81	1.46702
4.8	1.47064
4.79	1.47428
4.78	1.47796
4.77	1.48167
4.76	1.4854
4.75	1.48917
4.74	1.49297
4.73	1.4968
4.72	1.50067
4.71	1.50457
4.7	1.5085
4.69	1.51246
4.68	1.51646
4.67	1.52049
4.66	1.52456
4.65	1.52866
4.64	1.5328
4.63	1.53698
4.62	1.54119
4.61	1.54544
4.6	1.54973
4.59	1.55405
4.58	1.55841
4.57	1.56282
4.56	1.56726
4.55	1.57174
4.54	1.57627
4.53	1.58083
4.52	1.58544
4.51	1.59009
4.5	1.59478
4.49	1.59952
4.48	1.6043
4.47	1.60913
4.46	1.614
4.45	1.61891
4.44	1.62388
4.43	1.62889
4.42	1.63395
4.41	1.63906
4.4	1.64422
4.39	1.64943
4.38	1.65469
4.37	1.66
4.36	1.66536
4.35	1.67078
4.34	1.67625
4.33	1.68177
4.32	1.68736
4.31	1.69299
4.3	1.69869
4.29	1.70444
4.28	1.71026
4.27	1.71613
4.26	1.72206
4.25	1.72806
4.24	1.73412
4.23	1.74024
4.22	1.74643
4.21	1.75268
4.2	1.759
4.19	1.76539
4.18	1.77184
4.17	1.77837
4.16	1.78497
4.15	1.79164
4.14	1.79838
4.13	1.8052
4.12	1.8121
4.11	1.81907
4.1	1.82612
4.09	1.83325
4.08	1.84047
4.07	1.84776
4.06	1.85514
4.05	1.86261
4.04	1.87016
4.03	1.8778
4.02	1.88553
4.01	1.89336
4	1.90127
3.99	1.90928
3.98	1.91739
3.97	1.9256
3.96	1.93391
3.95	1.94232
3.94	1.95084
3.93	1.95946
3.92	1.96819
3.91	1.97703
3.9	1.98598
3.89	1.99504
3.88	2.00423
3.87	2.01353
3.86	2.02295
3.85	2.0325
3.84	2.04217
3.83	2.05198
3.82	2.06191
3.81	2.07198
3.8	2.08218
3.79	2.09253
3.78	2.10302
3.77	2.11365
3.76	2.12443
3.75	2.13536
3.74	2.14645
3.73	2.1577
3.72	2.16911
3.71	2.18069
3.7	2.19243
3.69	2.20435
3.68	2.21644
3.67	2.22872
3.66	2.24118
3.65	2.25383
3.64	2.26668
3.63	2.27973
3.62	2.29297
3.61	2.30643
3.6	2.3201
3.59	2.33399
3.58	2.34811
3.57	2.36245
3.56	2.37703
3.55	2.39186
3.54	2.40693
3.53	2.42226
3.52	2.43784
3.51	2.4537
3.5	2.46984
3.49	2.48626
3.48	2.50297
3.47	2.51998
3.46	2.5373
3.45	2.55493
3.44	2.5729
3.43	2.5912
3.42	2.60985
3.41	2.62885
3.4	2.64823
3.39	2.66798
3.38	2.68813
3.37	2.70868
3.36	2.72965
3.35	2.75106
3.34	2.7729
3.33	2.79522
3.32	2.81801
3.31	2.84129
3.3	2.86509
3.29	2.88941
3.28	2.91429
3.27	2.93974
3.26	2.96579
3.25	2.99245
3.24	3.01975
3.23	3.04772
3.22	3.07639
3.21	3.10578
3.2	3.13592
3.19	3.16686
3.18	3.19861
3.17	3.23123
3.16	3.26476
3.15	3.29922
3.14	3.33468
3.13	3.37118
3.12	3.40877
3.11	3.44752
3.1	3.48748
3.09	3.52872
3.08	3.57132
3.07	3.61535
3.06	3.66091
3.05	3.70807
3.04	3.75696
3.03	3.80768
3.02	3.86036
3.01	3.91514
3	3.97217
2.99	4.03163
2.98	4.0937
2.97	4.1586
2.96	4.22657
2.95	4.2979
2.94	4.37289
2.93	4.4519
2.92	4.53537
2.91	4.62376
2.9	4.71765
2.89	4.81772
2.88	4.92478
2.87	5.03979
2.86	5.16397
2.85	5.2988
2.84	5.44617
2.83	5.60852
2.82	5.78908
2.81	5.99225
2.8	6.22425
2.79	6.4943
2.78	6.81686
2.77	7.21666
2.76	7.74143
2.75	8.50402
2.74	9.91142
-2.74	9.91142
-2.75	8.50402
-2.76	7.74143
-2.77	7.21666
-2.78	6.81686
-2.79	6.4943
-2.8	6.22425
-2.81	5.99225
-2.82	5.78908
-2.83	5.60852
-2.84	5.44617
-2.85	5.2988
-2.86	5.16397
-2.87	5.03979
-2.88	4.92478
-2.89	4.81772
-2.9	4.71765
-2.91	4.62376
-2.92	4.53537
-2.93	4.4519
-2.94	4.37289
-2.95	4.2979
-2.96	4.22657
-2.97	4.1586
-2.98	4.0937
-2.99	4.03163
-3	3.97217
-3.01	3.91514
-3.02	3.86036
-3.03	3.80768
-3.04	3.75696
-3.05	3.70807
-3.06	3.66091
-3.07	3.61535
-3.08	3.57132
-3.09	3.52872
-3.1	3.48748
-3.11	3.44752
-3.12	3.40877
-3.13	3.37118
-3.14	3.33468
-3.15	3.29922
-3.16	3.26476
-3.17	3.23123
-3.18	3.19861
-3.19	3.16686
-3.2	3.13592
-3.21	3.10578
-3.22	3.07639
-3.23	3.04772
-3.24	3.01975
-3.25	2.99245
-3.26	2.96579
-3.27	2.93974
-3.28	2.91429
-3.29	2.88941
-3.3	2.86509
-3.31	2.84129
-3.32	2.81801
-3.33	2.79522
-3.34	2.7729
-3.35	2.75106
-3.36	2.72965
-3.37	2.70868
-3.38	2.68813
-3.39	2.66798
-3.4	2.64823
-3.41	2.62885
-3.42	2.60985
-3.43	2.5912
-3.44	2.5729
-3.45	2.55493
-3.46	2.5373
-3.47	2.51998
-3.48	2.50297
-3.49	2.48626
-3.5	2.46984
-3.51	2.4537
-3.52	2.43784
-3.53	2.42226
-3.54	2.40693
-3.55	2.39186
-3.56	2.37703
-3.57	2.36245
-3.58	2.34811
-3.59	2.33399
-3.6	2.3201
-3.61	2.30643
-3.62	2.29297
-3.63	2.27973
-3.64	2.26668
-3.65	2.25383
-3.66	2.24118
-3.67	2.22872
-3.68	2.21644
-3.69	2.20435
-3.7	2.19243
-3.71	2.18069
-3.72	2.16911
-3.73	2.1577
-3.74	2.14645
-3.75	2.13536
-3.76	2.12443
-3.77	2.11365
-3.78	2.10302
-3.79	2.09253
-3.8	2.08218
-3.81	2.07198
-3.82	2.06191
-3.83	2.05198
-3.84	2.04217
-3.85	2.0325
-3.86	2.02295
-3.87	2.01353
-3.88	2.00423
-3.89	1.99504
-3.9	1.98598
-3.91	1.97703
-3.92	1.96819
-3.93	1.95946
-3.94	1.95084
-3.95	1.94232
-3.96	1.93391
-3.97	1.9256
-3.98	1.91739
-3.99	1.90928
-4	1.90127
-4.01	1.89336
-4.02	1.88553
-4.03	1.8778
-4.04	1.87016
-4.05	1.86261
-4.06	1.85514
-4.07	1.84776
-4.08	1.84047
-4.09	1.83325
-4.1	1.82612
-4.11	1.81907
-4.12	1.8121
-4.13	1.8052
-4.14	1.79838
-4.15	1.79164
-4.16	1.78497
-4.17	1.77837
-4.18	1.77184
-4.19	1.76539
-4.2	1.759
-4.21	1.75268
-4.22	1.74643
-4.23	1.74024
-4.24	1.73412
-4.25	1.72806
-4.26	1.72206
-4.27	1.71613
-4.28	1.71026
-4.29	1.70444
-4.3	1.69869
-4.31	1.69299
-4.32	1.68736
-4.33	1.68177
-4.34	1.67625
-4.35	1.67078
-4.36	1.66536
-4.37	1.66
-4.38	1.65469
-4.39	1.64943
-4.4	1.64422
-4.41	1.63906
-4.42	1.63395
-4.43	1.62889
-4.44	1.62388
-4.45	1.61891
-4.46	1.614
-4.47	1.60913
-4.48	1.6043
-4.49	1.59952
-4.5	1.59478
-4.51	1.59009
-4.52	1.58544
-4.53	1.58083
-4.54	1.57627
-4.55	1.57174
-4.56	1.56726
-4.57	1.56282
-4.58	1.55841
-4.59	1.55405
-4.6	1.54973
-4.61	1.54544
-4.62	1.54119
-4.63	1.53698
-4.64	1.5328
-4.65	1.52866
-4.66	1.52456
-4.67	1.52049
-4.68	1.51646
-4.69	1.51246
-4.7	1.5085
-4.71	1.50457
-4.72	1.50067
-4.73	1.4968
-4.74	1.49297
-4.75	1.48917
-4.76	1.4854
-4.77	1.48167
-4.78	1.47796
-4.79	1.47428
-4.8	1.47064
-4.81	1.46702
-4.82	1.46343
-4.83	1.45988
-4.84	1.45635
-4.85	1.45285
-4.86	1.44937
-4.87	1.44593
-4.88	1.44251
-4.89	1.43912
-4.9	1.43576
-4.91	1.43242
-4.92	1.42911
-4.93	1.42582
-4.94	1.42256
-4.95	1.41933
-4.96	1.41612
-4.97	1.41293
-4.98	1.40977
-4.99	1.40663
-5	1.40352
-5.01	1.40043
-5.02	1.39736
-5.03	1.39432
-5.04	1.3913
-5.05	1.3883
-5.06	1.38533
-5.07	1.38237
-5.08	1.37944
-5.09	1.37653
-5.1	1.37364
-5.11	1.37077
-5.12	1.36793
-5.13	1.3651
-5.14	1.3623
-5.15	1.35951
-5.16	1.35675
-5.17	1.354
-5.18	1.35127
-5.19	1.34857
-5.2	1.34588
-5.21	1.34321
-5.22	1.34056
-5.23	1.33793
-5.24	1.33532
-5.25	1.33272
-5.26	1.33015
-5.27	1.32759
-5.28	1.32505
-5.29	1.32253
-5.3	1.32002
-5.31	1.31753
-5.32	1.31506
-5.33	1.3126
-5.34	1.31016
-5.35	1.30774
-5.36	1.30534
-5.37	1.30295
-5.38	1.30057
-5.39	1.29822
-5.4	1.29587
-5.41	1.29355
-5.42	1.29124
-5.43	1.28894
-5.44	1.28666
-5.45	1.28439
-5.46	1.28214
-5.47	1.27991
-5.48	1.27768
-5.49	1.27548
-5.5	1.27328
-5.51	1.2711
-5.52	1.26894
-5.53	1.26679
-5.54	1.26465
-5.55	1.26252
-5.56	1.26041
-5.57	1.25831
-5.58	1.25623
-5.59	1.25416
-5.6	1.2521
-5.61	1.25005
-5.62	1.24802
-5.63	1.246
-5.64	1.24399
-5.65	1.242
-5.66	1.24002
-5.67	1.23804
-5.68	1.23609
-5.69	1.23414
-5.7	1.2322
-5.71	1.23028
-5.72	1.22837
-5.73	1.22647
-5.74	1.22458
-5.75	1.2227
-5.76	1.22083
-5.77	1.21898
-5.78	1.21713
-5.79	1.2153
-5.8	1.21348
-5.81	1.21167
-5.82	1.20987
-5.83	1.20808
-5.84	1.2063
-5.85	1.20453
-5.86	1.20277
-5.87	1.20102
-5.88	1.19928
-5.89	1.19755
-5.9	1.19583
-5.91	1.19412
-5.92	1.19242
-5.93	1.19073
-5.94	1.18905
-5.95	1.18738
-5.96	1.18572
-5.97	1.18406
-5.98	1.18242
-5.99	1.18079
-6	1.17916
-6.01	1.17755
-6.02	1.17594
-6.03	1.17434
-6.04	1.17276
-6.05	1.17118
-6.06	1.1696
-6.07	1.16804
-6.08	1.16649
-6.09	1.16494
-6.1	1.16341
-6.11	1.16188
-6.12	1.16036
-6.13	1.15884
-6.14	1.15734
-6.15	1.15584
-6.16	1.15436
-6.17	1.15288
-6.18	1.1514
-6.19	1.14994
-6.2	1.14848
-6.21	1.14703
-6.22	1.14559
-6.23	1.14416
-6.24	1.14273
-6.25	1.14131
-6.26	1.1399
-6.27	1.1385
-6.28	1.1371
-6.29	1.13571
-6.3	1.13433
-6.31	1.13296
-6.32	1.13159
-6.33	1.13023
-6.34	1.12887
-6.35	1.12753
-6.36	1.12619
-6.37	1.12485
-6.38	1.12353
-6.39	1.12221
-6.4	1.12089
-6.41	1.11959
-6.42	1.11829
-6.43	1.117
-6.44	1.11571
-6.45	1.11443
-6.46	1.11315
-6.47	1.11189
-6.48	1.11062
-6.49	1.10937
-6.5	1.10812
-6.51	1.10688
-6.52	1.10564
-6.53	1.10441
-6.54	1.10319
-6.55	1.10197
-6.56	1.10075
-6.57	1.09955
-6.58	1.09835
-6.59	1.09715
-6.6	1.09596
-6.61	1.09478
-6.62	1.0936
-6.63	1.09243
-6.64	1.09126
-6.65	1.0901
-6.66	1.08894
-6.67	1.08779
-6.68	1.08665
-6.69	1.08551
-6.7	1.08437
-6.71	1.08325
-6.72	1.08212
-6.73	1.081
-6.74	1.07989
-6.75	1.07878
-6.76	1.07768
-6.77	1.07658
-6.78	1.07549
-6.79	1.0744
-6.8	1.07332
-6.81	1.07224
-6.82	1.07117
-6.83	1.0701
-6.84	1.06904
-6.85	1.06798
-6.86	1.06693
-6.87	1.06588
-6.88	1.06484
-6.89	1.0638
-6.9	1.06277
-6.91	1.06174
-6.92	1.06071
-6.93	1.05969
-6.94	1.05868
-6.95	1.05766
-6.96	1.05666
-6.97	1.05566
-6.98	1.05466
-6.99	1.05366
-7	1.05268
-7.01	1.05169
-7.02	1.05071
-7.03	1.04973
-7.04	1.04876
-7.05	1.0478
-7.06	1.04683
-7.07	1.04587
-7.08	1.04492
-7.09	1.04397
-7.1	1.04302
-7.11	1.04208
-7.12	1.04114
-7.13	1.04021
-7.14	1.03928
-7.15	1.03835
-7.16	1.03743
-7.17	1.03651
-7.18	1.03559
-7.19	1.03468
-7.2	1.03378
-7.21	1.03287
-7.22	1.03197
-7.23	1.03108
-7.24	1.03019
-7.25	1.0293
-7.26	1.02841
-7.27	1.02753
-7.28	1.02666
-7.29	1.02578
-7.3	1.02491
-7.31	1.02405
-7.32	1.02318
-7.33	1.02233
-7.34	1.02147
-7.35	1.02062
-7.36	1.01977
-7.37	1.01892
-7.38	1.01808
-7.39	1.01724
-7.4	1.01641
-7.41	1.01558
-7.42	1.01475
-7.43	1.01393
-7.44	1.01311
-7.45	1.01229
-7.46	1.01147
-7.47	1.01066
-7.48	1.00985
-7.49	1.00905
-7.5	1.00825
-7.51	1.00745
-7.52	1.00665
-7.53	1.00586
-7.54	1.00507
-7.55	1.00429
-7.56	1.0035
-7.57	1.00272
-7.58	1.00195
-7.59	1.00117
-7.6	1.0004
-7.61	0.999635
-7.62	0.998871
-7.63	0.998109
-7.64	0.997351
-7.65	0.996595
-7.66	0.995842
-7.67	0.995092
-7.68	0.994346
-7.69	0.993601
-7.7	0.99286
-7.71	0.992122
-7.72	0.991386
-7.73	0.990654
-7.74	0.989924
-7.75	0.989196
-7.76	0.988472
-7.77	0.98775
-7.78	0.987032
-7.79	0.986315
-7.8	0.985602
-7.81	0.984891
-7.82	0.984183
-7.83	0.983477
-7.84	0.982774
-7.85	0.982074
-7.86	0.981377
-7.87	0.980682
-7.88	0.979989
-7.89	0.979299
-7.9	0.978612
-7.91	0.977927
-7.92	0.977245
-7.93	0.976565
-7.94	0.975888
-7.95	0.975213
-7.96	0.974541
-7.97	0.973871
-7.98	0.973204
-7.99	0.972539
-8	0.971877
-8.01	0.971217
-8.02	0.970559
-8.03	0.969904
-8.04	0.969251
-8.05	0.9686
-8.06	0.967952
-8.07	0.967306
-8.08	0.966662
-8.09	0.966021
-8.1	0.965382
-8.11	0.964745
-8.12	0.964111
-8.13	0.963479
-8.14	0.962849
-8.15	0.962221
-8.16	0.961595
-8.17	0.960972
-8.18	0.960351
-8.19	0.959732
-8.2	0.959115
-8.21	0.958501
-8.22	0.957888
-8.23	0.957278
-8.24	0.95667
-8.25	0.956064
-8.26	0.95546
-8.27	0.954858
-8.28	0.954259
-8.29	0.953661
-8.3	0.953065
-8.31	0.952472
-8.32	0.95188
-8.33	0.951291
-8.34	0.950703
-8.35	0.950118
-8.36	0.949535
-8.37	0.948953
-8.38	0.948374
-8.39	0.947796
-8.4	0.947221
-8.41	0.946647
-8.42	0.946076
-8.43	0.945506
-8.44	0.944938
-8.45	0.944372
-8.46	0.943808
-8.47	0.943246
-8.48	0.942686
-8.49	0.942128
-8.5	0.941572
-8.51	0.941017
-8.52	0.940464
-8.53	0.939914
-8.54	0.939365
-8.55	0.938817
-8.56	0.938272
-8.57	0.937728
-8.58	0.937187
-8.59	0.936647
-8.6	0.936108
-8.61	0.935572
-8.62	0.935037
-8.63	0.934504
-8.64	0.933973
-8.65	0.933444
-8.66	0.932916
-8.67	0.93239
-8.68	0.931865
-8.69	0.931343
-8.7	0.930822
-8.71	0.930303
-8.72	0.929785
-8.73	0.929269
-8.74	0.928755
-8.75	0.928242
-8.76	0.927731
-8.77	0.927222
-8.78	0.926714
-8.79	0.926208
-8.8	0.925704
-8.81	0.925201
-8.82	0.9247
-8.83	0.9242
-8.84	0.923702
-8.85	0.923206
-8.86	0.922711
-8.87	0.922217
-8.88	0.921726
-8.89	0.921235
-8.9	0.920747
-8.91	0.920259
-8.92	0.919774
-8.93	0.91929
-8.94	0.918807
-8.95	0.918326
-8.96	0.917846
-8.97	0.917368
-8.98	0.916892
-8.99	0.916416
-9	0.915943
-9.01	0.91547
-9.02	0.915
-9.03	0.91453
-9.04	0.914062
-9.05	0.913596
-9.06	0.913131
-9.07	0.912667
-9.08	0.912205
-9.09	0.911744
-9.1	0.911285
-9.11	0.910827
-9.12	0.91037
-9.13	0.909915
-9.14	0.909461
-9.15	0.909009
-9.16	0.908558
-9.17	0.908108
-9.18	0.90766
-9.19	0.907213
-9.2	0.906767
-9.21	0.906323
-9.22	0.90588
-9.23	0.905438
-9.24	0.904997
-9.25	0.904558
-9.26	0.904121
-9.27	0.903684
-9.28	0.903249
-9.29	0.902815
-9.3	0.902383
-9.31	0.901951
-9.32	0.901521
-9.33	0.901092
-9.34	0.900665
-9.35	0.900239
-9.36	0.899814
-9.37	0.89939
-9.38	0.898967
-9.39	0.898546
-9.4	0.898126
-9.41	0.897707
-9.42	0.89729
-9.43	0.896873
-9.44	0.896458
-9.45	0.896044
-9.46	0.895631
-9.47	0.89522
-9.48	0.894809
-9.49	0.8944
-9.5	0.893992
-9.51	0.893585
-9.52	0.893179
-9.53	0.892775
-9.54	0.892371
-9.55	0.891969
-9.56	0.891568
-9.57	0.891168
-9.58	0.890769
-9.59	0.890372
-9.6	0.889975
-9.61	0.88958
-9.62	0.889185
-9.63	0.888792
-9.64	0.8884
-9.65	0.888009
-9.66	0.887619
-9.67	0.88723
-9.68	0.886843
-9.69	0.886456
-9.7	0.88607
-9.71	0.885686
-9.72	0.885303
-9.73	0.88492
-9.74	0.884539
-9.75	0.884159
-9.76	0.88378
-9.77	0.883402
-9.78	0.883025
-9.79	0.882649
-9.8	0.882274
-9.81	0.8819
-9.82	0.881527
-9.83	0.881155
-9.84	0.880784
-9.85	0.880414
-9.86	0.880045
-9.87	0.879677
-9.88	0.879311
-9.89	0.878945
-9.9	0.87858
-9.91	0.878216
-9.92	0.877853
-9.93	0.877491
-9.94	0.877131
-9.95	0.876771
-9.96	0.876412
-9.97	0.876054
-9.98	0.875697
-9.99	0.875341
-10	0.874986
-10.01	0.874632
-10.02	0.874278
-10.03	0.873926
-10.04	0.873575
-10.05	0.873224
-10.06	0.872875
-10.07	0.872527
-10.08	0.872179
-10.09	0.871832
-10.1	0.871487
-10.11	0.871142
-10.12	0.870798
-10.13	0.870455
-10.14	0.870113
-10.15	0.869772
-10.16	0.869431
-10.17	0.869092
-10.18	0.868754
-10.19	0.868416
-10.2	0.868079
-10.21	0.867743
-10.22	0.867408
-10.23	0.867074
-10.24	0.866741
-10.25	0.866409
-10.26	0.866077
-10.27	0.865747
-10.28	0.865417
-10.29	0.865088
-10.3	0.86476
-10.31	0.864433
-10.32	0.864106
-10.33	0.863781
-10.34	0.863456
-10.35	0.863132
-10.36	0.862809
-10.37	0.862487
-10.38	0.862165
-10.39	0.861845
-10.4	0.861525
-10.41	0.861206
-10.42	0.860888
-10.43	0.860571
-10.44	0.860254
-10.45	0.859939
-10.46	0.859624
-10.47	0.85931
-10.48	0.858996
-10.49	0.858684
-10.5	0.858372
-10.51	0.858061
-10.52	0.857751
-10.53	0.857441
-10.54	0.857133
-10.55	0.856825
-10.56	0.856518
-10.57	0.856212
-10.58	0.855906
-10.59	0.855601
-10.6	0.855297
-10.61	0.854994
-10.62	0.854692
-10.63	0.85439
-10.64	0.854089
-10.65	0.853788
-10.66	0.853489
-10.67	0.85319
-10.68	0.852892
-10.69	0.852595
-10.7	0.852298
-10.71	0.852002
-10.72	0.851707
-10.73	0.851413
-10.74	0.851119
-10.75	0.850826
-10.76	0.850534
-10.77	0.850242
-10.78	0.849952
-10.79	0.849661
-10.8	0.849372
-10.81	0.849083
-10.82	0.848795
-10.83	0.848508
-10.84	0.848221
-10.85	0.847935
-10.86	0.84765
-10.87	0.847366
-10.88	0.847082
-10.89	0.846799
-10.9	0.846516
-10.91	0.846234
-10.92	0.845953
-10.93	0.845673
-10.94	0.845393
-10.95	0.845114
-10.96	0.844835
-10.97	0.844558
-10.98	0.84428
-10.99	0.844004
-11	0.843728
-11.01	0.843453
-11.02	0.843178
-11.03	0.842905
-11.04	0.842631
-11.05	0.842359
-11.06	0.842087
-11.07	0.841815
-11.08	0.841545
-11.09	0.841275
-11.1	0.841005
-11.11	0.840737
-11.12	0.840468
-11.13	0.840201
-11.14	0.839934
-11.15	0.839668
-11.16	0.839402
-11.17	0.839137
-11.18	0.838873
-11.19	0.838609
-11.2	0.838346
-11.21	0.838083
-11.22	0.837821
-11.23	0.83756
-11.24	0.837299
-11.25	0.837039
-11.26	0.836779
-11.27	0.836521
-11.28	0.836262
-11.29	0.836004
-11.3	0.835747
-11.31	0.835491
-11.32	0.835235
-11.33	0.834979
-11.34	0.834724
-11.35	0.83447
-11.36	0.834217
-11.37	0.833963
-11.38	0.833711
-11.39	0.833459
-11.4	0.833208
-11.41	0.832957
-11.42	0.832707
-11.43	0.832457
-11.44	0.832208
-11.45	0.831959
-11.46	0.831711
-11.47	0.831464
-11.48	0.831217
-11.49	0.830971
-11.5	0.830725
-11.51	0.83048
-11.52	0.830235
-11.53	0.829991
-11.54	0.829747
-11.55	0.829504
-11.56	0.829262
-11.57	0.82902
-11.58	0.828779
-11.59	0.828538
-11.6	0.828297
-11.61	0.828058
-11.62	0.827818
-11.63	0.82758
-11.64	0.827341
-11.65	0.827104
-11.66	0.826867
-11.67	0.82663
-11.68	0.826394
-11.69	0.826158
-11.7	0.825923
-11.71	0.825688
-11.72	0.825454
-11.73	0.825221
-11.74	0.824988
-11.75	0.824755
-11.76	0.824523
-11.77	0.824292
-11.78	0.824061
-11.79	0.82383
-11.8	0.8236
-11.81	0.823371
-11.82	0.823142
-11.83	0.822913
-11.84	0.822685
-11.85	0.822458
-11.86	0.822231
-11.87	0.822004
-11.88	0.821778
-11.89	0.821552
-11.9	0.821327
-11.91	0.821103
-11.92	0.820879
-11.93	0.820655
-11.94	0.820432
-11.95	0.820209
-11.96	0.819987
-11.97	0.819765
-11.98	0.819544
-11.99	0.819323
-12	0.819103
-12.01	0.818883
-12.02	0.818664
-12.03	0.818445
-12.04	0.818226
-12.05	0.818008
-12.06	0.817791
-12.07	0.817573
-12.08	0.817357
-12.09	0.817141
-12.1	0.816925
-12.11	0.81671
-12.12	0.816495
-12.13	0.816281
-12.14	0.816067
-12.15	0.815853
-12.16	0.81564
-12.17	0.815428
-12.18	0.815215
-12.19	0.815004
-12.2	0.814793
-12.21	0.814582
-12.22	0.814371
-12.23	0.814161
-12.24	0.813952
-12.25	0.813743
-12.26	0.813534
-12.27	0.813326
-12.28	0.813118
-12.29	0.812911
-12.3	0.812704
-12.31	0.812497
-12.32	0.812291
-12.33	0.812086
-12.34	0.811881
-12.35	0.811676
-12.36	0.811471
-12.37	0.811267
-12.38	0.811064
-12.39	0.810861
-12.4	0.810658
-12.41	0.810456
-12.42	0.810254
-12.43	0.810052
-12.44	0.809851
-12.45	0.809651
-12.46	0.80945
-12.47	0.809251
-12.48	0.809051
-12.49	0.808852
-12.5	0.808653
-12.51	0.808455
-12.52	0.808257
-12.53	0.80806
-12.54	0.807863
-12.55	0.807666
-12.56	0.80747
-12.57	0.807274
-12.58	0.807079
-12.59	0.806884
-12.6	0.806689
-12.61	0.806495
-12.62	0.806301
-12.63	0.806107
-12.64	0.805914
-12.65	0.805721
-12.66	0.805529
-12.67	0.805337
-12.68	0.805145
-12.69	0.804954
-12.7	0.804763
-12.71	0.804573
-12.72	0.804383
-12.73	0.804193
-12.74	0.804004
-12.75	0.803815
-12.76	0.803626
-12.77	0.803438
-12.78	0.80325
-12.79	0.803063
-12.8	0.802876
-12.81	0.802689
-12.82	0.802502
-12.83	0.802316
-12.84	0.802131
-12.85	0.801945
-12.86	0.80176
-12.87	0.801576
-12.88	0.801392
-12.89	0.801208
-12.9	0.801024
-12.91	0.800841
-12.92	0.800658
-12.93	0.800476
-12.94	0.800294
-12.95	0.800112
-12.96	0.799931
-12.97	0.79975
-12.98	0.799569
-12.99	0.799389
-13	0.799209
-13.01	0.799029
-13.02	0.79885
-13.03	0.798671
-13.04	0.798492
-13.05	0.798314
-13.06	0.798136
-13.07	0.797958
-13.08	0.797781
-13.09	0.797604
-13.1	0.797428
-13.11	0.797252
-13.12	0.797076
-13.13	0.7969
-13.14	0.796725
-13.15	0.79655
-13.16	0.796375
-13.17	0.796201
-13.18	0.796027
-13.19	0.795854
-13.2	0.79568
-13.21	0.795508
-13.22	0.795335
-13.23	0.795163
-13.24	0.794991
-13.25	0.794819
-13.26	0.794648
-13.27	0.794477
-13.28	0.794306
-13.29	0.794136
-13.3	0.793966
-13.31	0.793796
-13.32	0.793627
-13.33	0.793458
-13.34	0.793289
-13.35	0.79312
-13.36	0.792952
-13.37	0.792785
-13.38	0.792617
-13.39	0.79245
-13.4	0.792283
-13.41	0.792116
-13.42	0.79195
-13.43	0.791784
-13.44	0.791618
-13.45	0.791453
-13.46	0.791288
-13.47	0.791123
-13.48	0.790959
-13.49	0.790795
-13.5	0.790631
-13.51	0.790467
-13.52	0.790304
-13.53	0.790141
-13.54	0.789979
-13.55	0.789816
-13.56	0.789654
-13.57	0.789492
-13.58	0.789331
-13.59	0.78917
-13.6	0.789009
-13.61	0.788848
-13.62	0.788688
-13.63	0.788528
-13.64	0.788368
-13.65	0.788209
-13.66	0.78805
-13.67	0.787891
-13.68	0.787733
-13.69	0.787574
-13.7	0.787416
-13.71	0.787259
-13.72	0.787101
-13.73	0.786944
-13.74	0.786787
-13.75	0.786631
-13.76	0.786474
-13.77	0.786318
-13.78	0.786163
-13.79	0.786007
-13.8	0.785852
-13.81	0.785697
-13.82	0.785543
-13.83	0.785388
-13.84	0.785234
-13.85	0.785081
-13.86	0.784927
-13.87	0.784774
-13.88	0.784621
-13.89	0.784468
-13.9	0.784316
-13.91	0.784164
-13.92	0.784012
-13.93	0.78386
-13.94	0.783709
-13.95	0.783558
-13.96	0.783407
-13.97	0.783256
-13.98	0.783106
-13.99	0.782956
-14	0.782806
-14.01	0.782657
-14.02	0.782508
-14.03	0.782359
-14.04	0.78221
-14.05	0.782061
-14.06	0.781913
-14.07	0.781765
-14.08	0.781618
-14.09	0.78147
-14.1	0.781323
-14.11	0.781176
-14.12	0.78103
-14.13	0.780883
-14.14	0.780737
-14.15	0.780591
-14.16	0.780446
-14.17	0.7803
-14.18	0.780155
-14.19	0.78001
-14.2	0.779866
-14.21	0.779721
-14.22	0.779577
-14.23	0.779433
-14.24	0.779289
-14.25	0.779146
-14.26	0.779003
-14.27	0.77886
-14.28	0.778717
-14.29	0.778575
-14.3	0.778433
-14.31	0.778291
-14.32	0.778149
-14.33	0.778008
-14.34	0.777867
-14.35	0.777726
-14.36	0.777585
-14.37	0.777445
-14.38	0.777304
-14.39	0.777164
-14.4	0.777025
-14.41	0.776885
-14.42	0.776746
-14.43	0.776607
-14.44	0.776468
-14.45	0.776329
-14.46	0.776191
-14.47	0.776053
-14.48	0.775915
-14.49	0.775777
-14.5	0.77564
-14.51	0.775503
-14.52	0.775366
-14.53	0.775229
-14.54	0.775093
-14.55	0.774956
-14.56	0.77482
-14.57	0.774685
-14.58	0.774549
-14.59	0.774414
-14.6	0.774279
-14.61	0.774144
-14.62	0.774009
-14.63	0.773875
-14.64	0.77374
-14.65	0.773606
-14.66	0.773472
-14.67	0.773339
-14.68	0.773206
-14.69	0.773072
-14.7	0.77294
-14.71	0.772807
-14.72	0.772675
-14.73	0.772542
-14.74	0.77241
-14.75	0.772278
-14.76	0.772147
-14.77	0.772016
-14.78	0.771884
-14.79	0.771753
-14.8	0.771623
-14.81	0.771492
-14.82	0.771362
-14.83	0.771232
-14.84	0.771102
-14.85	0.770972
-14.86	0.770843
-14.87	0.770714
-14.88	0.770585
-14.89	0.770456
-14.9	0.770327
-14.91	0.770199
-14.92	0.770071
-14.93	0.769943
-14.94	0.769815
-14.95	0.769687
-14.96	0.76956
-14.97	0.769433
-14.98	0.769306
-14.99	0.769179
-15	0.769053
-15.01	0.768926
-15.02	0.7688
-15.03	0.768674
-15.04	0.768549
-15.05	0.768423
-15.06	0.768298
-15.07	0.768173
-15.08	0.768048
-15.09	0.767923
-15.1	0.767799
-15.11	0.767674
-15.12	0.76755
-15.13	0.767426
-15.14	0.767303
-15.15	0.767179
-15.16	0.767056
-15.17	0.766933
-15.18	0.76681
-15.19	0.766687
-15.2	0.766564
-15.21	0.766442
-15.22	0.76632
-15.23	0.766198
-15.24	0.766076
-15.25	0.765955
-15.26	0.765833
-15.27	0.765712
-15.28	0.765591
-15.29	0.76547
-15.3	0.76535
-15.31	0.765229
-15.32	0.765109
-15.33	0.764989
-15.34	0.764869
-15.35	0.76475
-15.36	0.76463
-15.37	0.764511
-15.38	0.764392
-15.39	0.764273
-15.4	0.764154
-15.41	0.764036
-15.42	0.763917
-15.43	0.763799
-15.44	0.763681
-15.45	0.763563
-15.46	0.763446
-15.47	0.763328
-15.48	0.763211
-15.49	0.763094
-15.5	0.762977
-15.51	0.76286
-15.52	0.762744
-15.53	0.762627
-15.54	0.762511
-15.55	0.762395
-15.56	0.76228
-15.57	0.762164
-15.58	0.762048
-15.59	0.761933
-15.6	0.761818
-15.61	0.761703
-15.62	0.761589
-15.63	0.761474
-15.64	0.76136
-15.65	0.761245
-15.66	0.761131
-15.67	0.761018
-15.68	0.760904
-15.69	0.76079
-15.7	0.760677
-15.71	0.760564
-15.72	0.760451
-15.73	0.760338
-15.74	0.760225
-15.75	0.760113
-15.76	0.760001
-15.77	0.759888
-15.78	0.759777
-15.79	0.759665
-15.8	0.759553
-15.81	0.759442
-15.82	0.75933
-15.83	0.759219
-15.84	0.759108
-15.85	0.758998
-15.86	0.758887
-15.87	0.758777
-15.88	0.758666
-15.89	0.758556
-15.9	0.758446
-15.91	0.758336
-15.92	0.758227
-15.93	0.758117
-15.94	0.758008
-15.95	0.757899
-15.96	0.75779
-15.97	0.757681
-15.98	0.757573
-15.99	0.757464
-16	0.757356
-16.01	0.757248
-16.02	0.75714
-16.03	0.757032
-16.04	0.756924
-16.05	0.756817
-16.06	0.75671
-16.07	0.756602
-16.08	0.756495
-16.09	0.756388
-16.1	0.756282
-16.11	0.756175
-16.12	0.756069
-16.13	0.755963
-16.14	0.755857
-16.15	0.755751
-16.16	0.755645
-16.17	0.755539
-16.18	0.755434
-16.19	0.755329
-16.2	0.755223
-16.21	0.755118
-16.22	0.755014
-16.23	0.754909
-16.24	0.754804
-16.25	0.7547
-16.26	0.754596
-16.27	0.754492
-16.28	0.754388
-16.29	0.754284
-16.3	0.754181
-16.31	0.754077
-16.32	0.753974
-16.33	0.753871
-16.34	0.753768
-16.35	0.753665
-16.36	0.753562
-16.37	0.75346
-16.38	0.753357
-16.39	0.753255
-16.4	0.753153
-16.41	0.753051
-16.42	0.752949
-16.43	0.752848
-16.44	0.752746
-16.45	0.752645
-16.46	0.752544
-16.47	0.752442
-16.48	0.752342
-16.49	0.752241
-16.5	0.75214
-16.51	0.75204
-16.52	0.751939
-16.53	0.751839
-16.54	0.751739
-16.55	0.751639
-16.56	0.751539
-16.57	0.75144
-16.58	0.75134
-16.59	0.751241
-16.6	0.751142
-16.61	0.751043
-16.62	0.750944
-16.63	0.750845
-16.64	0.750746
-16.65	0.750648
-16.66	0.75055
-16.67	0.750452
-16.68	0.750353
-16.69	0.750256
-16.7	0.750158
-16.71	0.75006
-16.72	0.749963
-16.73	0.749865
-16.74	0.749768
-16.75	0.749671
-16.76	0.749574
-16.77	0.749477
-16.78	0.74938
-16.79	0.749284
-16.8	0.749188
-16.81	0.749091
-16.82	0.748995
-16.83	0.748899
-16.84	0.748803
-16.85	0.748708
-16.86	0.748612
-16.87	0.748516
-16.88	0.748421
-16.89	0.748326
-16.9	0.748231
-16.91	0.748136
-16.92	0.748041
-16.93	0.747947
-16.94	0.747852
-16.95	0.747758
-16.96	0.747663
-16.97	0.747569
-16.98	0.747475
-16.99	0.747381
-17	0.747288
-17.01	0.747194
-17.02	0.747101
-17.03	0.747007
-17.04	0.746914
-17.05	0.746821
-17.06	0.746728
-17.07	0.746635
-17.08	0.746542
-17.09	0.74645
-17.1	0.746357
-17.11	0.746265
-17.12	0.746173
-17.13	0.746081
-17.14	0.745989
-17.15	0.745897
-17.16	0.745805
-17.17	0.745714
-17.18	0.745622
-17.19	0.745531
-17.2	0.74544
-17.21	0.745349
-17.22	0.745258
-17.23	0.745167
-17.24	0.745076
-17.25	0.744986
-17.26	0.744895
-17.27	0.744805
-17.28	0.744715
-17.29	0.744625
-17.3	0.744535
-17.31	0.744445
-17.32	0.744355
-17.33	0.744266
-17.34	0.744176
-17.35	0.744087
-17.36	0.743998
-17.37	0.743909
-17.38	0.74382
-17.39	0.743731
-17.4	0.743642
-17.41	0.743554
-17.42	0.743465
-17.43	0.743377
-17.44	0.743289
-17.45	0.743201
-17.46	0.743113
-17.47	0.743025
-17.48	0.742937
-17.49	0.742849
-17.5	0.742762
-17.51	0.742674
-17.52	0.742587
-17.53	0.7425
-17.54	0.742413
-17.55	0.742326
-17.56	0.742239
-17.57	0.742152
-17.58	0.742066
-17.59	0.741979
-17.6	0.741893
-17.61	0.741807
-17.62	0.74172
-17.63	0.741634
-17.64	0.741549
-17.65	0.741463
-17.66	0.741377
-17.67	0.741291
-17.68	0.741206
-17.69	0.741121
-17.7	0.741036
-17.71	0.74095
-17.72	0.740865
-17.73	0.740781
-17.74	0.740696
-17.75	0.740611
-17.76	0.740527
-17.77	0.740442
-17.78	0.740358
-17.79	0.740274
-17.8	0.740189
-17.81	0.740106
-17.82	0.740022
-17.83	0.739938
-17.84	0.739854
-17.85	0.739771
-17.86	0.739687
-17.87	0.739604
-17.88	0.739521
-17.89	0.739438
-17.9	0.739355
-17.91	0.739272
-17.92	0.739189
-17.93	0.739106
-17.94	0.739024
-17.95	0.738941
-17.96	0.738859
-17.97	0.738777
-17.98	0.738694
-17.99	0.738612
-18	0.738531
-18.01	0.738449
-18.02	0.738367
-18.03	0.738285
-18.04	0.738204
-18.05	0.738123
-18.06	0.738041
-18.07	0.73796
-18.08	0.737879
-18.09	0.737798
-18.1	0.737717
-18.11	0.737636
-18.12	0.737556
-18.13	0.737475
-18.14	0.737395
-18.15	0.737314
-18.16	0.737234
-18.17	0.737154
-18.18	0.737074
-18.19	0.736994
-18.2	0.736914
-18.21	0.736835
-18.22	0.736755
-18.23	0.736675
-18.24	0.736596
-18.25	0.736517
-18.26	0.736437
-18.27	0.736358
-18.28	0.736279
-18.29	0.7362
-18.3	0.736122
-18.31	0.736043
-18.32	0.735964
-18.33	0.735886
-18.34	0.735807
-18.35	0.735729
-18.36	0.735651
-18.37	0.735573
-18.38	0.735495
-18.39	0.735417
-18.4	0.735339
-18.41	0.735261
-18.42	0.735184
-18.43	0.735106
-18.44	0.735029
-18.45	0.734951
-18.46	0.734874
-18.47	0.734797
-18.48	0.73472
-18.49	0.734643
-18.5	0.734566
-18.51	0.73449
-18.52	0.734413
-18.53	0.734336
-18.54	0.73426
-18.55	0.734184
-18.56	0.734107
-18.57	0.734031
-18.58	0.733955
-18.59	0.733879
-18.6	0.733803
-18.61	0.733728
-18.62	0.733652
-18.63	0.733576
-18.64	0.733501
-18.65	0.733425
-18.66	0.73335
-18.67	0.733275
-18.68	0.7332
-18.69	0.733125
-18.7	0.73305
-18.71	0.732975
-18.72	0.7329
-18.73	0.732826
-18.74	0.732751
-18.75	0.732677
-18.76	0.732602
-18.77	0.732528
-18.78	0.732454
-18.79	0.73238
-18.8	0.732306
-18.81	0.732232
-18.82	0.732158
-18.83	0.732084
-18.84	0.732011
-18.85	0.731937
-18.86	0.731864
-18.87	0.73179
-18.88	0.731717
-18.89	0.731644
-18.9	0.731571
-18.91	0.731498
-18.92	0.731425
-18.93	0.731352
-18.94	0.731279
-18.95	0.731207
-18.96	0.731134
-18.97	0.731062
-18.98	0.730989
-18.99	0.730917
-19	0.730845
-19.01	0.730772
-19.02	0.7307
-19.03	0.730629
-19.04	0.730557
-19.05	0.730485
-19.06	0.730413
-19.07	0.730342
-19.08	0.73027
-19.09	0.730199
-19.1	0.730127
-19.11	0.730056
-19.12	0.729985
-19.13	0.729914
-19.14	0.729843
-19.15	0.729772
-19.16	0.729701
-19.17	0.729631
-19.18	0.72956
-19.19	0.729489
-19.2	0.729419
-19.21	0.729349
-19.22	0.729278
-19.23	0.729208
-19.24	0.729138
-19.25	0.729068
-19.26	0.728998
-19.27	0.728928
-19.28	0.728858
-19.29	0.728789
-19.3	0.728719
-19.31	0.728649
-19.32	0.72858
-19.33	0.728511
-19.34	0.728441
-19.35	0.728372
-19.36	0.728303
-19.37	0.728234
-19.38	0.728165
-19.39	0.728096
-19.4	0.728027
-19.41	0.727959
-19.42	0.72789
-19.43	0.727821
-19.44	0.727753
-19.45	0.727685
-19.46	0.727616
-19.47	0.727548
-19.48	0.72748
-19.49	0.727412
-19.5	0.727344
-19.51	0.727276
-19.52	0.727208
-19.53	0.72714
-19.54	0.727073
-19.55	0.727005
-19.56	0.726938
-19.57	0.72687
-19.58	0.726803
-19.59	0.726736
-19.6	0.726669
-19.61	0.726601
-19.62	0.726534
-19.63	0.726467
-19.64	0.726401
-19.65	0.726334
-19.66	0.726267
-19.67	0.726201
-19.68	0.726134
-19.69	0.726067
-19.7	0.726001
-19.71	0.725935
-19.72	0.725869
-19.73	0.725802
-19.74	0.725736
-19.75	0.72567
-19.76	0.725604
-19.77	0.725539
-19.78	0.725473
-19.79	0.725407
-19.8	0.725341
-19.81	0.725276
-19.82	0.72521
-19.83	0.725145
-19.84	0.72508
-19.85	0.725015
-19.86	0.724949
-19.87	0.724884
-19.88	0.724819
-19.89	0.724754
-19.9	0.724689
-19.91	0.724625
-19.92	0.72456
-19.93	0.724495
-19.94	0.724431
-19.95	0.724366
-19.96	0.724302
-19.97	0.724238
-19.98	0.724173
-19.99	0.724109
-20	0.724045
-20.01	0.723981
-20.02	0.723917
-20.03	0.723853
-20.04	0.723789
-20.05	0.723726
-20.06	0.723662
-20.07	0.723598
-20.08	0.723535
-20.09	0.723471
-20.1	0.723408
-20.11	0.723345
-20.12	0.723281
-20.13	0.723218
-20.14	0.723155
-20.15	0.723092
-20.16	0.723029
-20.17	0.722966
-20.18	0.722903
-20.19	0.722841
-20.2	0.722778
-20.21	0.722716
-20.22	0.722653
-20.23	0.722591
-20.24	0.722528
-20.25	0.722466
-20.26	0.722404
-20.27	0.722342
-20.28	0.722279
-20.29	0.722217
-20.3	0.722155
-20.31	0.722094
-20.32	0.722032
-20.33	0.72197
-20.34	0.721908
-20.35	0.721847
-20.36	0.721785
-20.37	0.721724
-20.38	0.721662
-20.39	0.721601
-20.4	0.72154
-20.41	0.721479
-20.42	0.721418
-20.43	0.721356
-20.44	0.721295
-20.45	0.721235
-20.46	0.721174
-20.47	0.721113
-20.48	0.721052
-20.49	0.720992
-20.5	0.720931
-20.51	0.720871
-20.52	0.72081
-20.53	0.72075
-20.54	0.720689
-20.55	0.720629
-20.56	0.720569
-20.57	0.720509
-20.58	0.720449
-20.59	0.720389
-20.6	0.720329
-20.61	0.720269
-20.62	0.72021
-20.63	0.72015
-20.64	0.72009
-20.65	0.720031
-20.66	0.719971
-20.67	0.719912
-20.68	0.719852
-20.69	0.719793
-20.7	0.719734
-20.71	0.719675
-20.72	0.719616
-20.73	0.719557
-20.74	0.719498
-20.75	0.719439
-20.76	0.71938
-20.77	0.719321
-20.78	0.719262
-20.79	0.719204
-20.8	0.719145
-20.81	0.719087
-20.82	0.719028
-20.83	0.71897
-20.84	0.718911
-20.85	0.718853
-20.86	0.718795
-20.87	0.718737
-20.88	0.718679
-20.89	0.718621
-20.9	0.718563
-20.91	0.718505
-20.92	0.718447
-20.93	0.718389
-20.94	0.718332
-20.95	0.718274
-20.96	0.718217
-20.97	0.718159
-20.98	0.718102
-20.99	0.718044
-21	0.717987
-21.01	0.71793
-21.02	0.717873
-21.03	0.717815
-21.04	0.717758
-21.05	0.717701
-21.06	0.717644
-21.07	0.717588
-21.08	0.717531
-21.09	0.717474
-21.1	0.717417
-21.11	0.717361
-21.12	0.717304
-21.13	0.717248
-21.14	0.717191
-21.15	0.717135
-21.16	0.717078
-21.17	0.717022
-21.18	0.716966
-21.19	0.71691
-21.2	0.716854
-21.21	0.716798
-21.22	0.716742
-21.23	0.716686
-21.24	0.71663
-21.25	0.716574
-21.26	0.716519
-21.27	0.716463
-21.28	0.716407
-21.29	0.716352
-21.3	0.716296
-21.31	0.716241
-21.32	0.716186
-21.33	0.71613
-21.34	0.716075
-21.35	0.71602
-21.36	0.715965
-21.37	0.71591
-21.38	0.715855
-21.39	0.7158
-21.4	0.715745
-21.41	0.71569
-21.42	0.715635
-21.43	0.715581
-21.44	0.715526
-21.45	0.715471
-21.46	0.715417
-21.47	0.715362
-21.48	0.715308
-21.49	0.715253
-21.5	0.715199
-21.51	0.715145
-21.52	0.715091
-21.53	0.715037
-21.54	0.714983
-21.55	0.714929
-21.56	0.714875
-21.57	0.714821
-21.58	0.714767
-21.59	0.714713
-21.6	0.714659
-21.61	0.714606
-21.62	0.714552
-21.63	0.714498
-21.64	0.714445
-21.65	0.714391
-21.66	0.714338
-21.67	0.714285
-21.68	0.714231
-21.69	0.714178
-21.7	0.714125
-21.71	0.714072
-21.72	0.714019
-21.73	0.713966
-21.74	0.713913
-21.75	0.71386
-21.76	0.713807
-21.77	0.713754
-21.78	0.713702
-21.79	0.713649
-21.8	0.713596
-21.81	0.713544
-21.82	0.713491
-21.83	0.713439
-21.84	0.713387
-21.85	0.713334
-21.86	0.713282
-21.87	0.71323
-21.88	0.713178
-21.89	0.713125
-21.9	0.713073
-21.91	0.713021
-21.92	0.712969
-21.93	0.712917
-21.94	0.712866
-21.95	0.712814
-21.96	0.712762
-21.97	0.71271
-21.98	0.712659
-21.99	0.712607
-22	0.712556
-22.01	0.712504
-22.02	0.712453
-22.03	0.712401
-22.04	0.71235
-22.05	0.712299
-22.06	0.712247
-22.07	0.712196
-22.08	0.712145
-22.09	0.712094
-22.1	0.712043
-22.11	0.711992
-22.12	0.711941
-22.13	0.711891
-22.14	0.71184
-22.15	0.711789
-22.16	0.711738
-22.17	0.711688
-22.18	0.711637
-22.19	0.711587
-22.2	0.711536
-22.21	0.711486
-22.22	0.711435
-22.23	0.711385
-22.24	0.711335
-22.25	0.711284
-22.26	0.711234
-22.27	0.711184
-22.28	0.711134
-22.29	0.711084
-22.3	0.711034
-22.31	0.710984
-22.32	0.710934
-22.33	0.710884
-22.34	0.710835
-22.35	0.710785
-22.36	0.710735
-22.37	0.710686
-22.38	0.710636
-22.39	0.710587
-22.4	0.710537
-22.41	0.710488
-22.42	0.710438
-22.43	0.710389
-22.44	0.71034
-22.45	0.710291
-22.46	0.710241
-22.47	0.710192
-22.48	0.710143
-22.49	0.710094
-22.5	0.710045
-22.51	0.709996
-22.52	0.709948
-22.53	0.709899
-22.54	0.70985
-22.55	0.709801
-22.56	0.709753
-22.57	0.709704
-22.58	0.709655
-22.59	0.709607
-22.6	0.709558
-22.61	0.70951
-22.62	0.709462
-22.63	0.709413
-22.64	0.709365
-22.65	0.709317
-22.66	0.709269
-22.67	0.70922
-22.68	0.709172
-22.69	0.709124
-22.7	0.709076
-22.71	0.709028
-22.72	0.70898
-22.73	0.708933
-22.74	0.708885
-22.75	0.708837
-22.76	0.708789
-22.77	0.708742
-22.78	0.708694
-22.79	0.708647
-22.8	0.708599
-22.81	0.708552
-22.82	0.708504
-22.83	0.708457
-22.84	0.708409
-22.85	0.708362
-22.86	0.708315
-22.87	0.708268
-22.88	0.708221
-22.89	0.708174
-22.9	0.708126
-22.91	0.708079
-22.92	0.708032
-22.93	0.707986
-22.94	0.707939
-22.95	0.707892
-22.96	0.707845
-22.97	0.707798
-22.98	0.707752
-22.99	0.707705
-23	0.707659
-23.01	0.707612
-23.02	0.707566
-23.03	0.707519
-23.04	0.707473
-23.05	0.707426
-23.06	0.70738
-23.07	0.707334
-23.08	0.707288
-23.09	0.707241
-23.1	0.707195
-23.11	0.707149
-23.12	0.707103
-23.13	0.707057
-23.14	0.707011
-23.15	0.706965
-23.16	0.706919
-23.17	0.706874
-23.18	0.706828
-23.19	0.706782
-23.2	0.706736
-23.21	0.706691
-23.22	0.706645
-23.23	0.7066
-23.24	0.706554
-23.25	0.706509
-23.26	0.706463
-23.27	0.706418
-23.28	0.706373
-23.29	0.706327
-23.3	0.706282
-23.31	0.706237
-23.32	0.706192
-23.33	0.706147
-23.34	0.706102
-23.35	0.706056
-23.36	0.706012
-23.37	0.705967
-23.38	0.705922
-23.39	0.705877
-23.4	0.705832
-23.41	0.705787
-23.42	0.705743
-23.43	0.705698
-23.44	0.705653
-23.45	0.705609
-23.46	0.705564
-23.47	0.70552
-23.48	0.705475
-23.49	0.705431
-23.5	0.705386
-23.51	0.705342
-23.52	0.705298
-23.53	0.705254
-23.54	0.705209
-23.55	0.705165
-23.56	0.705121
-23.57	0.705077
-23.58	0.705033
-23.59	0.704989
-23.6	0.704945
-23.61	0.704901
-23.62	0.704857
-23.63	0.704813
-23.64	0.70477
-23.65	0.704726
-23.66	0.704682
-23.67	0.704639
-23.68	0.704595
-23.69	0.704551
-23.7	0.704508
-23.71	0.704464
-23.72	0.704421
-23.73	0.704377
-23.74	0.704334
-23.75	0.704291
-23.76	0.704247
-23.77	0.704204
-23.78	0.704161
-23.79	0.704118
-23.8	0.704075
-23.81	0.704032
-23.82	0.703989
-23.83	0.703946
-23.84	0.703903
-23.85	0.70386
-23.86	0.703817
-23.87	0.703774
-23.88	0.703731
-23.89	0.703688
-23.9	0.703646
-23.91	0.703603
-23.92	0.70356
-23.93	0.703518
-23.94	0.703475
-23.95	0.703433
-23.96	0.70339
-23.97	0.703348
-23.98	0.703305
-23.99	0.703263
-24	0.703221
-24.01	0.703179
-24.02	0.703136
-24.03	0.703094
-24.04	0.703052
-24.05	0.70301
-24.06	0.702968
-24.07	0.702926
-24.08	0.702884
-24.09	0.702842
-24.1	0.7028
-24.11	0.702758
-24.12	0.702716
-24.13	0.702674
-24.14	0.702632
-24.15	0.702591
-24.16	0.702549
-24.17	0.702507
-24.18	0.702466
-24.19	0.702424
-24.2	0.702383
-24.21	0.702341
-24.22	0.7023
-24.23	0.702258
-24.24	0.702217
-24.25	0.702176
-24.26	0.702134
-24.27	0.702093
-24.28	0.702052
-24.29	0.702011
-24.3	0.70197
-24.31	0.701928
-24.32	0.701887
-24.33	0.701846
-24.34	0.701805
-24.35	0.701764
-24.36	0.701723
-24.37	0.701683
-24.38	0.701642
-24.39	0.701601
-24.4	0.70156
-24.41	0.701519
-24.42	0.701479
-24.43	0.701438
-24.44	0.701397
-24.45	0.701357
-24.46	0.701316
-24.47	0.701276
-24.48	0.701235
-24.49	0.701195
-24.5	0.701154
-24.51	0.701114
-24.52	0.701074
-24.53	0.701033
-24.54	0.700993
-24.55	0.700953
-24.56	0.700913
-24.57	0.700873
-24.58	0.700833
-24.59	0.700792
-24.6	0.700752
-24.61	0.700713
-24.62	0.700673
-24.63	0.700633
-24.64	0.700593
-24.65	0.700553
-24.66	0.700513
-24.67	0.700473
-24.68	0.700434
-24.69	0.700394
-24.7	0.700354
-24.71	0.700315
-24.72	0.700275
-24.73	0.700235
-24.74	0.700196
-24.75	0.700156
-24.76	0.700117
-24.77	0.700078
-24.78	0.700038
-24.79	0.699999
-24.8	0.699959
-24.81	0.69992
-24.82	0.699881
-24.83	0.699842
-24.84	0.699803
-24.85	0.699763
-24.86	0.699724
-24.87	0.699685
-24.88	0.699646
-24.89	0.699607
-24.9	0.699568
-24.91	0.699529
-24.92	0.69949
-24.93	0.699452
-24.94	0.699413
-24.95	0.699374
-24.96	0.699335
-24.97	0.699297
-24.98	0.699258
-24.99	0.699219
-25	0.699181
-25.01	0.699142
-25.02	0.699104
-25.03	0.699065
-25.04	0.699027
-25.05	0.698988
-25.06	0.69895
-25.07	0.698911
-25.08	0.698873
-25.09	0.698835
-25.1	0.698796
-25.11	0.698758
-25.12	0.69872
-25.13	0.698682
-25.14	0.698644
-25.15	0.698606
-25.16	0.698568
-25.17	0.69853
-25.18	0.698492
-25.19	0.698454
-25.2	0.698416
-25.21	0.698378
-25.22	0.69834
-25.23	0.698302
-25.24	0.698264
-25.25	0.698227
-25.26	0.698189
-25.27	0.698151
-25.28	0.698114
-25.29	0.698076
-25.3	0.698038
-25.31	0.698001
-25.32	0.697963
-25.33	0.697926
-25.34	0.697888
-25.35	0.697851
-25.36	0.697813
-25.37	0.697776
-25.38	0.697739
-25.39	0.697701
-25.4	0.697664
-25.41	0.697627
-25.42	0.69759
-25.43	0.697553
-25.44	0.697515
-25.45	0.697478
-25.46	0.697441
-25.47	0.697404
-25.48	0.697367
-25.49	0.69733
-25.5	0.697293
-25.51	0.697257
-25.52	0.69722
-25.53	0.697183
-25.54	0.697146
-25.55	0.697109
-25.56	0.697072
-25.57	0.697036
-25.58	0.696999
-25.59	0.696962
-25.6	0.696926
-25.61	0.696889
-25.62	0.696853
-25.63	0.696816
-25.64	0.69678
-25.65	0.696743
-25.66	0.696707
-25.67	0.69667
-25.68	0.696634
-25.69	0.696598
-25.7	0.696561
-25.71	0.696525
-25.72	0.696489
-25.73	0.696453
-25.74	0.696417
-25.75	0.69638
-25.76	0.696344
-25.77	0.696308
-25.78	0.696272
-25.79	0.696236
-25.8	0.6962
-25.81	0.696164
-25.82	0.696128
-25.83	0.696092
-25.84	0.696057
-25.85	0.696021
-25.86	0.695985
-25.87	0.695949
-25.88	0.695913
-25.89	0.695878
-25.9	0.695842
-25.91	0.695806
-25.92	0.695771
-25.93	0.695735
-25.94	0.6957
-25.95	0.695664
-25.96	0.695629
-25.97	0.695593
-25.98	0.695558
-25.99	0.695522
-26	0.695487
-26.01	0.695452
-26.02	0.695416
-26.03	0.695381
-26.04	0.695346
-26.05	0.695311
-26.06	0.695275
-26.07	0.69524
-26.08	0.695205
-26.09	0.69517
-26.1	0.695135
-26.11	0.6951
-26.12	0.695065
-26.13	0.69503
-26.14	0.694995
-26.15	0.69496
-26.16	0.694925
-26.17	0.69489
-26.18	0.694856
-26.19	0.694821
-26.2	0.694786
-26.21	0.694751
-26.22	0.694717
-26.23	0.694682
-26.24	0.694647
-26.25	0.694613
-26.26	0.694578
-26.27	0.694543
-26.28	0.694509
-26.29	0.694474
-26.3	0.69444
-26.31	0.694406
-26.32	0.694371
-26.33	0.694337
-26.34	0.694302
-26.35	0.694268
-26.36	0.694234
-26.37	0.6942
-26.38	0.694165
-26.39	0.694131
-26.4	0.694097
-26.41	0.694063
-26.42	0.694029
-26.43	0.693994
-26.44	0.69396
-26.45	0.693926
-26.46	0.693892
-26.47	0.693858
-26.48	0.693824
-26.49	0.69379
-26.5	0.693757
-26.51	0.693723
-26.52	0.693689
-26.53	0.693655
-26.54	0.693621
-26.55	0.693588
-26.56	0.693554
-26.57	0.69352
-26.58	0.693486
-26.59	0.693453
-26.6	0.693419
-26.61	0.693386
-26.62	0.693352
-26.63	0.693318
-26.64	0.693285
-26.65	0.693252
-26.66	0.693218
-26.67	0.693185
-26.68	0.693151
-26.69	0.693118
-26.7	0.693085
-26.71	0.693051
-26.72	0.693018
-26.73	0.692985
-26.74	0.692952
-26.75	0.692918
-26.76	0.692885
-26.77	0.692852
-26.78	0.692819
-26.79	0.692786
-26.8	0.692753
-26.81	0.69272
-26.82	0.692687
-26.83	0.692654
-26.84	0.692621
-26.85	0.692588
-26.86	0.692555
-26.87	0.692522
-26.88	0.692489
-26.89	0.692456
-26.9	0.692424
-26.91	0.692391
-26.92	0.692358
-26.93	0.692325
-26.94	0.692293
-26.95	0.69226
-26.96	0.692228
-26.97	0.692195
-26.98	0.692162
-26.99	0.69213
-27	0.692097
-27.01	0.692065
-27.02	0.692032
-27.03	0.692
-27.04	0.691967
-27.05	0.691935
-27.06	0.691903
-27.07	0.69187
-27.08	0.691838
-27.09	0.691806
-27.1	0.691774
-27.11	0.691741
-27.12	0.691709
-27.13	0.691677
-27.14	0.691645
-27.15	0.691613
-27.16	0.691581
-27.17	0.691549
-27.18	0.691517
-27.19	0.691485
-27.2	0.691453
-27.21	0.691421
-27.22	0.691389
-27.23	0.691357
-27.24	0.691325
-27.25	0.691293
-27.26	0.691261
-27.27	0.691229
-27.28	0.691198
-27.29	0.691166
-27.3	0.691134
-27.31	0.691102
-27.32	0.691071
-27.33	0.691039
-27.34	0.691007
-27.35	0.690976
-27.36	0.690944
-27.37	0.690913
-27.38	0.690881
-27.39	0.69085
-27.4	0.690818
-27.41	0.690787
-27.42	0.690755
-27.43	0.690724
-27.44	0.690693
-27.45	0.690661
-27.46	0.69063
-27.47	0.690599
-27.48	0.690567
-27.49	0.690536
-27.5	0.690505
-27.51	0.690474
-27.52	0.690443
-27.53	0.690411
-27.54	0.69038
-27.55	0.690349
-27.56	0.690318
-27.57	0.690287
-27.58	0.690256
-27.59	0.690225
-27.6	0.690194
-27.61	0.690163
-27.62	0.690132
-27.63	0.690101
-27.64	0.69007
-27.65	0.69004
-27.66	0.690009
-27.67	0.689978
-27.68	0.689947
-27.69	0.689916
-27.7	0.689886
-27.71	0.689855
-27.72	0.689824
-27.73	0.689794
-27.74	0.689763
-27.75	0.689732
-27.76	0.689702
-27.77	0.689671
-27.78	0.689641
-27.79	0.68961
-27.8	0.68958
-27.81	0.689549
-27.82	0.689519
-27.83	0.689489
-27.84	0.689458
-27.85	0.689428
-27.86	0.689398
-27.87	0.689367
-27.88	0.689337
-27.89	0.689307
-27.9	0.689276
-27.91	0.689246
-27.92	0.689216
-27.93	0.689186
-27.94	0.689156
-27.95	0.689126
-27.96	0.689095
-27.97	0.689065
-27.98	0.689035
-27.99	0.689005
-28	0.688975
-28.01	0.688945
-28.02	0.688915
-28.03	0.688886
-28.04	0.688856
-28.05	0.688826
-28.06	0.688796
-28.07	0.688766
-28.08	0.688736
-28.09	0.688706
-28.1	0.688677
-28.11	0.688647
-28.12	0.688617
-28.13	0.688588
-28.14	0.688558
-28.15	0.688528
-28.16	0.688499
-28.17	0.688469
-28.18	0.688439
-28.19	0.68841
-28.2	0.68838
-28.21	0.688351
-28.22	0.688321
-28.23	0.688292
-28.24	0.688262
-28.25	0.688233
-28.26	0.688204
-28.27	0.688174
-28.28	0.688145
-28.29	0.688116
-28.3	0.688086
-28.31	0.688057
-28.32	0.688028
-28.33	0.687999
-28.34	0.687969
-28.35	0.68794
-28.36	0.687911
-28.37	0.687882
-28.38	0.687853
-28.39	0.687824
-28.4	0.687795
-28.41	0.687766
-28.42	0.687737
-28.43	0.687707
-28.44	0.687679
-28.45	0.68765
-28.46	0.687621
-28.47	0.687592
-28.48	0.687563
-28.49	0.687534
-28.5	0.687505
-28.51	0.687476
-28.52	0.687447
-28.53	0.687419
-28.54	0.68739
-28.55	0.687361
-28.56	0.687333
-28.57	0.687304
-28.58	0.687275
-28.59	0.687247
-28.6	0.687218
-28.61	0.687189
-28.62	0.687161
-28.63	0.687132
-28.64	0.687104
-28.65	0.687075
-28.66	0.687047
-28.67	0.687018
-28.68	0.68699
-28.69	0.686961
-28.7	0.686933
-28.71	0.686904
-28.72	0.686876
-28.73	0.686848
-28.74	0.686819
-28.75	0.686791
-28.76	0.686763
-28.77	0.686735
-28.78	0.686706
-28.79	0.686678
-28.8	0.68665
-28.81	0.686622
-28.82	0.686594
-28.83	0.686566
-28.84	0.686537
-28.85	0.686509
-28.86	0.686481
-28.87	0.686453
-28.88	0.686425
-28.89	0.686397
-28.9	0.686369
-28.91	0.686341
-28.92	0.686313
-28.93	0.686285
-28.94	0.686258
-28.95	0.68623
-28.96	0.686202
-28.97	0.686174
-28.98	0.686146
-28.99	0.686118
-29	0.686091
-29.01	0.686063
-29.02	0.686035
-29.03	0.686008
-29.04	0.68598
-29.05	0.685952
-29.06	0.685925
-29.07	0.685897
-29.08	0.685869
-29.09	0.685842
-29.1	0.685814
-29.11	0.685787
-29.12	0.685759
-29.13	0.685732
-29.14	0.685704
-29.15	0.685677
-29.16	0.685649
-29.17	0.685622
-29.18	0.685595
-29.19	0.685567
-29.2	0.68554
-29.21	0.685513
-29.22	0.685485
-29.23	0.685458
-29.24	0.685431
-29.25	0.685404
-29.26	0.685376
-29.27	0.685349
-29.28	0.685322
-29.29	0.685295
-29.3	0.685268
-29.31	0.685241
-29.32	0.685213
-29.33	0.685186
-29.34	0.685159
-29.35	0.685132
-29.36	0.685105
-29.37	0.685078
-29.38	0.685051
-29.39	0.685024
-29.4	0.684997
-29.41	0.68497
-29.42	0.684944
-29.43	0.684917
-29.44	0.68489
-29.45	0.684863
-29.46	0.684836
-29.47	0.684809
-29.48	0.684783
-29.49	0.684756
-29.5	0.684729
-29.51	0.684702
-29.52	0.684676
-29.53	0.684649
-29.54	0.684622
-29.55	0.684596
-29.56	0.684569
-29.57	0.684543
-29.58	0.684516
-29.59	0.684489
-29.6	0.684463
-29.61	0.684436
-29.62	0.68441
-29.63	0.684383
-29.64	0.684357
-29.65	0.684331
-29.66	0.684304
-29.67	0.684278
-29.68	0.684251
-29.69	0.684225
-29.7	0.684199
-29.71	0.684172
-29.72	0.684146
-29.73	0.68412
-29.74	0.684093
-29.75	0.684067
-29.76	0.684041
-29.77	0.684015
-29.78	0.683989
-29.79	0.683962
-29.8	0.683936
-29.81	0.68391
-29.82	0.683884
-29.83	0.683858
-29.84	0.683832
-29.85	0.683806
-29.86	0.68378
-29.87	0.683754
-29.88	0.683728
-29.89	0.683702
-29.9	0.683676
-29.91	0.68365
-29.92	0.683624
-29.93	0.683598
-29.94	0.683572
-29.95	0.683546
-29.96	0.683521
-29.97	0.683495
-29.98	0.683469
-29.99	0.683443
-30	0.683417
