x	y
30	0.890222
29.99	0.890262
29.98	0.890303
29.97	0.890343
29.96	0.890384
29.95	0.890425
29.94	0.890466
29.93	0.890506
29.92	0.890547
29.91	0.890588
29.9	0.890629
29.89	0.89067
29.88	0.890711
29.87	0.890752
29.86	0.890793
29.85	0.890834
29.84	0.890875
29.83	0.890916
29.82	0.890957
29.81	0.890998
29.8	0.891039
29.79	0.89108
29.78	0.891122
29.77	0.891163
29.76	0.891204
29.75	0.891245
29.74	0.891287
29.73	0.891328
29.72	0.89137
29.71	0.891411
29.7	0.891452
29.69	0.891494
29.68	0.891536
29.67	0.891577
29.66	0.891619
29.65	0.89166
29.64	0.891702
29.63	0.891744
29.62	0.891785
29.61	0.891827
29.6	0.891869
29.59	0.891911
29.58	0.891953
29.57	0.891994
29.56	0.892036
29.55	0.892078
29.54	0.89212
29.53	0.892162
29.52	0.892204
29.51	0.892246
29.5	0.892289
29.49	0.892331
29.48	0.892373
29.47	0.892415
29.46	0.892457
29.45	0.8925
29.44	0.892542
29.43	0.892584
29.42	0.892627
29.41	0.892669
29.4	0.892711
29.39	0.892754
29.38	0.892796
29.37	0.892839
29.36	0.892881
29.35	0.892924
29.34	0.892967
29.33	0.893009
29.32	0.893052
29.31	0.893095
29.3	0.893137
29.29	0.89318
29.28	0.893223
29.27	0.893266
29.26	0.893309
29.25	0.893352
29.24	0.893395
29.23	0.893438
29.22	0.893481
29.21	0.893524
29.2	0.893567
29.19	0.89361
29.18	0.893653
29.17	0.893696
29.16	0.893739
29.15	0.893783
29.14	0.893826
29.13	0.893869
29.12	0.893912
29.11	0.893956
29.1	0.893999
29.09	0.894043
29.08	0.894086
29.07	0.89413
29.06	0.894173
29.05	0.894217
29.04	0.89426
29.03	0.894304
29.02	0.894348
29.01	0.894392
29	0.894435
28.99	0.894479
28.98	0.894523
28.97	0.894567
28.96	0.894611
28.95	0.894655
28.94	0.894698
28.93	0.894742
28.92	0.894786
28.91	0.894831
28.9	0.894875
28.89	0.894919
28.88	0.894963
28.87	0.895007
28.86	0.895051
28.85	0.895096
28.84	0.89514
28.83	0.895184
28.82	0.895229
28.81	0.895273
28.8	0.895317
28.79	0.895362
28.78	0.895406
28.77	0.895451
28.76	0.895495
28.75	0.89554
28.74	0.895585
28.73	0.895629
28.72	0.895674
28.71	0.895719
28.7	0.895764
28.69	0.895808
28.68	0.895853
28.67	0.895898
28.66	0.895943
28.65	0.895988
28.64	0.896033
28.63	0.896078
28.62	0.896123
28.61	0.896168
28.6	0.896213
28.59	0.896258
28.58	0.896304
28.57	0.896349
28.56	0.896394
28.55	0.896439
28.54	0.896485
28.53	0.89653
28.52	0.896576
28.51	0.896621
28.5	0.896667
28.49	0.896712
28.48	0.896758
28.47	0.896803
28.46	0.896849
28.45	0.896894
28.44	0.89694
28.43	0.896986
28.42	0.897032
28.41	0.897078
28.4	0.897123
28.39	0.897169
28.38	0.897215
28.37	0.897261
28.36	0.897307
28.35	0.897353
28.34	0.897399
28.33	0.897445
28.32	0.897491
28.31	0.897538
28.3	0.897584
28.29	0.89763
28.28	0.897676
28.27	0.897723
28.26	0.897769
28.25	0.897815
28.24	0.897862
28.23	0.897908
28.22	0.897955
28.21	0.898001
28.2	0.898048
28.19	0.898095
28.18	0.898141
28.17	0.898188
28.16	0.898235
28.15	0.898281
28.14	0.898328
28.13	0.898375
28.12	0.898422
28.11	0.898469
28.1	0.898516
28.09	0.898563
28.08	0.89861
28.07	0.898657
28.06	0.898704
28.05	0.898751
28.04	0.898798
28.03	0.898845
28.02	0.898893
28.01	0.89894
28	0.898987
27.99	0.899035
27.98	0.899082
27.97	0.89913
27.96	0.899177
27.95	0.899225
27.94	0.899272
27.93	0.89932
27.92	0.899367
27.91	0.899415
27.9	0.899463
27.89	0.899511
27.88	0.899558
27.87	0.899606
27.86	0.899654
27.85	0.899702
27.84	0.89975
27.83	0.899798
27.82	0.899846
27.81	0.899894
27.8	0.899942
27.79	0.89999
27.78	0.900038
27.77	0.900087
27.76	0.900135
27.75	0.900183
27.74	0.900231
27.73	0.90028
27.72	0.900328
27.71	0.900377
27.7	0.900425
27.69	0.900474
27.68	0.900522
27.67	0.900571
27.66	0.90062
27.65	0.900668
27.64	0.900717
27.63	0.900766
27.62	0.900815
27.61	0.900863
27.6	0.900912
27.59	0.900961
27.58	0.90101
27.57	0.901059
27.56	0.901108
27.55	0.901157
27.54	0.901206
27.53	0.901256
27.52	0.901305
27.51	0.901354
27.5	0.901403
27.49	0.901453
27.48	0.901502
27.47	0.901551
27.46	0.901601
27.45	0.90165
27.44	0.9017
27.43	0.901749
27.42	0.901799
27.41	0.901849
27.4	0.901899
27.39	0.901948
27.38	0.901998
27.37	0.902048
27.36	0.902098
27.35	0.902148
27.34	0.902198
27.33	0.902247
27.32	0.902298
27.31	0.902348
27.3	0.902398
27.29	0.902448
27.28	0.902498
27.27	0.902548
27.26	0.902599
27.25	0.902649
27.24	0.902699
27.23	0.90275
27.22	0.9028
27.21	0.902851
27.2	0.902901
27.19	0.902952
27.18	0.903002
27.17	0.903053
27.16	0.903104
27.15	0.903154
27.14	0.903205
27.13	0.903256
27.12	0.903307
27.11	0.903358
27.1	0.903409
27.09	0.90346
27.08	0.903511
27.07	0.903562
27.06	0.903613
27.05	0.903664
27.04	0.903715
27.03	0.903766
27.02	0.903818
27.01	0.903869
27	0.90392
26.99	0.903972
26.98	0.904023
26.97	0.904075
26.96	0.904126
26.95	0.904178
26.94	0.90423
26.93	0.904281
26.92	0.904333
26.91	0.904385
26.9	0.904437
26.89	0.904488
26.88	0.90454
26.87	0.904592
26.86	0.904644
26.85	0.904696
26.84	0.904748
26.83	0.9048
26.82	0.904853
26.81	0.904905
26.8	0.904957
26.79	0.905009
26.78	0.905062
26.77	0.905114
26.76	0.905166
26.75	0.905219
26.74	0.905271
26.73	0.905324
26.72	0.905377
26.71	0.905429
26.7	0.905482
26.69	0.905535
26.68	0.905587
26.67	0.90564
26.66	0.905693
26.65	0.905746
26.64	0.905799
26.63	0.905852
26.62	0.905905
26.61	0.905958
26.6	0.906011
26.59	0.906064
26.58	0.906118
26.57	0.906171
26.56	0.906224
26.55	0.906278
26.54	0.906331
26.53	0.906384
26.52	0.906438
26.51	0.906491
26.5	0.906545
26.49	0.906599
26.48	0.906652
26.47	0.906706
26.46	0.90676
26.45	0.906814
26.44	0.906868
26.43	0.906922
26.42	0.906975
26.41	0.907029
26.4	0.907084
26.39	0.907138
26.38	0.907192
26.37	0.907246
26.36	0.9073
26.35	0.907354
26.34	0.907409
26.33	0.907463
26.32	0.907518
26.31	0.907572
26.3	0.907627
26.29	0.907681
26.28	0.907736
26.27	0.90779
26.26	0.907845
26.25	0.9079
26.24	0.907955
26.23	0.90801
26.22	0.908064
26.21	0.908119
26.2	0.908174
26.19	0.908229
26.18	0.908284
26.17	0.90834
26.16	0.908395
26.15	0.90845
26.14	0.908505
26.13	0.908561
26.12	0.908616
26.11	0.908671
26.1	0.908727
26.09	0.908782
26.08	0.908838
26.07	0.908894
26.06	0.908949
26.05	0.909005
26.04	0.909061
26.03	0.909117
26.02	0.909172
26.01	0.909228
26	0.909284
25.99	0.90934
25.98	0.909396
25.97	0.909452
25.96	0.909509
25.95	0.909565
25.94	0.909621
25.93	0.909677
25.92	0.909734
25.91	0.90979
25.9	0.909847
25.89	0.909903
25.88	0.90996
25.87	0.910016
25.86	0.910073
25.85	0.91013
25.84	0.910186
25.83	0.910243
25.82	0.9103
25.81	0.910357
25.8	0.910414
25.79	0.910471
25.78	0.910528
25.77	0.910585
25.76	0.910642
25.75	0.910699
25.74	0.910756
25.73	0.910814
25.72	0.910871
25.71	0.910929
25.7	0.910986
25.69	0.911043
25.68	0.911101
25.67	0.911159
25.66	0.911216
25.65	0.911274
25.64	0.911332
25.63	0.91139
25.62	0.911447
25.61	0.911505
25.6	0.911563
25.59	0.911621
25.58	0.911679
25.57	0.911738
25.56	0.911796
25.55	0.911854
25.54	0.911912
25.53	0.91197
25.52	0.912029
25.51	0.912087
25.5	0.912146
25.49	0.912204
25.48	0.912263
25.47	0.912322
25.46	0.91238
25.45	0.912439
25.44	0.912498
25.43	0.912557
25.42	0.912615
25.41	0.912674
25.4	0.912733
25.39	0.912793
25.38	0.912852
25.37	0.912911
25.36	0.91297
25.35	0.913029
25.34	0.913089
25.33	0.913148
25.32	0.913207
25.31	0.913267
25.3	0.913326
25.29	0.913386
25.28	0.913446
25.27	0.913505
25.26	0.913565
25.25	0.913625
25.24	0.913685
25.23	0.913745
25.22	0.913805
25.21	0.913865
25.2	0.913925
25.19	0.913985
25.18	0.914045
25.17	0.914105
25.16	0.914166
25.15	0.914226
25.14	0.914286
25.13	0.914347
25.12	0.914407
25.11	0.914468
25.1	0.914529
25.09	0.914589
25.08	0.91465
25.07	0.914711
25.06	0.914772
25.05	0.914832
25.04	0.914893
25.03	0.914954
25.02	0.915016
25.01	0.915077
25	0.915138
24.99	0.915199
24.98	0.91526
24.97	0.915322
24.96	0.915383
24.95	0.915445
24.94	0.915506
24.93	0.915568
24.92	0.915629
24.91	0.915691
24.9	0.915753
24.89	0.915815
24.88	0.915876
24.87	0.915938
24.86	0.916
24.85	0.916062
24.84	0.916124
24.83	0.916187
24.82	0.916249
24.81	0.916311
24.8	0.916373
24.79	0.916436
24.78	0.916498
24.77	0.916561
24.76	0.916623
24.75	0.916686
24.74	0.916748
24.73	0.916811
24.72	0.916874
24.71	0.916937
24.7	0.917
24.69	0.917062
24.68	0.917125
24.67	0.917189
24.66	0.917252
24.65	0.917315
24.64	0.917378
24.63	0.917441
24.62	0.917505
24.61	0.917568
24.6	0.917632
24.59	0.917695
24.58	0.917759
24.57	0.917822
24.56	0.917886
24.55	0.91795
24.54	0.918014
24.53	0.918078
24.52	0.918142
24.51	0.918206
24.5	0.91827
24.49	0.918334
24.48	0.918398
24.47	0.918462
24.46	0.918527
24.45	0.918591
24.44	0.918655
24.43	0.91872
24.42	0.918784
24.41	0.918849
24.4	0.918914
24.39	0.918978
24.38	0.919043
24.37	0.919108
24.36	0.919173
24.35	0.919238
24.34	0.919303
24.33	0.919368
24.32	0.919433
24.31	0.919498
24.3	0.919564
24.29	0.919629
24.28	0.919694
24.27	0.91976
24.26	0.919825
24.25	0.919891
24.24	0.919957
24.23	0.920022
24.22	0.920088
24.21	0.920154
24.2	0.92022
24.19	0.920286
24.18	0.920352
24.17	0.920418
24.16	0.920484
24.15	0.92055
24.14	0.920617
24.13	0.920683
24.12	0.920749
24.11	0.920816
24.1	0.920882
24.09	0.920949
24.08	0.921016
24.07	0.921082
24.06	0.921149
24.05	0.921216
24.04	0.921283
24.03	0.92135
24.02	0.921417
24.01	0.921484
24	0.921551
23.99	0.921618
23.98	0.921686
23.97	0.921753
23.96	0.921821
23.95	0.921888
23.94	0.921956
23.93	0.922023
23.92	0.922091
23.91	0.922159
23.9	0.922226
23.89	0.922294
23.88	0.922362
23.87	0.92243
23.86	0.922498
23.85	0.922566
23.84	0.922635
23.83	0.922703
23.82	0.922771
23.81	0.92284
23.8	0.922908
23.79	0.922977
23.78	0.923045
23.77	0.923114
23.76	0.923183
23.75	0.923252
23.74	0.92332
23.73	0.923389
23.72	0.923458
23.71	0.923527
23.7	0.923597
23.69	0.923666
23.68	0.923735
23.67	0.923804
23.66	0.923874
23.65	0.923943
23.64	0.924013
23.63	0.924082
23.62	0.924152
23.61	0.924222
23.6	0.924292
23.59	0.924362
23.58	0.924431
23.57	0.924501
23.56	0.924572
23.55	0.924642
23.54	0.924712
23.53	0.924782
23.52	0.924853
23.51	0.924923
23.5	0.924994
23.49	0.925064
23.48	0.925135
23.47	0.925205
23.46	0.925276
23.45	0.925347
23.44	0.925418
23.43	0.925489
23.42	0.92556
23.41	0.925631
23.4	0.925702
23.39	0.925774
23.38	0.925845
23.37	0.925916
23.36	0.925988
23.35	0.926059
23.34	0.926131
23.33	0.926203
23.32	0.926274
23.31	0.926346
23.3	0.926418
23.29	0.92649
23.28	0.926562
23.27	0.926634
23.26	0.926706
23.25	0.926779
23.24	0.926851
23.23	0.926923
23.22	0.926996
23.21	0.927068
23.2	0.927141
23.19	0.927214
23.18	0.927286
23.17	0.927359
23.16	0.927432
23.15	0.927505
23.14	0.927578
23.13	0.927651
23.12	0.927725
23.11	0.927798
23.1	0.927871
23.09	0.927945
23.08	0.928018
23.07	0.928092
23.06	0.928165
23.05	0.928239
23.04	0.928313
23.03	0.928387
23.02	0.928461
23.01	0.928535
23	0.928609
22.99	0.928683
22.98	0.928757
22.97	0.928831
22.96	0.928906
22.95	0.92898
22.94	0.929055
22.93	0.929129
22.92	0.929204
22.91	0.929279
22.9	0.929354
22.89	0.929428
22.88	0.929503
22.87	0.929578
22.86	0.929654
22.85	0.929729
22.84	0.929804
22.83	0.929879
22.82	0.929955
22.81	0.93003
22.8	0.930106
22.79	0.930182
22.78	0.930257
22.77	0.930333
22.76	0.930409
22.75	0.930485
22.74	0.930561
22.73	0.930637
22.72	0.930713
22.71	0.93079
22.7	0.930866
22.69	0.930943
22.68	0.931019
22.67	0.931096
22.66	0.931172
22.65	0.931249
22.64	0.931326
22.63	0.931403
22.62	0.93148
22.61	0.931557
22.6	0.931634
22.59	0.931711
22.58	0.931789
22.57	0.931866
22.56	0.931943
22.55	0.932021
22.54	0.932099
22.53	0.932176
22.52	0.932254
22.51	0.932332
22.5	0.93241
22.49	0.932488
22.48	0.932566
22.47	0.932644
22.46	0.932722
22.45	0.932801
22.44	0.932879
22.43	0.932958
22.42	0.933036
22.41	0.933115
22.4	0.933194
22.39	0.933273
22.38	0.933351
22.37	0.93343
22.36	0.93351
22.35	0.933589
22.34	0.933668
22.33	0.933747
22.32	0.933827
22.31	0.933906
22.3	0.933986
22.29	0.934065
22.28	0.934145
22.27	0.934225
22.26	0.934305
22.25	0.934385
22.24	0.934465
22.23	0.934545
22.22	0.934625
22.21	0.934706
22.2	0.934786
22.19	0.934866
22.18	0.934947
22.17	0.935028
22.16	0.935108
22.15	0.935189
22.14	0.93527
22.13	0.935351
22.12	0.935432
22.11	0.935513
22.1	0.935595
22.09	0.935676
22.08	0.935757
22.07	0.935839
22.06	0.935921
22.05	0.936002
22.04	0.936084
22.03	0.936166
22.02	0.936248
22.01	0.93633
22	0.936412
21.99	0.936494
21.98	0.936576
21.97	0.936659
21.96	0.936741
21.95	0.936824
21.94	0.936906
21.93	0.936989
21.92	0.937072
21.91	0.937155
21.9	0.937238
21.89	0.937321
21.88	0.937404
21.87	0.937487
21.86	0.937571
21.85	0.937654
21.84	0.937738
21.83	0.937821
21.82	0.937905
21.81	0.937989
21.8	0.938073
21.79	0.938157
21.78	0.938241
21.77	0.938325
21.76	0.938409
21.75	0.938493
21.74	0.938578
21.73	0.938662
21.72	0.938747
21.71	0.938832
21.7	0.938916
21.69	0.939001
21.68	0.939086
21.67	0.939171
21.66	0.939256
21.65	0.939342
21.64	0.939427
21.63	0.939512
21.62	0.939598
21.61	0.939683
21.6	0.939769
21.59	0.939855
21.58	0.939941
21.57	0.940027
21.56	0.940113
21.55	0.940199
21.54	0.940285
21.53	0.940372
21.52	0.940458
21.51	0.940545
21.5	0.940631
21.49	0.940718
21.48	0.940805
21.47	0.940892
21.46	0.940979
21.45	0.941066
21.44	0.941153
21.43	0.94124
21.42	0.941328
21.41	0.941415
21.4	0.941503
21.39	0.94159
21.38	0.941678
21.37	0.941766
21.36	0.941854
21.35	0.941942
21.34	0.94203
21.33	0.942118
21.32	0.942207
21.31	0.942295
21.3	0.942384
21.29	0.942472
21.28	0.942561
21.27	0.94265
21.26	0.942739
21.25	0.942828
21.24	0.942917
21.23	0.943006
21.22	0.943096
21.21	0.943185
21.2	0.943274
21.19	0.943364
21.18	0.943454
21.17	0.943544
21.16	0.943633
21.15	0.943723
21.14	0.943814
21.13	0.943904
21.12	0.943994
21.11	0.944085
21.1	0.944175
21.09	0.944266
21.08	0.944356
21.07	0.944447
21.06	0.944538
21.05	0.944629
21.04	0.94472
21.03	0.944811
21.02	0.944903
21.01	0.944994
21	0.945086
20.99	0.945177
20.98	0.945269
20.97	0.945361
20.96	0.945453
20.95	0.945545
20.94	0.945637
20.93	0.945729
20.92	0.945822
20.91	0.945914
20.9	0.946007
20.89	0.946099
20.88	0.946192
20.87	0.946285
20.86	0.946378
20.85	0.946471
20.84	0.946564
20.83	0.946657
20.82	0.946751
20.81	0.946844
20.8	0.946938
20.79	0.947032
20.78	0.947125
20.77	0.947219
20.76	0.947313
20.75	0.947407
20.74	0.947502
20.73	0.947596
20.72	0.94769
20.71	0.947785
20.7	0.94788
20.69	0.947975
20.68	0.948069
20.67	0.948164
20.66	0.948259
20.65	0.948355
20.64	0.94845
20.63	0.948545
20.62	0.948641
20.61	0.948737
20.6	0.948832
20.59	0.948928
20.58	0.949024
20.57	0.94912
20.56	0.949216
20.55	0.949313
20.54	0.949409
20.53	0.949506
20.52	0.949602
20.51	0.949699
20.5	0.949796
20.49	0.949893
20.48	0.94999
20.47	0.950087
20.46	0.950184
20.45	0.950282
20.44	0.950379
20.43	0.950477
20.42	0.950575
20.41	0.950672
20.4	0.95077
20.39	0.950868
20.38	0.950967
20.37	0.951065
20.36	0.951163
20.35	0.951262
20.34	0.951361
20.33	0.951459
20.32	0.951558
20.31	0.951657
20.3	0.951756
20.29	0.951856
20.28	0.951955
20.27	0.952054
20.26	0.952154
20.25	0.952254
20.24	0.952353
20.23	0.952453
20.22	0.952553
20.21	0.952653
20.2	0.952754
20.19	0.952854
20.18	0.952955
20.17	0.953055
20.16	0.953156
20.15	0.953257
20.14	0.953358
20.13	0.953459
20.12	0.95356
20.11	0.953661
20.1	0.953763
20.09	0.953864
20.08	0.953966
20.07	0.954068
20.06	0.95417
20.05	0.954272
20.04	0.954374
20.03	0.954476
20.02	0.954579
20.01	0.954681
20	0.954784
19.99	0.954887
19.98	0.95499
19.97	0.955093
19.96	0.955196
19.95	0.955299
19.94	0.955402
19.93	0.955506
19.92	0.955609
19.91	0.955713
19.9	0.955817
19.89	0.955921
19.88	0.956025
19.87	0.956129
19.86	0.956234
19.85	0.956338
19.84	0.956443
19.83	0.956548
19.82	0.956652
19.81	0.956757
19.8	0.956863
19.79	0.956968
19.78	0.957073
19.77	0.957179
19.76	0.957284
19.75	0.95739
19.74	0.957496
19.73	0.957602
19.72	0.957708
19.71	0.957814
19.7	0.957921
19.69	0.958027
19.68	0.958134
19.67	0.958241
19.66	0.958347
19.65	0.958454
19.64	0.958562
19.63	0.958669
19.62	0.958776
19.61	0.958884
19.6	0.958991
19.59	0.959099
19.58	0.959207
19.57	0.959315
19.56	0.959423
19.55	0.959532
19.54	0.95964
19.53	0.959749
19.52	0.959858
19.51	0.959966
19.5	0.960075
19.49	0.960185
19.48	0.960294
19.47	0.960403
19.46	0.960513
19.45	0.960622
19.44	0.960732
19.43	0.960842
19.42	0.960952
19.41	0.961062
19.4	0.961173
19.39	0.961283
19.38	0.961394
19.37	0.961504
19.36	0.961615
19.35	0.961726
19.34	0.961837
19.33	0.961949
19.32	0.96206
19.31	0.962171
19.3	0.962283
19.29	0.962395
19.28	0.962507
19.27	0.962619
19.26	0.962731
19.25	0.962844
19.24	0.962956
19.23	0.963069
19.22	0.963182
19.21	0.963295
19.2	0.963408
19.19	0.963521
19.18	0.963634
19.17	0.963748
19.16	0.963861
19.15	0.963975
19.14	0.964089
19.13	0.964203
19.12	0.964317
19.11	0.964432
19.1	0.964546
19.09	0.964661
19.08	0.964775
19.07	0.96489
19.06	0.965005
19.05	0.965121
19.04	0.965236
19.03	0.965351
19.02	0.965467
19.01	0.965583
19	0.965699
18.99	0.965815
18.98	0.965931
18.97	0.966047
18.96	0.966164
18.95	0.96628
18.94	0.966397
18.93	0.966514
18.92	0.966631
18.91	0.966749
18.9	0.966866
18.89	0.966983
18.88	0.967101
18.87	0.967219
18.86	0.967337
18.85	0.967455
18.84	0.967573
18.83	0.967692
18.82	0.96781
18.81	0.967929
18.8	0.968048
18.79	0.968167
18.78	0.968286
18.77	0.968406
18.76	0.968525
18.75	0.968645
18.74	0.968764
18.73	0.968884
18.72	0.969005
18.71	0.969125
18.7	0.969245
18.69	0.969366
18.68	0.969486
18.67	0.969607
18.66	0.969728
18.65	0.969849
18.64	0.969971
18.63	0.970092
18.62	0.970214
18.61	0.970336
18.6	0.970458
18.59	0.97058
18.58	0.970702
18.57	0.970825
18.56	0.970947
18.55	0.97107
18.54	0.971193
18.53	0.971316
18.52	0.971439
18.51	0.971562
18.5	0.971686
18.49	0.97181
18.48	0.971934
18.47	0.972058
18.46	0.972182
18.45	0.972306
18.44	0.972431
18.43	0.972555
18.42	0.97268
18.41	0.972805
18.4	0.97293
18.39	0.973056
18.38	0.973181
18.37	0.973307
18.36	0.973432
18.35	0.973558
18.34	0.973685
18.33	0.973811
18.32	0.973937
18.31	0.974064
18.3	0.974191
18.29	0.974318
18.28	0.974445
18.27	0.974572
18.26	0.9747
18.25	0.974827
18.24	0.974955
18.23	0.975083
18.22	0.975211
18.21	0.975339
18.2	0.975468
18.19	0.975597
18.18	0.975725
18.17	0.975854
18.16	0.975984
18.15	0.976113
18.14	0.976242
18.13	0.976372
18.12	0.976502
18.11	0.976632
18.1	0.976762
18.09	0.976892
18.08	0.977023
18.07	0.977154
18.06	0.977285
18.05	0.977416
18.04	0.977547
18.03	0.977678
18.02	0.97781
18.01	0.977942
18	0.978074
17.99	0.978206
17.98	0.978338
17.97	0.97847
17.96	0.978603
17.95	0.978736
17.94	0.978869
17.93	0.979002
17.92	0.979135
17.91	0.979269
17.9	0.979403
17.89	0.979537
17.88	0.979671
17.87	0.979805
17.86	0.979939
17.85	0.980074
17.84	0.980209
17.83	0.980344
17.82	0.980479
17.81	0.980614
17.8	0.98075
17.79	0.980886
17.78	0.981021
17.77	0.981158
17.76	0.981294
17.75	0.98143
17.74	0.981567
17.73	0.981704
17.72	0.981841
17.71	0.981978
17.7	0.982115
17.69	0.982253
17.68	0.982391
17.67	0.982529
17.66	0.982667
17.65	0.982805
17.64	0.982944
17.63	0.983082
17.62	0.983221
17.61	0.98336
17.6	0.9835
17.59	0.983639
17.58	0.983779
17.57	0.983919
17.56	0.984059
17.55	0.984199
17.54	0.984339
17.53	0.98448
17.52	0.984621
17.51	0.984762
17.5	0.984903
17.49	0.985044
17.48	0.985186
17.47	0.985328
17.46	0.98547
17.45	0.985612
17.44	0.985754
17.43	0.985897
17.42	0.98604
17.41	0.986183
17.4	0.986326
17.39	0.986469
17.38	0.986613
17.37	0.986757
17.36	0.986901
17.35	0.987045
17.34	0.987189
17.33	0.987334
17.32	0.987479
17.31	0.987624
17.3	0.987769
17.29	0.987914
17.28	0.98806
17.27	0.988206
17.26	0.988352
17.25	0.988498
17.24	0.988644
17.23	0.988791
17.22	0.988938
17.21	0.989085
17.2	0.989232
17.19	0.98938
17.18	0.989527
17.17	0.989675
17.16	0.989823
17.15	0.989971
17.14	0.99012
17.13	0.990269
17.12	0.990418
17.11	0.990567
17.1	0.990716
17.09	0.990866
17.08	0.991015
17.07	0.991166
17.06	0.991316
17.05	0.991466
17.04	0.991617
17.03	0.991768
17.02	0.991919
17.01	0.99207
17	0.992221
16.99	0.992373
16.98	0.992525
16.97	0.992677
16.96	0.99283
16.95	0.992982
16.94	0.993135
16.93	0.993288
16.92	0.993441
16.91	0.993595
16.9	0.993748
16.89	0.993902
16.88	0.994057
16.87	0.994211
16.86	0.994365
16.85	0.99452
16.84	0.994675
16.83	0.994831
16.82	0.994986
16.81	0.995142
16.8	0.995298
16.79	0.995454
16.78	0.99561
16.77	0.995767
16.76	0.995924
16.75	0.996081
16.74	0.996238
16.73	0.996396
16.72	0.996553
16.71	0.996711
16.7	0.99687
16.69	0.997028
16.68	0.997187
16.67	0.997346
16.66	0.997505
16.65	0.997664
16.64	0.997824
16.63	0.997984
16.62	0.998144
16.61	0.998304
16.6	0.998465
16.59	0.998625
16.58	0.998786
16.57	0.998948
16.56	0.999109
16.55	0.999271
16.54	0.999433
16.53	0.999595
16.52	0.999758
16.51	0.99992
16.5	1.00008
16.49	1.00025
16.48	1.00041
16.47	1.00057
16.46	1.00074
16.45	1.0009
16.44	1.00107
16.43	1.00123
16.42	1.0014
16.41	1.00156
16.4	1.00173
16.39	1.00189
16.38	1.00206
16.37	1.00222
16.36	1.00239
16.35	1.00256
16.34	1.00272
16.33	1.00289
16.32	1.00306
16.31	1.00323
16.3	1.00339
16.29	1.00356
16.28	1.00373
16.27	1.0039
16.26	1.00407
16.25	1.00424
16.24	1.00441
16.23	1.00458
16.22	1.00475
16.21	1.00492
16.2	1.00509
16.19	1.00526
16.18	1.00543
16.17	1.0056
16.16	1.00577
16.15	1.00594
16.14	1.00611
16.13	1.00629
16.12	1.00646
16.11	1.00663
16.1	1.00681
16.09	1.00698
16.08	1.00715
16.07	1.00733
16.06	1.0075
16.05	1.00768
16.04	1.00785
16.03	1.00802
16.02	1.0082
16.01	1.00838
16	1.00855
15.99	1.00873
15.98	1.0089
15.97	1.00908
15.96	1.00926
15.95	1.00943
15.94	1.00961
15.93	1.00979
15.92	1.00997
15.91	1.01015
15.9	1.01032
15.89	1.0105
15.88	1.01068
15.87	1.01086
15.86	1.01104
15.85	1.01122
15.84	1.0114
15.83	1.01158
15.82	1.01176
15.81	1.01194
15.8	1.01212
15.79	1.01231
15.78	1.01249
15.77	1.01267
15.76	1.01285
15.75	1.01303
15.74	1.01322
15.73	1.0134
15.72	1.01358
15.71	1.01377
15.7	1.01395
15.69	1.01414
15.68	1.01432
15.67	1.01451
15.66	1.01469
15.65	1.01488
15.64	1.01506
15.63	1.01525
15.62	1.01544
15.61	1.01562
15.6	1.01581
15.59	1.016
15.58	1.01619
15.57	1.01637
15.56	1.01656
15.55	1.01675
15.54	1.01694
15.53	1.01713
15.52	1.01732
15.51	1.01751
15.5	1.0177
15.49	1.01789
15.48	1.01808
15.47	1.01827
15.46	1.01846
15.45	1.01865
15.44	1.01884
15.43	1.01904
15.42	1.01923
15.41	1.01942
15.4	1.01962
15.39	1.01981
15.38	1.02
15.37	1.0202
15.36	1.02039
15.35	1.02059
15.34	1.02078
15.33	1.02098
15.32	1.02117
15.31	1.02137
15.3	1.02156
15.29	1.02176
15.28	1.02196
15.27	1.02216
15.26	1.02235
15.25	1.02255
15.24	1.02275
15.23	1.02295
15.22	1.02315
15.21	1.02335
15.2	1.02355
15.19	1.02375
15.18	1.02395
15.17	1.02415
15.16	1.02435
15.15	1.02455
15.14	1.02475
15.13	1.02495
15.12	1.02515
15.11	1.02536
15.1	1.02556
15.09	1.02576
15.08	1.02597
15.07	1.02617
15.06	1.02637
15.05	1.02658
15.04	1.02678
15.03	1.02699
15.02	1.02719
15.01	1.0274
15	1.02761
14.99	1.02781
14.98	1.02802
14.97	1.02823
14.96	1.02844
14.95	1.02864
14.94	1.02885
14.93	1.02906
14.92	1.02927
14.91	1.02948
14.9	1.02969
14.89	1.0299
14.88	1.03011
14.87	1.03032
14.86	1.03053
14.85	1.03074
14.84	1.03095
14.83	1.03117
14.82	1.03138
14.81	1.03159
14.8	1.03181
14.79	1.03202
14.78	1.03223
14.77	1.03245
14.76	1.03266
14.75	1.03288
14.74	1.03309
14.73	1.03331
14.72	1.03353
14.71	1.03374
14.7	1.03396
14.69	1.03418
14.68	1.03439
14.67	1.03461
14.66	1.03483
14.65	1.03505
14.64	1.03527
14.63	1.03549
14.62	1.03571
14.61	1.03593
14.6	1.03615
14.59	1.03637
14.58	1.03659
14.57	1.03681
14.56	1.03704
14.55	1.03726
14.54	1.03748
14.53	1.03771
14.52	1.03793
14.51	1.03815
14.5	1.03838
14.49	1.0386
14.48	1.03883
14.47	1.03905
14.46	1.03928
14.45	1.03951
14.44	1.03973
14.43	1.03996
14.42	1.04019
14.41	1.04042
14.4	1.04065
14.39	1.04087
14.38	1.0411
14.37	1.04133
14.36	1.04156
14.35	1.04179
14.34	1.04203
14.33	1.04226
14.32	1.04249
14.31	1.04272
14.3	1.04295
14.29	1.04319
14.28	1.04342
14.27	1.04365
14.26	1.04389
14.25	1.04412
14.24	1.04436
14.23	1.04459
14.22	1.04483
14.21	1.04507
14.2	1.0453
14.19	1.04554
14.18	1.04578
14.17	1.04602
14.16	1.04625
14.15	1.04649
14.14	1.04673
14.13	1.04697
14.12	1.04721
14.11	1.04745
14.1	1.04769
14.09	1.04794
14.08	1.04818
14.07	1.04842
14.06	1.04866
14.05	1.04891
14.04	1.04915
14.03	1.04939
14.02	1.04964
14.01	1.04988
14	1.05013
13.99	1.05037
13.98	1.05062
13.97	1.05087
13.96	1.05112
13.95	1.05136
13.94	1.05161
13.93	1.05186
13.92	1.05211
13.91	1.05236
13.9	1.05261
13.89	1.05286
13.88	1.05311
13.87	1.05336
13.86	1.05361
13.85	1.05387
13.84	1.05412
13.83	1.05437
13.82	1.05463
13.81	1.05488
13.8	1.05513
13.79	1.05539
13.78	1.05564
13.77	1.0559
13.76	1.05616
13.75	1.05641
13.74	1.05667
13.73	1.05693
13.72	1.05719
13.71	1.05745
13.7	1.05771
13.69	1.05797
13.68	1.05823
13.67	1.05849
13.66	1.05875
13.65	1.05901
13.64	1.05927
13.63	1.05954
13.62	1.0598
13.61	1.06006
13.6	1.06033
13.59	1.06059
13.58	1.06086
13.57	1.06112
13.56	1.06139
13.55	1.06166
13.54	1.06192
13.53	1.06219
13.52	1.06246
13.51	1.06273
13.5	1.063
13.49	1.06327
13.48	1.06354
13.47	1.06381
13.46	1.06408
13.45	1.06435
13.44	1.06463
13.43	1.0649
13.42	1.06517
13.41	1.06545
13.4	1.06572
13.39	1.066
13.38	1.06627
13.37	1.06655
13.36	1.06682
13.35	1.0671
13.34	1.06738
13.33	1.06766
13.32	1.06794
13.31	1.06822
13.3	1.0685
13.29	1.06878
13.28	1.06906
13.27	1.06934
13.26	1.06962
13.25	1.0699
13.24	1.07019
13.23	1.07047
13.22	1.07075
13.21	1.07104
13.2	1.07132
13.19	1.07161
13.18	1.0719
13.17	1.07218
13.16	1.07247
13.15	1.07276
13.14	1.07305
13.13	1.07334
13.12	1.07363
13.11	1.07392
13.1	1.07421
13.09	1.0745
13.08	1.07479
13.07	1.07509
13.06	1.07538
13.05	1.07567
13.04	1.07597
13.03	1.07626
13.02	1.07656
13.01	1.07686
13	1.07715
12.99	1.07745
12.98	1.07775
12.97	1.07805
12.96	1.07835
12.95	1.07865
12.94	1.07895
12.93	1.07925
12.92	1.07955
12.91	1.07985
12.9	1.08015
12.89	1.08046
12.88	1.08076
12.87	1.08107
12.86	1.08137
12.85	1.08168
12.84	1.08199
12.83	1.08229
12.82	1.0826
12.81	1.08291
12.8	1.08322
12.79	1.08353
12.78	1.08384
12.77	1.08415
12.76	1.08446
12.75	1.08477
12.74	1.08509
12.73	1.0854
12.72	1.08571
12.71	1.08603
12.7	1.08634
12.69	1.08666
12.68	1.08698
12.67	1.08729
12.66	1.08761
12.65	1.08793
12.64	1.08825
12.63	1.08857
12.62	1.08889
12.61	1.08921
12.6	1.08954
12.59	1.08986
12.58	1.09018
12.57	1.09051
12.56	1.09083
12.55	1.09116
12.54	1.09148
12.53	1.09181
12.52	1.09214
12.51	1.09246
12.5	1.09279
12.49	1.09312
12.48	1.09345
12.47	1.09378
12.46	1.09412
12.45	1.09445
12.44	1.09478
12.43	1.09512
12.42	1.09545
12.41	1.09579
12.4	1.09612
12.39	1.09646
12.38	1.09679
12.37	1.09713
12.36	1.09747
12.35	1.09781
12.34	1.09815
12.33	1.09849
12.32	1.09883
12.31	1.09918
12.3	1.09952
12.29	1.09986
12.28	1.10021
12.27	1.10055
12.26	1.1009
12.25	1.10125
12.24	1.10159
12.23	1.10194
12.22	1.10229
12.21	1.10264
12.2	1.10299
12.19	1.10334
12.18	1.1037
12.17	1.10405
12.16	1.1044
12.15	1.10476
12.14	1.10511
12.13	1.10547
12.12	1.10582
12.11	1.10618
12.1	1.10654
12.09	1.1069
12.08	1.10726
12.07	1.10762
12.06	1.10798
12.05	1.10834
12.04	1.10871
12.03	1.10907
12.02	1.10943
12.01	1.1098
12	1.11017
11.99	1.11053
11.98	1.1109
11.97	1.11127
11.96	1.11164
11.95	1.11201
11.94	1.11238
11.93	1.11275
11.92	1.11313
11.91	1.1135
11.9	1.11387
11.89	1.11425
11.88	1.11463
11.87	1.115
11.86	1.11538
11.85	1.11576
11.84	1.11614
11.83	1.11652
11.82	1.1169
11.81	1.11728
11.8	1.11767
11.79	1.11805
11.78	1.11843
11.77	1.11882
11.76	1.11921
11.75	1.11959
11.74	1.11998
11.73	1.12037
11.72	1.12076
11.71	1.12115
11.7	1.12154
11.69	1.12194
11.68	1.12233
11.67	1.12273
11.66	1.12312
11.65	1.12352
11.64	1.12391
11.63	1.12431
11.62	1.12471
11.61	1.12511
11.6	1.12551
11.59	1.12591
11.58	1.12632
11.57	1.12672
11.56	1.12713
11.55	1.12753
11.54	1.12794
11.53	1.12835
11.52	1.12875
11.51	1.12916
11.5	1.12957
11.49	1.12998
11.48	1.1304
11.47	1.13081
11.46	1.13122
11.45	1.13164
11.44	1.13206
11.43	1.13247
11.42	1.13289
11.41	1.13331
11.4	1.13373
11.39	1.13415
11.38	1.13457
11.37	1.135
11.36	1.13542
11.35	1.13585
11.34	1.13627
11.33	1.1367
11.32	1.13713
11.31	1.13756
11.3	1.13799
11.29	1.13842
11.28	1.13885
11.27	1.13928
11.26	1.13972
11.25	1.14015
11.24	1.14059
11.23	1.14103
11.22	1.14147
11.21	1.14191
11.2	1.14235
11.19	1.14279
11.18	1.14323
11.17	1.14368
11.16	1.14412
11.15	1.14457
11.14	1.14501
11.13	1.14546
11.12	1.14591
11.11	1.14636
11.1	1.14681
11.09	1.14727
11.08	1.14772
11.07	1.14817
11.06	1.14863
11.05	1.14909
11.04	1.14955
11.03	1.15001
11.02	1.15047
11.01	1.15093
11	1.15139
10.99	1.15185
10.98	1.15232
10.97	1.15279
10.96	1.15325
10.95	1.15372
10.94	1.15419
10.93	1.15466
10.92	1.15514
10.91	1.15561
10.9	1.15608
10.89	1.15656
10.88	1.15704
10.87	1.15751
10.86	1.15799
10.85	1.15847
10.84	1.15896
10.83	1.15944
10.82	1.15992
10.81	1.16041
10.8	1.16089
10.79	1.16138
10.78	1.16187
10.77	1.16236
10.76	1.16285
10.75	1.16335
10.74	1.16384
10.73	1.16434
10.72	1.16483
10.71	1.16533
10.7	1.16583
10.69	1.16633
10.68	1.16683
10.67	1.16734
10.66	1.16784
10.65	1.16835
10.64	1.16885
10.63	1.16936
10.62	1.16987
10.61	1.17038
10.6	1.17089
10.59	1.17141
10.58	1.17192
10.57	1.17244
10.56	1.17296
10.55	1.17348
10.54	1.174
10.53	1.17452
10.52	1.17504
10.51	1.17557
10.5	1.17609
10.49	1.17662
10.48	1.17715
10.47	1.17768
10.46	1.17821
10.45	1.17874
10.44	1.17928
10.43	1.17981
10.42	1.18035
10.41	1.18089
10.4	1.18143
10.39	1.18197
10.38	1.18252
10.37	1.18306
10.36	1.18361
10.35	1.18415
10.34	1.1847
10.33	1.18525
10.32	1.1858
10.31	1.18636
10.3	1.18691
10.29	1.18747
10.28	1.18803
10.27	1.18859
10.26	1.18915
10.25	1.18971
10.24	1.19027
10.23	1.19084
10.22	1.19141
10.21	1.19198
10.2	1.19255
10.19	1.19312
10.18	1.19369
10.17	1.19427
10.16	1.19484
10.15	1.19542
10.14	1.196
10.13	1.19658
10.12	1.19716
10.11	1.19775
10.1	1.19834
10.09	1.19892
10.08	1.19951
10.07	1.2001
10.06	1.2007
10.05	1.20129
10.04	1.20189
10.03	1.20248
10.02	1.20308
10.01	1.20369
10	1.20429
9.99	1.20489
9.98	1.2055
9.97	1.20611
9.96	1.20672
9.95	1.20733
9.94	1.20794
9.93	1.20856
9.92	1.20917
9.91	1.20979
9.9	1.21041
9.89	1.21103
9.88	1.21166
9.87	1.21228
9.86	1.21291
9.85	1.21354
9.84	1.21417
9.83	1.2148
9.82	1.21544
9.81	1.21607
9.8	1.21671
9.79	1.21735
9.78	1.218
9.77	1.21864
9.76	1.21929
9.75	1.21993
9.74	1.22058
9.73	1.22123
9.72	1.22189
9.71	1.22254
9.7	1.2232
9.69	1.22386
9.68	1.22452
9.67	1.22518
9.66	1.22585
9.65	1.22652
9.64	1.22718
9.63	1.22786
9.62	1.22853
9.61	1.2292
9.6	1.22988
9.59	1.23056
9.58	1.23124
9.57	1.23192
9.56	1.23261
9.55	1.2333
9.54	1.23399
9.53	1.23468
9.52	1.23537
9.51	1.23607
9.5	1.23676
9.49	1.23746
9.48	1.23817
9.47	1.23887
9.46	1.23958
9.45	1.24028
9.44	1.241
9.43	1.24171
9.42	1.24242
9.41	1.24314
9.4	1.24386
9.39	1.24458
9.38	1.2453
9.37	1.24603
9.36	1.24676
9.35	1.24749
9.34	1.24822
9.33	1.24896
9.32	1.24969
9.31	1.25043
9.3	1.25118
9.29	1.25192
9.28	1.25267
9.27	1.25342
9.26	1.25417
9.25	1.25492
9.24	1.25568
9.23	1.25644
9.22	1.2572
9.21	1.25796
9.2	1.25873
9.19	1.25949
9.18	1.26026
9.17	1.26104
9.16	1.26181
9.15	1.26259
9.14	1.26337
9.13	1.26415
9.12	1.26494
9.11	1.26573
9.1	1.26652
9.09	1.26731
9.08	1.26811
9.07	1.2689
9.06	1.26971
9.05	1.27051
9.04	1.27131
9.03	1.27212
9.02	1.27293
9.01	1.27375
9	1.27456
8.99	1.27538
8.98	1.27621
8.97	1.27703
8.96	1.27786
8.95	1.27869
8.94	1.27952
8.93	1.28036
8.92	1.28119
8.91	1.28204
8.9	1.28288
8.89	1.28373
8.88	1.28458
8.87	1.28543
8.86	1.28628
8.85	1.28714
8.84	1.288
8.83	1.28887
8.82	1.28973
8.81	1.2906
8.8	1.29148
8.79	1.29235
8.78	1.29323
8.77	1.29411
8.76	1.295
8.75	1.29588
8.74	1.29677
8.73	1.29767
8.72	1.29856
8.71	1.29946
8.7	1.30037
8.69	1.30127
8.68	1.30218
8.67	1.30309
8.66	1.30401
8.65	1.30493
8.64	1.30585
8.63	1.30677
8.62	1.3077
8.61	1.30863
8.6	1.30957
8.59	1.31051
8.58	1.31145
8.57	1.31239
8.56	1.31334
8.55	1.31429
8.54	1.31525
8.53	1.3162
8.52	1.31717
8.51	1.31813
8.5	1.3191
8.49	1.32007
8.48	1.32105
8.47	1.32202
8.46	1.32301
8.45	1.32399
8.44	1.32498
8.43	1.32597
8.42	1.32697
8.41	1.32797
8.4	1.32897
8.39	1.32998
8.38	1.33099
8.37	1.332
8.36	1.33302
8.35	1.33404
8.34	1.33507
8.33	1.3361
8.32	1.33713
8.31	1.33817
8.3	1.33921
8.29	1.34025
8.28	1.3413
8.27	1.34236
8.26	1.34341
8.25	1.34447
8.24	1.34554
8.23	1.3466
8.22	1.34768
8.21	1.34875
8.2	1.34983
8.19	1.35092
8.18	1.352
8.17	1.3531
8.16	1.35419
8.15	1.35529
8.14	1.3564
8.13	1.35751
8.12	1.35862
8.11	1.35974
8.1	1.36086
8.09	1.36198
8.08	1.36311
8.07	1.36425
8.06	1.36539
8.05	1.36653
8.04	1.36768
8.03	1.36883
8.02	1.36999
8.01	1.37115
8	1.37231
7.99	1.37348
7.98	1.37466
7.97	1.37584
7.96	1.37702
7.95	1.37821
7.94	1.3794
7.93	1.3806
7.92	1.3818
7.91	1.38301
7.9	1.38422
7.89	1.38544
7.88	1.38666
7.87	1.38789
7.86	1.38912
7.85	1.39036
7.84	1.3916
7.83	1.39285
7.82	1.3941
7.81	1.39535
7.8	1.39662
7.79	1.39788
7.78	1.39915
7.77	1.40043
7.76	1.40171
7.75	1.403
7.74	1.40429
7.73	1.40559
7.72	1.40689
7.71	1.4082
7.7	1.40952
7.69	1.41084
7.68	1.41216
7.67	1.41349
7.66	1.41483
7.65	1.41617
7.64	1.41752
7.63	1.41887
7.62	1.42023
7.61	1.42159
7.6	1.42296
7.59	1.42434
7.58	1.42572
7.57	1.42711
7.56	1.4285
7.55	1.4299
7.54	1.4313
7.53	1.43271
7.52	1.43413
7.51	1.43555
7.5	1.43698
7.49	1.43842
7.48	1.43986
7.47	1.44131
7.46	1.44276
7.45	1.44422
7.44	1.44569
7.43	1.44716
7.42	1.44864
7.41	1.45013
7.4	1.45162
7.39	1.45312
7.38	1.45463
7.37	1.45614
7.36	1.45766
7.35	1.45918
7.34	1.46071
7.33	1.46225
7.32	1.4638
7.31	1.46535
7.3	1.46691
7.29	1.46848
7.28	1.47005
7.27	1.47163
7.26	1.47322
7.25	1.47482
7.24	1.47642
7.23	1.47803
7.22	1.47965
7.21	1.48127
7.2	1.4829
7.19	1.48454
7.18	1.48619
7.17	1.48785
7.16	1.48951
7.15	1.49118
7.14	1.49286
7.13	1.49454
7.12	1.49624
7.11	1.49794
7.1	1.49965
7.09	1.50136
7.08	1.50309
7.07	1.50482
7.06	1.50656
7.05	1.50831
7.04	1.51007
7.03	1.51184
7.02	1.51361
7.01	1.5154
7	1.51719
6.99	1.51899
6.98	1.5208
6.97	1.52262
6.96	1.52444
6.95	1.52628
6.94	1.52812
6.93	1.52998
6.92	1.53184
6.91	1.53371
6.9	1.53559
6.89	1.53748
6.88	1.53938
6.87	1.54129
6.86	1.54321
6.85	1.54513
6.84	1.54707
6.83	1.54902
6.82	1.55098
6.81	1.55294
6.8	1.55492
6.79	1.5569
6.78	1.5589
6.77	1.56091
6.76	1.56292
6.75	1.56495
6.74	1.56699
6.73	1.56903
6.72	1.57109
6.71	1.57316
6.7	1.57524
6.69	1.57733
6.68	1.57943
6.67	1.58154
6.66	1.58366
6.65	1.5858
6.64	1.58794
6.63	1.5901
6.62	1.59227
6.61	1.59444
6.6	1.59663
6.59	1.59884
6.58	1.60105
6.57	1.60327
6.56	1.60551
6.55	1.60776
6.54	1.61002
6.53	1.61229
6.52	1.61458
6.51	1.61688
6.5	1.61919
6.49	1.62151
6.48	1.62385
6.47	1.62619
6.46	1.62855
6.45	1.63093
6.44	1.63331
6.43	1.63571
6.42	1.63813
6.41	1.64055
6.4	1.643
6.39	1.64545
6.38	1.64792
6.37	1.6504
6.36	1.65289
6.35	1.6554
6.34	1.65793
6.33	1.66046
6.32	1.66302
6.31	1.66558
6.3	1.66816
6.29	1.67076
6.28	1.67337
6.27	1.676
6.26	1.67864
6.25	1.6813
6.24	1.68397
6.23	1.68666
6.22	1.68936
6.21	1.69208
6.2	1.69481
6.19	1.69756
6.18	1.70033
6.17	1.70312
6.16	1.70592
6.15	1.70873
6.14	1.71157
6.13	1.71442
6.12	1.71729
6.11	1.72017
6.1	1.72307
6.09	1.726
6.08	1.72893
6.07	1.73189
6.06	1.73486
6.05	1.73786
6.04	1.74087
6.03	1.7439
6.02	1.74695
6.01	1.75001
6	1.7531
5.99	1.75621
5.98	1.75933
5.97	1.76248
5.96	1.76564
5.95	1.76883
5.94	1.77203
5.93	1.77526
5.92	1.7785
5.91	1.78177
5.9	1.78506
5.89	1.78837
5.88	1.7917
5.87	1.79505
5.86	1.79842
5.85	1.80182
5.84	1.80524
5.83	1.80868
5.82	1.81214
5.81	1.81563
5.8	1.81914
5.79	1.82267
5.78	1.82623
5.77	1.82981
5.76	1.83341
5.75	1.83704
5.74	1.84069
5.73	1.84437
5.72	1.84807
5.71	1.8518
5.7	1.85556
5.69	1.85934
5.68	1.86314
5.67	1.86698
5.66	1.87084
5.65	1.87472
5.64	1.87864
5.63	1.88258
5.62	1.88655
5.61	1.89054
5.6	1.89457
5.59	1.89862
5.58	1.9027
5.57	1.90682
5.56	1.91096
5.55	1.91513
5.54	1.91933
5.53	1.92357
5.52	1.92783
5.51	1.93213
5.5	1.93645
5.49	1.94081
5.48	1.9452
5.47	1.94963
5.46	1.95408
5.45	1.95857
5.44	1.9631
5.43	1.96766
5.42	1.97225
5.41	1.97688
5.4	1.98154
5.39	1.98624
5.38	1.99098
5.37	1.99575
5.36	2.00056
5.35	2.00541
5.34	2.01029
5.33	2.01522
5.32	2.02018
5.31	2.02518
5.3	2.03022
5.29	2.0353
5.28	2.04043
5.27	2.04559
5.26	2.0508
5.25	2.05604
5.24	2.06133
5.23	2.06667
5.22	2.07205
5.21	2.07747
5.2	2.08294
5.19	2.08845
5.18	2.09401
5.17	2.09961
5.16	2.10527
5.15	2.11097
5.14	2.11672
5.13	2.12252
5.12	2.12837
5.11	2.13426
5.1	2.14021
5.09	2.14622
5.08	2.15227
5.07	2.15838
5.06	2.16454
5.05	2.17076
5.04	2.17703
5.03	2.18336
5.02	2.18974
5.01	2.19618
5	2.20269
4.99	2.20925
4.98	2.21587
4.97	2.22255
4.96	2.22929
4.95	2.2361
4.94	2.24297
4.93	2.2499
4.92	2.2569
4.91	2.26397
4.9	2.2711
4.89	2.2783
4.88	2.28557
4.87	2.29291
4.86	2.30033
4.85	2.30781
4.84	2.31537
4.83	2.32301
4.82	2.33072
4.81	2.3385
4.8	2.34637
4.79	2.35431
4.78	2.36234
4.77	2.37045
4.76	2.37864
4.75	2.38691
4.74	2.39527
4.73	2.40372
4.72	2.41226
4.71	2.42089
4.7	2.42961
4.69	2.43842
4.68	2.44733
4.67	2.45633
4.66	2.46544
4.65	2.47464
4.64	2.48394
4.63	2.49335
4.62	2.50286
4.61	2.51248
4.6	2.52221
4.59	2.53204
4.58	2.54199
4.57	2.55206
4.56	2.56224
4.55	2.57254
4.54	2.58297
4.53	2.59351
4.52	2.60418
4.51	2.61498
4.5	2.62591
4.49	2.63697
4.48	2.64817
4.47	2.65951
4.46	2.67099
4.45	2.68261
4.44	2.69438
4.43	2.70629
4.42	2.71836
4.41	2.73059
4.4	2.74298
4.39	2.75552
4.38	2.76824
4.37	2.78112
4.36	2.79418
4.35	2.80741
4.34	2.82082
4.33	2.83442
4.32	2.8482
4.31	2.86218
4.3	2.87636
4.29	2.89074
4.28	2.90532
4.27	2.92012
4.26	2.93513
4.25	2.95037
4.24	2.96583
4.23	2.98152
4.22	2.99746
4.21	3.01363
4.2	3.03006
4.19	3.04674
4.18	3.06369
4.17	3.08091
4.16	3.09841
4.15	3.11619
4.14	3.13426
4.13	3.15263
4.12	3.17132
4.11	3.19032
4.1	3.20965
4.09	3.22932
4.08	3.24933
4.07	3.2697
4.06	3.29044
4.05	3.31155
4.04	3.33306
4.03	3.35497
4.02	3.3773
4.01	3.40005
4	3.42325
3.99	3.44691
3.98	3.47105
3.97	3.49567
3.96	3.5208
3.95	3.54646
3.94	3.57266
3.93	3.59943
3.92	3.62679
3.91	3.65475
3.9	3.68335
3.89	3.71261
3.88	3.74255
3.87	3.77321
3.86	3.80461
3.85	3.83679
3.84	3.86978
3.83	3.90362
3.82	3.93834
3.81	3.97399
3.8	4.01062
3.79	4.04827
3.78	4.08699
3.77	4.12684
3.76	4.16787
3.75	4.21017
3.74	4.25379
3.73	4.29881
3.72	4.34532
3.71	4.3934
3.7	4.44316
3.69	4.49471
3.68	4.54817
3.67	4.60367
3.66	4.66135
3.65	4.72139
3.64	4.78397
3.63	4.8493
3.62	4.9176
3.61	4.98914
3.6	5.06421
3.59	5.14317
3.58	5.22641
3.57	5.31439
3.56	5.40763
3.55	5.50679
3.54	5.61261
3.53	5.726
3.52	5.84808
3.51	5.98021
3.5	6.12413
3.49	6.28205
3.48	6.45688
3.47	6.65252
3.46	6.87445
3.45	7.13059
3.44	7.4331
3.43	7.80208
3.42	8.27439
3.41	8.92985
3.4	10.0038
3.39	13.4273
-3.39	13.4273
-3.4	10.0038
-3.41	8.92985
-3.42	8.27439
-3.43	7.80208
-3.44	7.4331
-3.45	7.13059
-3.46	6.87445
-3.47	6.65252
-3.48	6.45688
-3.49	6.28205
-3.5	6.12413
-3.51	5.98021
-3.52	5.84808
-3.53	5.726
-3.54	5.61261
-3.55	5.50679
-3.56	5.40763
-3.57	5.31439
-3.58	5.22641
-3.59	5.14317
-3.6	5.06421
-3.61	4.98914
-3.62	4.9176
-3.63	4.8493
-3.64	4.78397
-3.65	4.72139
-3.66	4.66135
-3.67	4.60367
-3.68	4.54817
-3.69	4.49471
-3.7	4.44316
-3.71	4.3934
-3.72	4.34532
-3.73	4.29881
-3.74	4.25379
-3.75	4.21017
-3.76	4.16787
-3.77	4.12684
-3.78	4.08699
-3.79	4.04827
-3.8	4.01062
-3.81	3.97399
-3.82	3.93834
-3.83	3.90362
-3.84	3.86978
-3.85	3.83679
-3.86	3.80461
-3.87	3.77321
-3.88	3.74255
-3.89	3.71261
-3.9	3.68335
-3.91	3.65475
-3.92	3.62679
-3.93	3.59943
-3.94	3.57266
-3.95	3.54646
-3.96	3.5208
-3.97	3.49567
-3.98	3.47105
-3.99	3.44691
-4	3.42325
-4.01	3.40005
-4.02	3.3773
-4.03	3.35497
-4.04	3.33306
-4.05	3.31155
-4.06	3.29044
-4.07	3.2697
-4.08	3.24933
-4.09	3.22932
-4.1	3.20965
-4.11	3.19032
-4.12	3.17132
-4.13	3.15263
-4.14	3.13426
-4.15	3.11619
-4.16	3.09841
-4.17	3.08091
-4.18	3.06369
-4.19	3.04674
-4.2	3.03006
-4.21	3.01363
-4.22	2.99746
-4.23	2.98152
-4.24	2.96583
-4.25	2.95037
-4.26	2.93513
-4.27	2.92012
-4.28	2.90532
-4.29	2.89074
-4.3	2.87636
-4.31	2.86218
-4.32	2.8482
-4.33	2.83442
-4.34	2.82082
-4.35	2.80741
-4.36	2.79418
-4.37	2.78112
-4.38	2.76824
-4.39	2.75552
-4.4	2.74298
-4.41	2.73059
-4.42	2.71836
-4.43	2.70629
-4.44	2.69438
-4.45	2.68261
-4.46	2.67099
-4.47	2.65951
-4.48	2.64817
-4.49	2.63697
-4.5	2.62591
-4.51	2.61498
-4.52	2.60418
-4.53	2.59351
-4.54	2.58297
-4.55	2.57254
-4.56	2.56224
-4.57	2.55206
-4.58	2.54199
-4.59	2.53204
-4.6	2.52221
-4.61	2.51248
-4.62	2.50286
-4.63	2.49335
-4.64	2.48394
-4.65	2.47464
-4.66	2.46544
-4.67	2.45633
-4.68	2.44733
-4.69	2.43842
-4.7	2.42961
-4.71	2.42089
-4.72	2.41226
-4.73	2.40372
-4.74	2.39527
-4.75	2.38691
-4.76	2.37864
-4.77	2.37045
-4.78	2.36234
-4.79	2.35431
-4.8	2.34637
-4.81	2.3385
-4.82	2.33072
-4.83	2.32301
-4.84	2.31537
-4.85	2.30781
-4.86	2.30033
-4.87	2.29291
-4.88	2.28557
-4.89	2.2783
-4.9	2.2711
-4.91	2.26397
-4.92	2.2569
-4.93	2.2499
-4.94	2.24297
-4.95	2.2361
-4.96	2.22929
-4.97	2.22255
-4.98	2.21587
-4.99	2.20925
-5	2.20269
-5.01	2.19618
-5.02	2.18974
-5.03	2.18336
-5.04	2.17703
-5.05	2.17076
-5.06	2.16454
-5.07	2.15838
-5.08	2.15227
-5.09	2.14622
-5.1	2.14021
-5.11	2.13426
-5.12	2.12837
-5.13	2.12252
-5.14	2.11672
-5.15	2.11097
-5.16	2.10527
-5.17	2.09961
-5.18	2.09401
-5.19	2.08845
-5.2	2.08294
-5.21	2.07747
-5.22	2.07205
-5.23	2.06667
-5.24	2.06133
-5.25	2.05604
-5.26	2.0508
-5.27	2.04559
-5.28	2.04043
-5.29	2.0353
-5.3	2.03022
-5.31	2.02518
-5.32	2.02018
-5.33	2.01522
-5.34	2.01029
-5.35	2.00541
-5.36	2.00056
-5.37	1.99575
-5.38	1.99098
-5.39	1.98624
-5.4	1.98154
-5.41	1.97688
-5.42	1.97225
-5.43	1.96766
-5.44	1.9631
-5.45	1.95857
-5.46	1.95408
-5.47	1.94963
-5.48	1.9452
-5.49	1.94081
-5.5	1.93645
-5.51	1.93213
-5.52	1.92783
-5.53	1.92357
-5.54	1.91933
-5.55	1.91513
-5.56	1.91096
-5.57	1.90682
-5.58	1.9027
-5.59	1.89862
-5.6	1.89457
-5.61	1.89054
-5.62	1.88655
-5.63	1.88258
-5.64	1.87864
-5.65	1.87472
-5.66	1.87084
-5.67	1.86698
-5.68	1.86314
-5.69	1.85934
-5.7	1.85556
-5.71	1.8518
-5.72	1.84807
-5.73	1.84437
-5.74	1.84069
-5.75	1.83704
-5.76	1.83341
-5.77	1.82981
-5.78	1.82623
-5.79	1.82267
-5.8	1.81914
-5.81	1.81563
-5.82	1.81214
-5.83	1.80868
-5.84	1.80524
-5.85	1.80182
-5.86	1.79842
-5.87	1.79505
-5.88	1.7917
-5.89	1.78837
-5.9	1.78506
-5.91	1.78177
-5.92	1.7785
-5.93	1.77526
-5.94	1.77203
-5.95	1.76883
-5.96	1.76564
-5.97	1.76248
-5.98	1.75933
-5.99	1.75621
-6	1.7531
-6.01	1.75001
-6.02	1.74695
-6.03	1.7439
-6.04	1.74087
-6.05	1.73786
-6.06	1.73486
-6.07	1.73189
-6.08	1.72893
-6.09	1.726
-6.1	1.72307
-6.11	1.72017
-6.12	1.71729
-6.13	1.71442
-6.14	1.71157
-6.15	1.70873
-6.16	1.70592
-6.17	1.70312
-6.18	1.70033
-6.19	1.69756
-6.2	1.69481
-6.21	1.69208
-6.22	1.68936
-6.23	1.68666
-6.24	1.68397
-6.25	1.6813
-6.26	1.67864
-6.27	1.676
-6.28	1.67337
-6.29	1.67076
-6.3	1.66816
-6.31	1.66558
-6.32	1.66302
-6.33	1.66046
-6.34	1.65793
-6.35	1.6554
-6.36	1.65289
-6.37	1.6504
-6.38	1.64792
-6.39	1.64545
-6.4	1.643
-6.41	1.64055
-6.42	1.63813
-6.43	1.63571
-6.44	1.63331
-6.45	1.63093
-6.46	1.62855
-6.47	1.62619
-6.48	1.62385
-6.49	1.62151
-6.5	1.61919
-6.51	1.61688
-6.52	1.61458
-6.53	1.61229
-6.54	1.61002
-6.55	1.60776
-6.56	1.60551
-6.57	1.60327
-6.58	1.60105
-6.59	1.59884
-6.6	1.59663
-6.61	1.59444
-6.62	1.59227
-6.63	1.5901
-6.64	1.58794
-6.65	1.5858
-6.66	1.58366
-6.67	1.58154
-6.68	1.57943
-6.69	1.57733
-6.7	1.57524
-6.71	1.57316
-6.72	1.57109
-6.73	1.56903
-6.74	1.56699
-6.75	1.56495
-6.76	1.56292
-6.77	1.56091
-6.78	1.5589
-6.79	1.5569
-6.8	1.55492
-6.81	1.55294
-6.82	1.55098
-6.83	1.54902
-6.84	1.54707
-6.85	1.54513
-6.86	1.54321
-6.87	1.54129
-6.88	1.53938
-6.89	1.53748
-6.9	1.53559
-6.91	1.53371
-6.92	1.53184
-6.93	1.52998
-6.94	1.52812
-6.95	1.52628
-6.96	1.52444
-6.97	1.52262
-6.98	1.5208
-6.99	1.51899
-7	1.51719
-7.01	1.5154
-7.02	1.51361
-7.03	1.51184
-7.04	1.51007
-7.05	1.50831
-7.06	1.50656
-7.07	1.50482
-7.08	1.50309
-7.09	1.50136
-7.1	1.49965
-7.11	1.49794
-7.12	1.49624
-7.13	1.49454
-7.14	1.49286
-7.15	1.49118
-7.16	1.48951
-7.17	1.48785
-7.18	1.48619
-7.19	1.48454
-7.2	1.4829
-7.21	1.48127
-7.22	1.47965
-7.23	1.47803
-7.24	1.47642
-7.25	1.47482
-7.26	1.47322
-7.27	1.47163
-7.28	1.47005
-7.29	1.46848
-7.3	1.46691
-7.31	1.46535
-7.32	1.4638
-7.33	1.46225
-7.34	1.46071
-7.35	1.45918
-7.36	1.45766
-7.37	1.45614
-7.38	1.45463
-7.39	1.45312
-7.4	1.45162
-7.41	1.45013
-7.42	1.44864
-7.43	1.44716
-7.44	1.44569
-7.45	1.44422
-7.46	1.44276
-7.47	1.44131
-7.48	1.43986
-7.49	1.43842
-7.5	1.43698
-7.51	1.43555
-7.52	1.43413
-7.53	1.43271
-7.54	1.4313
-7.55	1.4299
-7.56	1.4285
-7.57	1.42711
-7.58	1.42572
-7.59	1.42434
-7.6	1.42296
-7.61	1.42159
-7.62	1.42023
-7.63	1.41887
-7.64	1.41752
-7.65	1.41617
-7.66	1.41483
-7.67	1.41349
-7.68	1.41216
-7.69	1.41084
-7.7	1.40952
-7.71	1.4082
-7.72	1.40689
-7.73	1.40559
-7.74	1.40429
-7.75	1.403
-7.76	1.40171
-7.77	1.40043
-7.78	1.39915
-7.79	1.39788
-7.8	1.39662
-7.81	1.39535
-7.82	1.3941
-7.83	1.39285
-7.84	1.3916
-7.85	1.39036
-7.86	1.38912
-7.87	1.38789
-7.88	1.38666
-7.89	1.38544
-7.9	1.38422
-7.91	1.38301
-7.92	1.3818
-7.93	1.3806
-7.94	1.3794
-7.95	1.37821
-7.96	1.37702
-7.97	1.37584
-7.98	1.37466
-7.99	1.37348
-8	1.37231
-8.01	1.37115
-8.02	1.36999
-8.03	1.36883
-8.04	1.36768
-8.05	1.36653
-8.06	1.36539
-8.07	1.36425
-8.08	1.36311
-8.09	1.36198
-8.1	1.36086
-8.11	1.35974
-8.12	1.35862
-8.13	1.35751
-8.14	1.3564
-8.15	1.35529
-8.16	1.35419
-8.17	1.3531
-8.18	1.352
-8.19	1.35092
-8.2	1.34983
-8.21	1.34875
-8.22	1.34768
-8.23	1.3466
-8.24	1.34554
-8.25	1.34447
-8.26	1.34341
-8.27	1.34236
-8.28	1.3413
-8.29	1.34025
-8.3	1.33921
-8.31	1.33817
-8.32	1.33713
-8.33	1.3361
-8.34	1.33507
-8.35	1.33404
-8.36	1.33302
-8.37	1.332
-8.38	1.33099
-8.39	1.32998
-8.4	1.32897
-8.41	1.32797
-8.42	1.32697
-8.43	1.32597
-8.44	1.32498
-8.45	1.32399
-8.46	1.32301
-8.47	1.32202
-8.48	1.32105
-8.49	1.32007
-8.5	1.3191
-8.51	1.31813
-8.52	1.31717
-8.53	1.3162
-8.54	1.31525
-8.55	1.31429
-8.56	1.31334
-8.57	1.31239
-8.58	1.31145
-8.59	1.31051
-8.6	1.30957
-8.61	1.30863
-8.62	1.3077
-8.63	1.30677
-8.64	1.30585
-8.65	1.30493
-8.66	1.30401
-8.67	1.30309
-8.68	1.30218
-8.69	1.30127
-8.7	1.30037
-8.71	1.29946
-8.72	1.29856
-8.73	1.29767
-8.74	1.29677
-8.75	1.29588
-8.76	1.295
-8.77	1.29411
-8.78	1.29323
-8.79	1.29235
-8.8	1.29148
-8.81	1.2906
-8.82	1.28973
-8.83	1.28887
-8.84	1.288
-8.85	1.28714
-8.86	1.28628
-8.87	1.28543
-8.88	1.28458
-8.89	1.28373
-8.9	1.28288
-8.91	1.28204
-8.92	1.28119
-8.93	1.28036
-8.94	1.27952
-8.95	1.27869
-8.96	1.27786
-8.97	1.27703
-8.98	1.27621
-8.99	1.27538
-9	1.27456
-9.01	1.27375
-9.02	1.27293
-9.03	1.27212
-9.04	1.27131
-9.05	1.27051
-9.06	1.26971
-9.07	1.2689
-9.08	1.26811
-9.09	1.26731
-9.1	1.26652
-9.11	1.26573
-9.12	1.26494
-9.13	1.26415
-9.14	1.26337
-9.15	1.26259
-9.16	1.26181
-9.17	1.26104
-9.18	1.26026
-9.19	1.25949
-9.2	1.25873
-9.21	1.25796
-9.22	1.2572
-9.23	1.25644
-9.24	1.25568
-9.25	1.25492
-9.26	1.25417
-9.27	1.25342
-9.28	1.25267
-9.29	1.25192
-9.3	1.25118
-9.31	1.25043
-9.32	1.24969
-9.33	1.24896
-9.34	1.24822
-9.35	1.24749
-9.36	1.24676
-9.37	1.24603
-9.38	1.2453
-9.39	1.24458
-9.4	1.24386
-9.41	1.24314
-9.42	1.24242
-9.43	1.24171
-9.44	1.241
-9.45	1.24028
-9.46	1.23958
-9.47	1.23887
-9.48	1.23817
-9.49	1.23746
-9.5	1.23676
-9.51	1.23607
-9.52	1.23537
-9.53	1.23468
-9.54	1.23399
-9.55	1.2333
-9.56	1.23261
-9.57	1.23192
-9.58	1.23124
-9.59	1.23056
-9.6	1.22988
-9.61	1.2292
-9.62	1.22853
-9.63	1.22786
-9.64	1.22718
-9.65	1.22652
-9.66	1.22585
-9.67	1.22518
-9.68	1.22452
-9.69	1.22386
-9.7	1.2232
-9.71	1.22254
-9.72	1.22189
-9.73	1.22123
-9.74	1.22058
-9.75	1.21993
-9.76	1.21929
-9.77	1.21864
-9.78	1.218
-9.79	1.21735
-9.8	1.21671
-9.81	1.21607
-9.82	1.21544
-9.83	1.2148
-9.84	1.21417
-9.85	1.21354
-9.86	1.21291
-9.87	1.21228
-9.88	1.21166
-9.89	1.21103
-9.9	1.21041
-9.91	1.20979
-9.92	1.20917
-9.93	1.20856
-9.94	1.20794
-9.95	1.20733
-9.96	1.20672
-9.97	1.20611
-9.98	1.2055
-9.99	1.20489
-10	1.20429
-10.01	1.20369
-10.02	1.20308
-10.03	1.20248
-10.04	1.20189
-10.05	1.20129
-10.06	1.2007
-10.07	1.2001
-10.08	1.19951
-10.09	1.19892
-10.1	1.19834
-10.11	1.19775
-10.12	1.19716
-10.13	1.19658
-10.14	1.196
-10.15	1.19542
-10.16	1.19484
-10.17	1.19427
-10.18	1.19369
-10.19	1.19312
-10.2	1.19255
-10.21	1.19198
-10.22	1.19141
-10.23	1.19084
-10.24	1.19027
-10.25	1.18971
-10.26	1.18915
-10.27	1.18859
-10.28	1.18803
-10.29	1.18747
-10.3	1.18691
-10.31	1.18636
-10.32	1.1858
-10.33	1.18525
-10.34	1.1847
-10.35	1.18415
-10.36	1.18361
-10.37	1.18306
-10.38	1.18252
-10.39	1.18197
-10.4	1.18143
-10.41	1.18089
-10.42	1.18035
-10.43	1.17981
-10.44	1.17928
-10.45	1.17874
-10.46	1.17821
-10.47	1.17768
-10.48	1.17715
-10.49	1.17662
-10.5	1.17609
-10.51	1.17557
-10.52	1.17504
-10.53	1.17452
-10.54	1.174
-10.55	1.17348
-10.56	1.17296
-10.57	1.17244
-10.58	1.17192
-10.59	1.17141
-10.6	1.17089
-10.61	1.17038
-10.62	1.16987
-10.63	1.16936
-10.64	1.16885
-10.65	1.16835
-10.66	1.16784
-10.67	1.16734
-10.68	1.16683
-10.69	1.16633
-10.7	1.16583
-10.71	1.16533
-10.72	1.16483
-10.73	1.16434
-10.74	1.16384
-10.75	1.16335
-10.76	1.16285
-10.77	1.16236
-10.78	1.16187
-10.79	1.16138
-10.8	1.16089
-10.81	1.16041
-10.82	1.15992
-10.83	1.15944
-10.84	1.15896
-10.85	1.15847
-10.86	1.15799
-10.87	1.15751
-10.88	1.15704
-10.89	1.15656
-10.9	1.15608
-10.91	1.15561
-10.92	1.15514
-10.93	1.15466
-10.94	1.15419
-10.95	1.15372
-10.96	1.15325
-10.97	1.15279
-10.98	1.15232
-10.99	1.15185
-11	1.15139
-11.01	1.15093
-11.02	1.15047
-11.03	1.15001
-11.04	1.14955
-11.05	1.14909
-11.06	1.14863
-11.07	1.14817
-11.08	1.14772
-11.09	1.14727
-11.1	1.14681
-11.11	1.14636
-11.12	1.14591
-11.13	1.14546
-11.14	1.14501
-11.15	1.14457
-11.16	1.14412
-11.17	1.14368
-11.18	1.14323
-11.19	1.14279
-11.2	1.14235
-11.21	1.14191
-11.22	1.14147
-11.23	1.14103
-11.24	1.14059
-11.25	1.14015
-11.26	1.13972
-11.27	1.13928
-11.28	1.13885
-11.29	1.13842
-11.3	1.13799
-11.31	1.13756
-11.32	1.13713
-11.33	1.1367
-11.34	1.13627
-11.35	1.13585
-11.36	1.13542
-11.37	1.135
-11.38	1.13457
-11.39	1.13415
-11.4	1.13373
-11.41	1.13331
-11.42	1.13289
-11.43	1.13247
-11.44	1.13206
-11.45	1.13164
-11.46	1.13122
-11.47	1.13081
-11.48	1.1304
-11.49	1.12998
-11.5	1.12957
-11.51	1.12916
-11.52	1.12875
-11.53	1.12835
-11.54	1.12794
-11.55	1.12753
-11.56	1.12713
-11.57	1.12672
-11.58	1.12632
-11.59	1.12591
-11.6	1.12551
-11.61	1.12511
-11.62	1.12471
-11.63	1.12431
-11.64	1.12391
-11.65	1.12352
-11.66	1.12312
-11.67	1.12273
-11.68	1.12233
-11.69	1.12194
-11.7	1.12154
-11.71	1.12115
-11.72	1.12076
-11.73	1.12037
-11.74	1.11998
-11.75	1.11959
-11.76	1.11921
-11.77	1.11882
-11.78	1.11843
-11.79	1.11805
-11.8	1.11767
-11.81	1.11728
-11.82	1.1169
-11.83	1.11652
-11.84	1.11614
-11.85	1.11576
-11.86	1.11538
-11.87	1.115
-11.88	1.11463
-11.89	1.11425
-11.9	1.11387
-11.91	1.1135
-11.92	1.11313
-11.93	1.11275
-11.94	1.11238
-11.95	1.11201
-11.96	1.11164
-11.97	1.11127
-11.98	1.1109
-11.99	1.11053
-12	1.11017
-12.01	1.1098
-12.02	1.10943
-12.03	1.10907
-12.04	1.10871
-12.05	1.10834
-12.06	1.10798
-12.07	1.10762
-12.08	1.10726
-12.09	1.1069
-12.1	1.10654
-12.11	1.10618
-12.12	1.10582
-12.13	1.10547
-12.14	1.10511
-12.15	1.10476
-12.16	1.1044
-12.17	1.10405
-12.18	1.1037
-12.19	1.10334
-12.2	1.10299
-12.21	1.10264
-12.22	1.10229
-12.23	1.10194
-12.24	1.10159
-12.25	1.10125
-12.26	1.1009
-12.27	1.10055
-12.28	1.10021
-12.29	1.09986
-12.3	1.09952
-12.31	1.09918
-12.32	1.09883
-12.33	1.09849
-12.34	1.09815
-12.35	1.09781
-12.36	1.09747
-12.37	1.09713
-12.38	1.09679
-12.39	1.09646
-12.4	1.09612
-12.41	1.09579
-12.42	1.09545
-12.43	1.09512
-12.44	1.09478
-12.45	1.09445
-12.46	1.09412
-12.47	1.09378
-12.48	1.09345
-12.49	1.09312
-12.5	1.09279
-12.51	1.09246
-12.52	1.09214
-12.53	1.09181
-12.54	1.09148
-12.55	1.09116
-12.56	1.09083
-12.57	1.09051
-12.58	1.09018
-12.59	1.08986
-12.6	1.08954
-12.61	1.08921
-12.62	1.08889
-12.63	1.08857
-12.64	1.08825
-12.65	1.08793
-12.66	1.08761
-12.67	1.08729
-12.68	1.08698
-12.69	1.08666
-12.7	1.08634
-12.71	1.08603
-12.72	1.08571
-12.73	1.0854
-12.74	1.08509
-12.75	1.08477
-12.76	1.08446
-12.77	1.08415
-12.78	1.08384
-12.79	1.08353
-12.8	1.08322
-12.81	1.08291
-12.82	1.0826
-12.83	1.08229
-12.84	1.08199
-12.85	1.08168
-12.86	1.08137
-12.87	1.08107
-12.88	1.08076
-12.89	1.08046
-12.9	1.08015
-12.91	1.07985
-12.92	1.07955
-12.93	1.07925
-12.94	1.07895
-12.95	1.07865
-12.96	1.07835
-12.97	1.07805
-12.98	1.07775
-12.99	1.07745
-13	1.07715
-13.01	1.07686
-13.02	1.07656
-13.03	1.07626
-13.04	1.07597
-13.05	1.07567
-13.06	1.07538
-13.07	1.07509
-13.08	1.07479
-13.09	1.0745
-13.1	1.07421
-13.11	1.07392
-13.12	1.07363
-13.13	1.07334
-13.14	1.07305
-13.15	1.07276
-13.16	1.07247
-13.17	1.07218
-13.18	1.0719
-13.19	1.07161
-13.2	1.07132
-13.21	1.07104
-13.22	1.07075
-13.23	1.07047
-13.24	1.07019
-13.25	1.0699
-13.26	1.06962
-13.27	1.06934
-13.28	1.06906
-13.29	1.06878
-13.3	1.0685
-13.31	1.06822
-13.32	1.06794
-13.33	1.06766
-13.34	1.06738
-13.35	1.0671
-13.36	1.06682
-13.37	1.06655
-13.38	1.06627
-13.39	1.066
-13.4	1.06572
-13.41	1.06545
-13.42	1.06517
-13.43	1.0649
-13.44	1.06463
-13.45	1.06435
-13.46	1.06408
-13.47	1.06381
-13.48	1.06354
-13.49	1.06327
-13.5	1.063
-13.51	1.06273
-13.52	1.06246
-13.53	1.06219
-13.54	1.06192
-13.55	1.06166
-13.56	1.06139
-13.57	1.06112
-13.58	1.06086
-13.59	1.06059
-13.6	1.06033
-13.61	1.06006
-13.62	1.0598
-13.63	1.05954
-13.64	1.05927
-13.65	1.05901
-13.66	1.05875
-13.67	1.05849
-13.68	1.05823
-13.69	1.05797
-13.7	1.05771
-13.71	1.05745
-13.72	1.05719
-13.73	1.05693
-13.74	1.05667
-13.75	1.05641
-13.76	1.05616
-13.77	1.0559
-13.78	1.05564
-13.79	1.05539
-13.8	1.05513
-13.81	1.05488
-13.82	1.05463
-13.83	1.05437
-13.84	1.05412
-13.85	1.05387
-13.86	1.05361
-13.87	1.05336
-13.88	1.05311
-13.89	1.05286
-13.9	1.05261
-13.91	1.05236
-13.92	1.05211
-13.93	1.05186
-13.94	1.05161
-13.95	1.05136
-13.96	1.05112
-13.97	1.05087
-13.98	1.05062
-13.99	1.05037
-14	1.05013
-14.01	1.04988
-14.02	1.04964
-14.03	1.04939
-14.04	1.04915
-14.05	1.04891
-14.06	1.04866
-14.07	1.04842
-14.08	1.04818
-14.09	1.04794
-14.1	1.04769
-14.11	1.04745
-14.12	1.04721
-14.13	1.04697
-14.14	1.04673
-14.15	1.04649
-14.16	1.04625
-14.17	1.04602
-14.18	1.04578
-14.19	1.04554
-14.2	1.0453
-14.21	1.04507
-14.22	1.04483
-14.23	1.04459
-14.24	1.04436
-14.25	1.04412
-14.26	1.04389
-14.27	1.04365
-14.28	1.04342
-14.29	1.04319
-14.3	1.04295
-14.31	1.04272
-14.32	1.04249
-14.33	1.04226
-14.34	1.04203
-14.35	1.04179
-14.36	1.04156
-14.37	1.04133
-14.38	1.0411
-14.39	1.04087
-14.4	1.04065
-14.41	1.04042
-14.42	1.04019
-14.43	1.03996
-14.44	1.03973
-14.45	1.03951
-14.46	1.03928
-14.47	1.03905
-14.48	1.03883
-14.49	1.0386
-14.5	1.03838
-14.51	1.03815
-14.52	1.03793
-14.53	1.03771
-14.54	1.03748
-14.55	1.03726
-14.56	1.03704
-14.57	1.03681
-14.58	1.03659
-14.59	1.03637
-14.6	1.03615
-14.61	1.03593
-14.62	1.03571
-14.63	1.03549
-14.64	1.03527
-14.65	1.03505
-14.66	1.03483
-14.67	1.03461
-14.68	1.03439
-14.69	1.03418
-14.7	1.03396
-14.71	1.03374
-14.72	1.03353
-14.73	1.03331
-14.74	1.03309
-14.75	1.03288
-14.76	1.03266
-14.77	1.03245
-14.78	1.03223
-14.79	1.03202
-14.8	1.03181
-14.81	1.03159
-14.82	1.03138
-14.83	1.03117
-14.84	1.03095
-14.85	1.03074
-14.86	1.03053
-14.87	1.03032
-14.88	1.03011
-14.89	1.0299
-14.9	1.02969
-14.91	1.02948
-14.92	1.02927
-14.93	1.02906
-14.94	1.02885
-14.95	1.02864
-14.96	1.02844
-14.97	1.02823
-14.98	1.02802
-14.99	1.02781
-15	1.02761
-15.01	1.0274
-15.02	1.02719
-15.03	1.02699
-15.04	1.02678
-15.05	1.02658
-15.06	1.02637
-15.07	1.02617
-15.08	1.02597
-15.09	1.02576
-15.1	1.02556
-15.11	1.02536
-15.12	1.02515
-15.13	1.02495
-15.14	1.02475
-15.15	1.02455
-15.16	1.02435
-15.17	1.02415
-15.18	1.02395
-15.19	1.02375
-15.2	1.02355
-15.21	1.02335
-15.22	1.02315
-15.23	1.02295
-15.24	1.02275
-15.25	1.02255
-15.26	1.02235
-15.27	1.02216
-15.28	1.02196
-15.29	1.02176
-15.3	1.02156
-15.31	1.02137
-15.32	1.02117
-15.33	1.02098
-15.34	1.02078
-15.35	1.02059
-15.36	1.02039
-15.37	1.0202
-15.38	1.02
-15.39	1.01981
-15.4	1.01962
-15.41	1.01942
-15.42	1.01923
-15.43	1.01904
-15.44	1.01884
-15.45	1.01865
-15.46	1.01846
-15.47	1.01827
-15.48	1.01808
-15.49	1.01789
-15.5	1.0177
-15.51	1.01751
-15.52	1.01732
-15.53	1.01713
-15.54	1.01694
-15.55	1.01675
-15.56	1.01656
-15.57	1.01637
-15.58	1.01619
-15.59	1.016
-15.6	1.01581
-15.61	1.01562
-15.62	1.01544
-15.63	1.01525
-15.64	1.01506
-15.65	1.01488
-15.66	1.01469
-15.67	1.01451
-15.68	1.01432
-15.69	1.01414
-15.7	1.01395
-15.71	1.01377
-15.72	1.01358
-15.73	1.0134
-15.74	1.01322
-15.75	1.01303
-15.76	1.01285
-15.77	1.01267
-15.78	1.01249
-15.79	1.01231
-15.8	1.01212
-15.81	1.01194
-15.82	1.01176
-15.83	1.01158
-15.84	1.0114
-15.85	1.01122
-15.86	1.01104
-15.87	1.01086
-15.88	1.01068
-15.89	1.0105
-15.9	1.01032
-15.91	1.01015
-15.92	1.00997
-15.93	1.00979
-15.94	1.00961
-15.95	1.00943
-15.96	1.00926
-15.97	1.00908
-15.98	1.0089
-15.99	1.00873
-16	1.00855
-16.01	1.00838
-16.02	1.0082
-16.03	1.00802
-16.04	1.00785
-16.05	1.00768
-16.06	1.0075
-16.07	1.00733
-16.08	1.00715
-16.09	1.00698
-16.1	1.00681
-16.11	1.00663
-16.12	1.00646
-16.13	1.00629
-16.14	1.00611
-16.15	1.00594
-16.16	1.00577
-16.17	1.0056
-16.18	1.00543
-16.19	1.00526
-16.2	1.00509
-16.21	1.00492
-16.22	1.00475
-16.23	1.00458
-16.24	1.00441
-16.25	1.00424
-16.26	1.00407
-16.27	1.0039
-16.28	1.00373
-16.29	1.00356
-16.3	1.00339
-16.31	1.00323
-16.32	1.00306
-16.33	1.00289
-16.34	1.00272
-16.35	1.00256
-16.36	1.00239
-16.37	1.00222
-16.38	1.00206
-16.39	1.00189
-16.4	1.00173
-16.41	1.00156
-16.42	1.0014
-16.43	1.00123
-16.44	1.00107
-16.45	1.0009
-16.46	1.00074
-16.47	1.00057
-16.48	1.00041
-16.49	1.00025
-16.5	1.00008
-16.51	0.99992
-16.52	0.999758
-16.53	0.999595
-16.54	0.999433
-16.55	0.999271
-16.56	0.999109
-16.57	0.998948
-16.58	0.998786
-16.59	0.998625
-16.6	0.998465
-16.61	0.998304
-16.62	0.998144
-16.63	0.997984
-16.64	0.997824
-16.65	0.997664
-16.66	0.997505
-16.67	0.997346
-16.68	0.997187
-16.69	0.997028
-16.7	0.99687
-16.71	0.996711
-16.72	0.996553
-16.73	0.996396
-16.74	0.996238
-16.75	0.996081
-16.76	0.995924
-16.77	0.995767
-16.78	0.99561
-16.79	0.995454
-16.8	0.995298
-16.81	0.995142
-16.82	0.994986
-16.83	0.994831
-16.84	0.994675
-16.85	0.99452
-16.86	0.994365
-16.87	0.994211
-16.88	0.994057
-16.89	0.993902
-16.9	0.993748
-16.91	0.993595
-16.92	0.993441
-16.93	0.993288
-16.94	0.993135
-16.95	0.992982
-16.96	0.99283
-16.97	0.992677
-16.98	0.992525
-16.99	0.992373
-17	0.992221
-17.01	0.99207
-17.02	0.991919
-17.03	0.991768
-17.04	0.991617
-17.05	0.991466
-17.06	0.991316
-17.07	0.991166
-17.08	0.991015
-17.09	0.990866
-17.1	0.990716
-17.11	0.990567
-17.12	0.990418
-17.13	0.990269
-17.14	0.99012
-17.15	0.989971
-17.16	0.989823
-17.17	0.989675
-17.18	0.989527
-17.19	0.98938
-17.2	0.989232
-17.21	0.989085
-17.22	0.988938
-17.23	0.988791
-17.24	0.988644
-17.25	0.988498
-17.26	0.988352
-17.27	0.988206
-17.28	0.98806
-17.29	0.987914
-17.3	0.987769
-17.31	0.987624
-17.32	0.987479
-17.33	0.987334
-17.34	0.987189
-17.35	0.987045
-17.36	0.986901
-17.37	0.986757
-17.38	0.986613
-17.39	0.986469
-17.4	0.986326
-17.41	0.986183
-17.42	0.98604
-17.43	0.985897
-17.44	0.985754
-17.45	0.985612
-17.46	0.98547
-17.47	0.985328
-17.48	0.985186
-17.49	0.985044
-17.5	0.984903
-17.51	0.984762
-17.52	0.984621
-17.53	0.98448
-17.54	0.984339
-17.55	0.984199
-17.56	0.984059
-17.57	0.983919
-17.58	0.983779
-17.59	0.983639
-17.6	0.9835
-17.61	0.98336
-17.62	0.983221
-17.63	0.983082
-17.64	0.982944
-17.65	0.982805
-17.66	0.982667
-17.67	0.982529
-17.68	0.982391
-17.69	0.982253
-17.7	0.982115
-17.71	0.981978
-17.72	0.981841
-17.73	0.981704
-17.74	0.981567
-17.75	0.98143
-17.76	0.981294
-17.77	0.981158
-17.78	0.981021
-17.79	0.980886
-17.8	0.98075
-17.81	0.980614
-17.82	0.980479
-17.83	0.980344
-17.84	0.980209
-17.85	0.980074
-17.86	0.979939
-17.87	0.979805
-17.88	0.979671
-17.89	0.979537
-17.9	0.979403
-17.91	0.979269
-17.92	0.979135
-17.93	0.979002
-17.94	0.978869
-17.95	0.978736
-17.96	0.978603
-17.97	0.97847
-17.98	0.978338
-17.99	0.978206
-18	0.978074
-18.01	0.977942
-18.02	0.97781
-18.03	0.977678
-18.04	0.977547
-18.05	0.977416
-18.06	0.977285
-18.07	0.977154
-18.08	0.977023
-18.09	0.976892
-18.1	0.976762
-18.11	0.976632
-18.12	0.976502
-18.13	0.976372
-18.14	0.976242
-18.15	0.976113
-18.16	0.975984
-18.17	0.975854
-18.18	0.975725
-18.19	0.975597
-18.2	0.975468
-18.21	0.975339
-18.22	0.975211
-18.23	0.975083
-18.24	0.974955
-18.25	0.974827
-18.26	0.9747
-18.27	0.974572
-18.28	0.974445
-18.29	0.974318
-18.3	0.974191
-18.31	0.974064
-18.32	0.973937
-18.33	0.973811
-18.34	0.973685
-18.35	0.973558
-18.36	0.973432
-18.37	0.973307
-18.38	0.973181
-18.39	0.973056
-18.4	0.97293
-18.41	0.972805
-18.42	0.97268
-18.43	0.972555
-18.44	0.972431
-18.45	0.972306
-18.46	0.972182
-18.47	0.972058
-18.48	0.971934
-18.49	0.97181
-18.5	0.971686
-18.51	0.971562
-18.52	0.971439
-18.53	0.971316
-18.54	0.971193
-18.55	0.97107
-18.56	0.970947
-18.57	0.970825
-18.58	0.970702
-18.59	0.97058
-18.6	0.970458
-18.61	0.970336
-18.62	0.970214
-18.63	0.970092
-18.64	0.969971
-18.65	0.969849
-18.66	0.969728
-18.67	0.969607
-18.68	0.969486
-18.69	0.969366
-18.7	0.969245
-18.71	0.969125
-18.72	0.969005
-18.73	0.968884
-18.74	0.968764
-18.75	0.968645
-18.76	0.968525
-18.77	0.968406
-18.78	0.968286
-18.79	0.968167
-18.8	0.968048
-18.81	0.967929
-18.82	0.96781
-18.83	0.967692
-18.84	0.967573
-18.85	0.967455
-18.86	0.967337
-18.87	0.967219
-18.88	0.967101
-18.89	0.966983
-18.9	0.966866
-18.91	0.966749
-18.92	0.966631
-18.93	0.966514
-18.94	0.966397
-18.95	0.96628
-18.96	0.966164
-18.97	0.966047
-18.98	0.965931
-18.99	0.965815
-19	0.965699
-19.01	0.965583
-19.02	0.965467
-19.03	0.965351
-19.04	0.965236
-19.05	0.965121
-19.06	0.965005
-19.07	0.96489
-19.08	0.964775
-19.09	0.964661
-19.1	0.964546
-19.11	0.964432
-19.12	0.964317
-19.13	0.964203
-19.14	0.964089
-19.15	0.963975
-19.16	0.963861
-19.17	0.963748
-19.18	0.963634
-19.19	0.963521
-19.2	0.963408
-19.21	0.963295
-19.22	0.963182
-19.23	0.963069
-19.24	0.962956
-19.25	0.962844
-19.26	0.962731
-19.27	0.962619
-19.28	0.962507
-19.29	0.962395
-19.3	0.962283
-19.31	0.962171
-19.32	0.96206
-19.33	0.961949
-19.34	0.961837
-19.35	0.961726
-19.36	0.961615
-19.37	0.961504
-19.38	0.961394
-19.39	0.961283
-19.4	0.961173
-19.41	0.961062
-19.42	0.960952
-19.43	0.960842
-19.44	0.960732
-19.45	0.960622
-19.46	0.960513
-19.47	0.960403
-19.48	0.960294
-19.49	0.960185
-19.5	0.960075
-19.51	0.959966
-19.52	0.959858
-19.53	0.959749
-19.54	0.95964
-19.55	0.959532
-19.56	0.959423
-19.57	0.959315
-19.58	0.959207
-19.59	0.959099
-19.6	0.958991
-19.61	0.958884
-19.62	0.958776
-19.63	0.958669
-19.64	0.958562
-19.65	0.958454
-19.66	0.958347
-19.67	0.958241
-19.68	0.958134
-19.69	0.958027
-19.7	0.957921
-19.71	0.957814
-19.72	0.957708
-19.73	0.957602
-19.74	0.957496
-19.75	0.95739
-19.76	0.957284
-19.77	0.957179
-19.78	0.957073
-19.79	0.956968
-19.8	0.956863
-19.81	0.956757
-19.82	0.956652
-19.83	0.956548
-19.84	0.956443
-19.85	0.956338
-19.86	0.956234
-19.87	0.956129
-19.88	0.956025
-19.89	0.955921
-19.9	0.955817
-19.91	0.955713
-19.92	0.955609
-19.93	0.955506
-19.94	0.955402
-19.95	0.955299
-19.96	0.955196
-19.97	0.955093
-19.98	0.95499
-19.99	0.954887
-20	0.954784
-20.01	0.954681
-20.02	0.954579
-20.03	0.954476
-20.04	0.954374
-20.05	0.954272
-20.06	0.95417
-20.07	0.954068
-20.08	0.953966
-20.09	0.953864
-20.1	0.953763
-20.11	0.953661
-20.12	0.95356
-20.13	0.953459
-20.14	0.953358
-20.15	0.953257
-20.16	0.953156
-20.17	0.953055
-20.18	0.952955
-20.19	0.952854
-20.2	0.952754
-20.21	0.952653
-20.22	0.952553
-20.23	0.952453
-20.24	0.952353
-20.25	0.952254
-20.26	0.952154
-20.27	0.952054
-20.28	0.951955
-20.29	0.951856
-20.3	0.951756
-20.31	0.951657
-20.32	0.951558
-20.33	0.951459
-20.34	0.951361
-20.35	0.951262
-20.36	0.951163
-20.37	0.951065
-20.38	0.950967
-20.39	0.950868
-20.4	0.95077
-20.41	0.950672
-20.42	0.950575
-20.43	0.950477
-20.44	0.950379
-20.45	0.950282
-20.46	0.950184
-20.47	0.950087
-20.48	0.94999
-20.49	0.949893
-20.5	0.949796
-20.51	0.949699
-20.52	0.949602
-20.53	0.949506
-20.54	0.949409
-20.55	0.949313
-20.56	0.949216
-20.57	0.94912
-20.58	0.949024
-20.59	0.948928
-20.6	0.948832
-20.61	0.948737
-20.62	0.948641
-20.63	0.948545
-20.64	0.94845
-20.65	0.948355
-20.66	0.948259
-20.67	0.948164
-20.68	0.948069
-20.69	0.947975
-20.7	0.94788
-20.71	0.947785
-20.72	0.94769
-20.73	0.947596
-20.74	0.947502
-20.75	0.947407
-20.76	0.947313
-20.77	0.947219
-20.78	0.947125
-20.79	0.947032
-20.8	0.946938
-20.81	0.946844
-20.82	0.946751
-20.83	0.946657
-20.84	0.946564
-20.85	0.946471
-20.86	0.946378
-20.87	0.946285
-20.88	0.946192
-20.89	0.946099
-20.9	0.946007
-20.91	0.945914
-20.92	0.945822
-20.93	0.945729
-20.94	0.945637
-20.95	0.945545
-20.96	0.945453
-20.97	0.945361
-20.98	0.945269
-20.99	0.945177
-21	0.945086
-21.01	0.944994
-21.02	0.944903
-21.03	0.944811
-21.04	0.94472
-21.05	0.944629
-21.06	0.944538
-21.07	0.944447
-21.08	0.944356
-21.09	0.944266
-21.1	0.944175
-21.11	0.944085
-21.12	0.943994
-21.13	0.943904
-21.14	0.943814
-21.15	0.943723
-21.16	0.943633
-21.17	0.943544
-21.18	0.943454
-21.19	0.943364
-21.2	0.943274
-21.21	0.943185
-21.22	0.943096
-21.23	0.943006
-21.24	0.942917
-21.25	0.942828
-21.26	0.942739
-21.27	0.94265
-21.28	0.942561
-21.29	0.942472
-21.3	0.942384
-21.31	0.942295
-21.32	0.942207
-21.33	0.942118
-21.34	0.94203
-21.35	0.941942
-21.36	0.941854
-21.37	0.941766
-21.38	0.941678
-21.39	0.94159
-21.4	0.941503
-21.41	0.941415
-21.42	0.941328
-21.43	0.94124
-21.44	0.941153
-21.45	0.941066
-21.46	0.940979
-21.47	0.940892
-21.48	0.940805
-21.49	0.940718
-21.5	0.940631
-21.51	0.940545
-21.52	0.940458
-21.53	0.940372
-21.54	0.940285
-21.55	0.940199
-21.56	0.940113
-21.57	0.940027
-21.58	0.939941
-21.59	0.939855
-21.6	0.939769
-21.61	0.939683
-21.62	0.939598
-21.63	0.939512
-21.64	0.939427
-21.65	0.939342
-21.66	0.939256
-21.67	0.939171
-21.68	0.939086
-21.69	0.939001
-21.7	0.938916
-21.71	0.938832
-21.72	0.938747
-21.73	0.938662
-21.74	0.938578
-21.75	0.938493
-21.76	0.938409
-21.77	0.938325
-21.78	0.938241
-21.79	0.938157
-21.8	0.938073
-21.81	0.937989
-21.82	0.937905
-21.83	0.937821
-21.84	0.937738
-21.85	0.937654
-21.86	0.937571
-21.87	0.937487
-21.88	0.937404
-21.89	0.937321
-21.9	0.937238
-21.91	0.937155
-21.92	0.937072
-21.93	0.936989
-21.94	0.936906
-21.95	0.936824
-21.96	0.936741
-21.97	0.936659
-21.98	0.936576
-21.99	0.936494
-22	0.936412
-22.01	0.93633
-22.02	0.936248
-22.03	0.936166
-22.04	0.936084
-22.05	0.936002
-22.06	0.935921
-22.07	0.935839
-22.08	0.935757
-22.09	0.935676
-22.1	0.935595
-22.11	0.935513
-22.12	0.935432
-22.13	0.935351
-22.14	0.93527
-22.15	0.935189
-22.16	0.935108
-22.17	0.935028
-22.18	0.934947
-22.19	0.934866
-22.2	0.934786
-22.21	0.934706
-22.22	0.934625
-22.23	0.934545
-22.24	0.934465
-22.25	0.934385
-22.26	0.934305
-22.27	0.934225
-22.28	0.934145
-22.29	0.934065
-22.3	0.933986
-22.31	0.933906
-22.32	0.933827
-22.33	0.933747
-22.34	0.933668
-22.35	0.933589
-22.36	0.93351
-22.37	0.93343
-22.38	0.933351
-22.39	0.933273
-22.4	0.933194
-22.41	0.933115
-22.42	0.933036
-22.43	0.932958
-22.44	0.932879
-22.45	0.932801
-22.46	0.932722
-22.47	0.932644
-22.48	0.932566
-22.49	0.932488
-22.5	0.93241
-22.51	0.932332
-22.52	0.932254
-22.53	0.932176
-22.54	0.932099
-22.55	0.932021
-22.56	0.931943
-22.57	0.931866
-22.58	0.931789
-22.59	0.931711
-22.6	0.931634
-22.61	0.931557
-22.62	0.93148
-22.63	0.931403
-22.64	0.931326
-22.65	0.931249
-22.66	0.931172
-22.67	0.931096
-22.68	0.931019
-22.69	0.930943
-22.7	0.930866
-22.71	0.93079
-22.72	0.930713
-22.73	0.930637
-22.74	0.930561
-22.75	0.930485
-22.76	0.930409
-22.77	0.930333
-22.78	0.930257
-22.79	0.930182
-22.8	0.930106
-22.81	0.93003
-22.82	0.929955
-22.83	0.929879
-22.84	0.929804
-22.85	0.929729
-22.86	0.929654
-22.87	0.929578
-22.88	0.929503
-22.89	0.929428
-22.9	0.929354
-22.91	0.929279
-22.92	0.929204
-22.93	0.929129
-22.94	0.929055
-22.95	0.92898
-22.96	0.928906
-22.97	0.928831
-22.98	0.928757
-22.99	0.928683
-23	0.928609
-23.01	0.928535
-23.02	0.928461
-23.03	0.928387
-23.04	0.928313
-23.05	0.928239
-23.06	0.928165
-23.07	0.928092
-23.08	0.928018
-23.09	0.927945
-23.1	0.927871
-23.11	0.927798
-23.12	0.927725
-23.13	0.927651
-23.14	0.927578
-23.15	0.927505
-23.16	0.927432
-23.17	0.927359
-23.18	0.927286
-23.19	0.927214
-23.2	0.927141
-23.21	0.927068
-23.22	0.926996
-23.23	0.926923
-23.24	0.926851
-23.25	0.926779
-23.26	0.926706
-23.27	0.926634
-23.28	0.926562
-23.29	0.92649
-23.3	0.926418
-23.31	0.926346
-23.32	0.926274
-23.33	0.926203
-23.34	0.926131
-23.35	0.926059
-23.36	0.925988
-23.37	0.925916
-23.38	0.925845
-23.39	0.925774
-23.4	0.925702
-23.41	0.925631
-23.42	0.92556
-23.43	0.925489
-23.44	0.925418
-23.45	0.925347
-23.46	0.925276
-23.47	0.925205
-23.48	0.925135
-23.49	0.925064
-23.5	0.924994
-23.51	0.924923
-23.52	0.924853
-23.53	0.924782
-23.54	0.924712
-23.55	0.924642
-23.56	0.924572
-23.57	0.924501
-23.58	0.924431
-23.59	0.924362
-23.6	0.924292
-23.61	0.924222
-23.62	0.924152
-23.63	0.924082
-23.64	0.924013
-23.65	0.923943
-23.66	0.923874
-23.67	0.923804
-23.68	0.923735
-23.69	0.923666
-23.7	0.923597
-23.71	0.923527
-23.72	0.923458
-23.73	0.923389
-23.74	0.92332
-23.75	0.923252
-23.76	0.923183
-23.77	0.923114
-23.78	0.923045
-23.79	0.922977
-23.8	0.922908
-23.81	0.92284
-23.82	0.922771
-23.83	0.922703
-23.84	0.922635
-23.85	0.922566
-23.86	0.922498
-23.87	0.92243
-23.88	0.922362
-23.89	0.922294
-23.9	0.922226
-23.91	0.922159
-23.92	0.922091
-23.93	0.922023
-23.94	0.921956
-23.95	0.921888
-23.96	0.921821
-23.97	0.921753
-23.98	0.921686
-23.99	0.921618
-24	0.921551
-24.01	0.921484
-24.02	0.921417
-24.03	0.92135
-24.04	0.921283
-24.05	0.921216
-24.06	0.921149
-24.07	0.921082
-24.08	0.921016
-24.09	0.920949
-24.1	0.920882
-24.11	0.920816
-24.12	0.920749
-24.13	0.920683
-24.14	0.920617
-24.15	0.92055
-24.16	0.920484
-24.17	0.920418
-24.18	0.920352
-24.19	0.920286
-24.2	0.92022
-24.21	0.920154
-24.22	0.920088
-24.23	0.920022
-24.24	0.919957
-24.25	0.919891
-24.26	0.919825
-24.27	0.91976
-24.28	0.919694
-24.29	0.919629
-24.3	0.919564
-24.31	0.919498
-24.32	0.919433
-24.33	0.919368
-24.34	0.919303
-24.35	0.919238
-24.36	0.919173
-24.37	0.919108
-24.38	0.919043
-24.39	0.918978
-24.4	0.918914
-24.41	0.918849
-24.42	0.918784
-24.43	0.91872
-24.44	0.918655
-24.45	0.918591
-24.46	0.918527
-24.47	0.918462
-24.48	0.918398
-24.49	0.918334
-24.5	0.91827
-24.51	0.918206
-24.52	0.918142
-24.53	0.918078
-24.54	0.918014
-24.55	0.91795
-24.56	0.917886
-24.57	0.917822
-24.58	0.917759
-24.59	0.917695
-24.6	0.917632
-24.61	0.917568
-24.62	0.917505
-24.63	0.917441
-24.64	0.917378
-24.65	0.917315
-24.66	0.917252
-24.67	0.917189
-24.68	0.917125
-24.69	0.917062
-24.7	0.917
-24.71	0.916937
-24.72	0.916874
-24.73	0.916811
-24.74	0.916748
-24.75	0.916686
-24.76	0.916623
-24.77	0.916561
-24.78	0.916498
-24.79	0.916436
-24.8	0.916373
-24.81	0.916311
-24.82	0.916249
-24.83	0.916187
-24.84	0.916124
-24.85	0.916062
-24.86	0.916
-24.87	0.915938
-24.88	0.915876
-24.89	0.915815
-24.9	0.915753
-24.91	0.915691
-24.92	0.915629
-24.93	0.915568
-24.94	0.915506
-24.95	0.915445
-24.96	0.915383
-24.97	0.915322
-24.98	0.91526
-24.99	0.915199
-25	0.915138
-25.01	0.915077
-25.02	0.915016
-25.03	0.914954
-25.04	0.914893
-25.05	0.914832
-25.06	0.914772
-25.07	0.914711
-25.08	0.91465
-25.09	0.914589
-25.1	0.914529
-25.11	0.914468
-25.12	0.914407
-25.13	0.914347
-25.14	0.914286
-25.15	0.914226
-25.16	0.914166
-25.17	0.914105
-25.18	0.914045
-25.19	0.913985
-25.2	0.913925
-25.21	0.913865
-25.22	0.913805
-25.23	0.913745
-25.24	0.913685
-25.25	0.913625
-25.26	0.913565
-25.27	0.913505
-25.28	0.913446
-25.29	0.913386
-25.3	0.913326
-25.31	0.913267
-25.32	0.913207
-25.33	0.913148
-25.34	0.913089
-25.35	0.913029
-25.36	0.91297
-25.37	0.912911
-25.38	0.912852
-25.39	0.912793
-25.4	0.912733
-25.41	0.912674
-25.42	0.912615
-25.43	0.912557
-25.44	0.912498
-25.45	0.912439
-25.46	0.91238
-25.47	0.912322
-25.48	0.912263
-25.49	0.912204
-25.5	0.912146
-25.51	0.912087
-25.52	0.912029
-25.53	0.91197
-25.54	0.911912
-25.55	0.911854
-25.56	0.911796
-25.57	0.911738
-25.58	0.911679
-25.59	0.911621
-25.6	0.911563
-25.61	0.911505
-25.62	0.911447
-25.63	0.91139
-25.64	0.911332
-25.65	0.911274
-25.66	0.911216
-25.67	0.911159
-25.68	0.911101
-25.69	0.911043
-25.7	0.910986
-25.71	0.910929
-25.72	0.910871
-25.73	0.910814
-25.74	0.910756
-25.75	0.910699
-25.76	0.910642
-25.77	0.910585
-25.78	0.910528
-25.79	0.910471
-25.8	0.910414
-25.81	0.910357
-25.82	0.9103
-25.83	0.910243
-25.84	0.910186
-25.85	0.91013
-25.86	0.910073
-25.87	0.910016
-25.88	0.90996
-25.89	0.909903
-25.9	0.909847
-25.91	0.90979
-25.92	0.909734
-25.93	0.909677
-25.94	0.909621
-25.95	0.909565
-25.96	0.909509
-25.97	0.909452
-25.98	0.909396
-25.99	0.90934
-26	0.909284
-26.01	0.909228
-26.02	0.909172
-26.03	0.909117
-26.04	0.909061
-26.05	0.909005
-26.06	0.908949
-26.07	0.908894
-26.08	0.908838
-26.09	0.908782
-26.1	0.908727
-26.11	0.908671
-26.12	0.908616
-26.13	0.908561
-26.14	0.908505
-26.15	0.90845
-26.16	0.908395
-26.17	0.90834
-26.18	0.908284
-26.19	0.908229
-26.2	0.908174
-26.21	0.908119
-26.22	0.908064
-26.23	0.90801
-26.24	0.907955
-26.25	0.9079
-26.26	0.907845
-26.27	0.90779
-26.28	0.907736
-26.29	0.907681
-26.3	0.907627
-26.31	0.907572
-26.32	0.907518
-26.33	0.907463
-26.34	0.907409
-26.35	0.907354
-26.36	0.9073
-26.37	0.907246
-26.38	0.907192
-26.39	0.907138
-26.4	0.907084
-26.41	0.907029
-26.42	0.906975
-26.43	0.906922
-26.44	0.906868
-26.45	0.906814
-26.46	0.90676
-26.47	0.906706
-26.48	0.906652
-26.49	0.906599
-26.5	0.906545
-26.51	0.906491
-26.52	0.906438
-26.53	0.906384
-26.54	0.906331
-26.55	0.906278
-26.56	0.906224
-26.57	0.906171
-26.58	0.906118
-26.59	0.906064
-26.6	0.906011
-26.61	0.905958
-26.62	0.905905
-26.63	0.905852
-26.64	0.905799
-26.65	0.905746
-26.66	0.905693
-26.67	0.90564
-26.68	0.905587
-26.69	0.905535
-26.7	0.905482
-26.71	0.905429
-26.72	0.905377
-26.73	0.905324
-26.74	0.905271
-26.75	0.905219
-26.76	0.905166
-26.77	0.905114
-26.78	0.905062
-26.79	0.905009
-26.8	0.904957
-26.81	0.904905
-26.82	0.904853
-26.83	0.9048
-26.84	0.904748
-26.85	0.904696
-26.86	0.904644
-26.87	0.904592
-26.88	0.90454
-26.89	0.904488
-26.9	0.904437
-26.91	0.904385
-26.92	0.904333
-26.93	0.904281
-26.94	0.90423
-26.95	0.904178
-26.96	0.904126
-26.97	0.904075
-26.98	0.904023
-26.99	0.903972
-27	0.90392
-27.01	0.903869
-27.02	0.903818
-27.03	0.903766
-27.04	0.903715
-27.05	0.903664
-27.06	0.903613
-27.07	0.903562
-27.08	0.903511
-27.09	0.90346
-27.1	0.903409
-27.11	0.903358
-27.12	0.903307
-27.13	0.903256
-27.14	0.903205
-27.15	0.903154
-27.16	0.903104
-27.17	0.903053
-27.18	0.903002
-27.19	0.902952
-27.2	0.902901
-27.21	0.902851
-27.22	0.9028
-27.23	0.90275
-27.24	0.902699
-27.25	0.902649
-27.26	0.902599
-27.27	0.902548
-27.28	0.902498
-27.29	0.902448
-27.3	0.902398
-27.31	0.902348
-27.32	0.902298
-27.33	0.902247
-27.34	0.902198
-27.35	0.902148
-27.36	0.902098
-27.37	0.902048
-27.38	0.901998
-27.39	0.901948
-27.4	0.901899
-27.41	0.901849
-27.42	0.901799
-27.43	0.901749
-27.44	0.9017
-27.45	0.90165
-27.46	0.901601
-27.47	0.901551
-27.48	0.901502
-27.49	0.901453
-27.5	0.901403
-27.51	0.901354
-27.52	0.901305
-27.53	0.901256
-27.54	0.901206
-27.55	0.901157
-27.56	0.901108
-27.57	0.901059
-27.58	0.90101
-27.59	0.900961
-27.6	0.900912
-27.61	0.900863
-27.62	0.900815
-27.63	0.900766
-27.64	0.900717
-27.65	0.900668
-27.66	0.90062
-27.67	0.900571
-27.68	0.900522
-27.69	0.900474
-27.7	0.900425
-27.71	0.900377
-27.72	0.900328
-27.73	0.90028
-27.74	0.900231
-27.75	0.900183
-27.76	0.900135
-27.77	0.900087
-27.78	0.900038
-27.79	0.89999
-27.8	0.899942
-27.81	0.899894
-27.82	0.899846
-27.83	0.899798
-27.84	0.89975
-27.85	0.899702
-27.86	0.899654
-27.87	0.899606
-27.88	0.899558
-27.89	0.899511
-27.9	0.899463
-27.91	0.899415
-27.92	0.899367
-27.93	0.89932
-27.94	0.899272
-27.95	0.899225
-27.96	0.899177
-27.97	0.89913
-27.98	0.899082
-27.99	0.899035
-28	0.898987
-28.01	0.89894
-28.02	0.898893
-28.03	0.898845
-28.04	0.898798
-28.05	0.898751
-28.06	0.898704
-28.07	0.898657
-28.08	0.89861
-28.09	0.898563
-28.1	0.898516
-28.11	0.898469
-28.12	0.898422
-28.13	0.898375
-28.14	0.898328
-28.15	0.898281
-28.16	0.898235
-28.17	0.898188
-28.18	0.898141
-28.19	0.898095
-28.2	0.898048
-28.21	0.898001
-28.22	0.897955
-28.23	0.897908
-28.24	0.897862
-28.25	0.897815
-28.26	0.897769
-28.27	0.897723
-28.28	0.897676
-28.29	0.89763
-28.3	0.897584
-28.31	0.897538
-28.32	0.897491
-28.33	0.897445
-28.34	0.897399
-28.35	0.897353
-28.36	0.897307
-28.37	0.897261
-28.38	0.897215
-28.39	0.897169
-28.4	0.897123
-28.41	0.897078
-28.42	0.897032
-28.43	0.896986
-28.44	0.89694
-28.45	0.896894
-28.46	0.896849
-28.47	0.896803
-28.48	0.896758
-28.49	0.896712
-28.5	0.896667
-28.51	0.896621
-28.52	0.896576
-28.53	0.89653
-28.54	0.896485
-28.55	0.896439
-28.56	0.896394
-28.57	0.896349
-28.58	0.896304
-28.59	0.896258
-28.6	0.896213
-28.61	0.896168
-28.62	0.896123
-28.63	0.896078
-28.64	0.896033
-28.65	0.895988
-28.66	0.895943
-28.67	0.895898
-28.68	0.895853
-28.69	0.895808
-28.7	0.895764
-28.71	0.895719
-28.72	0.895674
-28.73	0.895629
-28.74	0.895585
-28.75	0.89554
-28.76	0.895495
-28.77	0.895451
-28.78	0.895406
-28.79	0.895362
-28.8	0.895317
-28.81	0.895273
-28.82	0.895229
-28.83	0.895184
-28.84	0.89514
-28.85	0.895096
-28.86	0.895051
-28.87	0.895007
-28.88	0.894963
-28.89	0.894919
-28.9	0.894875
-28.91	0.894831
-28.92	0.894786
-28.93	0.894742
-28.94	0.894698
-28.95	0.894655
-28.96	0.894611
-28.97	0.894567
-28.98	0.894523
-28.99	0.894479
-29	0.894435
-29.01	0.894392
-29.02	0.894348
-29.03	0.894304
-29.04	0.89426
-29.05	0.894217
-29.06	0.894173
-29.07	0.89413
-29.08	0.894086
-29.09	0.894043
-29.1	0.893999
-29.11	0.893956
-29.12	0.893912
-29.13	0.893869
-29.14	0.893826
-29.15	0.893783
-29.16	0.893739
-29.17	0.893696
-29.18	0.893653
-29.19	0.89361
-29.2	0.893567
-29.21	0.893524
-29.22	0.893481
-29.23	0.893438
-29.24	0.893395
-29.25	0.893352
-29.26	0.893309
-29.27	0.893266
-29.28	0.893223
-29.29	0.89318
-29.3	0.893137
-29.31	0.893095
-29.32	0.893052
-29.33	0.893009
-29.34	0.892967
-29.35	0.892924
-29.36	0.892881
-29.37	0.892839
-29.38	0.892796
-29.39	0.892754
-29.4	0.892711
-29.41	0.892669
-29.42	0.892627
-29.43	0.892584
-29.44	0.892542
-29.45	0.8925
-29.46	0.892457
-29.47	0.892415
-29.48	0.892373
-29.49	0.892331
-29.5	0.892289
-29.51	0.892246
-29.52	0.892204
-29.53	0.892162
-29.54	0.89212
-29.55	0.892078
-29.56	0.892036
-29.57	0.891994
-29.58	0.891953
-29.59	0.891911
-29.6	0.891869
-29.61	0.891827
-29.62	0.891785
-29.63	0.891744
-29.64	0.891702
-29.65	0.89166
-29.66	0.891619
-29.67	0.891577
-29.68	0.891536
-29.69	0.891494
-29.7	0.891452
-29.71	0.891411
-29.72	0.89137
-29.73	0.891328
-29.74	0.891287
-29.75	0.891245
-29.76	0.891204
-29.77	0.891163
-29.78	0.891122
-29.79	0.89108
-29.8	0.891039
-29.81	0.890998
-29.82	0.890957
-29.83	0.890916
-29.84	0.890875
-29.85	0.890834
-29.86	0.890793
-29.87	0.890752
-29.88	0.890711
-29.89	0.89067
-29.9	0.890629
-29.91	0.890588
-29.92	0.890547
-29.93	0.890506
-29.94	0.890466
-29.95	0.890425
-29.96	0.890384
-29.97	0.890343
-29.98	0.890303
-29.99	0.890262
-30	0.890222
