x	y
30	0.995456
29.99	0.995505
29.98	0.995554
29.97	0.995603
29.96	0.995652
29.95	0.995701
29.94	0.99575
29.93	0.995799
29.92	0.995849
29.91	0.995898
29.9	0.995947
29.89	0.995996
29.88	0.996046
29.87	0.996095
29.86	0.996145
29.85	0.996194
29.84	0.996244
29.83	0.996293
29.82	0.996343
29.81	0.996392
29.8	0.996442
29.79	0.996492
29.78	0.996542
29.77	0.996591
29.76	0.996641
29.75	0.996691
29.74	0.996741
29.73	0.996791
29.72	0.996841
29.71	0.996891
29.7	0.996941
29.69	0.996991
29.68	0.997041
29.67	0.997091
29.66	0.997142
29.65	0.997192
29.64	0.997242
29.63	0.997292
29.62	0.997343
29.61	0.997393
29.6	0.997443
29.59	0.997494
29.58	0.997545
29.57	0.997595
29.56	0.997646
29.55	0.997696
29.54	0.997747
29.53	0.997798
29.52	0.997848
29.51	0.997899
29.5	0.99795
29.49	0.998001
29.48	0.998052
29.47	0.998103
29.46	0.998154
29.45	0.998205
29.44	0.998256
29.43	0.998307
29.42	0.998358
29.41	0.998409
29.4	0.99846
29.39	0.998511
29.38	0.998563
29.37	0.998614
29.36	0.998665
29.35	0.998717
29.34	0.998768
29.33	0.99882
29.32	0.998871
29.31	0.998923
29.3	0.998974
29.29	0.999026
29.28	0.999078
29.27	0.999129
29.26	0.999181
29.25	0.999233
29.24	0.999285
29.23	0.999337
29.22	0.999389
29.21	0.999441
29.2	0.999493
29.19	0.999545
29.18	0.999597
29.17	0.999649
29.16	0.999701
29.15	0.999753
29.14	0.999805
29.13	0.999858
29.12	0.99991
29.11	0.999962
29.1	1.00001
29.09	1.00007
29.08	1.00012
29.07	1.00017
29.06	1.00022
29.05	1.00028
29.04	1.00033
29.03	1.00038
29.02	1.00044
29.01	1.00049
29	1.00054
28.99	1.00059
28.98	1.00065
28.97	1.0007
28.96	1.00075
28.95	1.00081
28.94	1.00086
28.93	1.00091
28.92	1.00096
28.91	1.00102
28.9	1.00107
28.89	1.00112
28.88	1.00118
28.87	1.00123
28.86	1.00128
28.85	1.00134
28.84	1.00139
28.83	1.00145
28.82	1.0015
28.81	1.00155
28.8	1.00161
28.79	1.00166
28.78	1.00171
28.77	1.00177
28.76	1.00182
28.75	1.00187
28.74	1.00193
28.73	1.00198
28.72	1.00204
28.71	1.00209
28.7	1.00214
28.69	1.0022
28.68	1.00225
28.67	1.00231
28.66	1.00236
28.65	1.00242
28.64	1.00247
28.63	1.00252
28.62	1.00258
28.61	1.00263
28.6	1.00269
28.59	1.00274
28.58	1.0028
28.57	1.00285
28.56	1.00291
28.55	1.00296
28.54	1.00302
28.53	1.00307
28.52	1.00313
28.51	1.00318
28.5	1.00323
28.49	1.00329
28.48	1.00334
28.47	1.0034
28.46	1.00346
28.45	1.00351
28.44	1.00357
28.43	1.00362
28.42	1.00368
28.41	1.00373
28.4	1.00379
28.39	1.00384
28.38	1.0039
28.37	1.00395
28.36	1.00401
28.35	1.00406
28.34	1.00412
28.33	1.00418
28.32	1.00423
28.31	1.00429
28.3	1.00434
28.29	1.0044
28.28	1.00445
28.27	1.00451
28.26	1.00457
28.25	1.00462
28.24	1.00468
28.23	1.00473
28.22	1.00479
28.21	1.00485
28.2	1.0049
28.19	1.00496
28.18	1.00502
28.17	1.00507
28.16	1.00513
28.15	1.00519
28.14	1.00524
28.13	1.0053
28.12	1.00535
28.11	1.00541
28.1	1.00547
28.09	1.00552
28.08	1.00558
28.07	1.00564
28.06	1.0057
28.05	1.00575
28.04	1.00581
28.03	1.00587
28.02	1.00592
28.01	1.00598
28	1.00604
27.99	1.0061
27.98	1.00615
27.97	1.00621
27.96	1.00627
27.95	1.00632
27.94	1.00638
27.93	1.00644
27.92	1.0065
27.91	1.00655
27.9	1.00661
27.89	1.00667
27.88	1.00673
27.87	1.00679
27.86	1.00684
27.85	1.0069
27.84	1.00696
27.83	1.00702
27.82	1.00707
27.81	1.00713
27.8	1.00719
27.79	1.00725
27.78	1.00731
27.77	1.00737
27.76	1.00742
27.75	1.00748
27.74	1.00754
27.73	1.0076
27.72	1.00766
27.71	1.00772
27.7	1.00777
27.69	1.00783
27.68	1.00789
27.67	1.00795
27.66	1.00801
27.65	1.00807
27.64	1.00813
27.63	1.00819
27.62	1.00825
27.61	1.0083
27.6	1.00836
27.59	1.00842
27.58	1.00848
27.57	1.00854
27.56	1.0086
27.55	1.00866
27.54	1.00872
27.53	1.00878
27.52	1.00884
27.51	1.0089
27.5	1.00896
27.49	1.00902
27.48	1.00908
27.47	1.00914
27.46	1.0092
27.45	1.00925
27.44	1.00931
27.43	1.00937
27.42	1.00943
27.41	1.00949
27.4	1.00955
27.39	1.00961
27.38	1.00967
27.37	1.00974
27.36	1.0098
27.35	1.00986
27.34	1.00992
27.33	1.00998
27.32	1.01004
27.31	1.0101
27.3	1.01016
27.29	1.01022
27.28	1.01028
27.27	1.01034
27.26	1.0104
27.25	1.01046
27.24	1.01052
27.23	1.01058
27.22	1.01064
27.21	1.01071
27.2	1.01077
27.19	1.01083
27.18	1.01089
27.17	1.01095
27.16	1.01101
27.15	1.01107
27.14	1.01113
27.13	1.0112
27.12	1.01126
27.11	1.01132
27.1	1.01138
27.09	1.01144
27.08	1.0115
27.07	1.01156
27.06	1.01163
27.05	1.01169
27.04	1.01175
27.03	1.01181
27.02	1.01187
27.01	1.01194
27	1.012
26.99	1.01206
26.98	1.01212
26.97	1.01218
26.96	1.01225
26.95	1.01231
26.94	1.01237
26.93	1.01243
26.92	1.0125
26.91	1.01256
26.9	1.01262
26.89	1.01268
26.88	1.01275
26.87	1.01281
26.86	1.01287
26.85	1.01294
26.84	1.013
26.83	1.01306
26.82	1.01312
26.81	1.01319
26.8	1.01325
26.79	1.01331
26.78	1.01338
26.77	1.01344
26.76	1.0135
26.75	1.01357
26.74	1.01363
26.73	1.01369
26.72	1.01376
26.71	1.01382
26.7	1.01389
26.69	1.01395
26.68	1.01401
26.67	1.01408
26.66	1.01414
26.65	1.0142
26.64	1.01427
26.63	1.01433
26.62	1.0144
26.61	1.01446
26.6	1.01453
26.59	1.01459
26.58	1.01465
26.57	1.01472
26.56	1.01478
26.55	1.01485
26.54	1.01491
26.53	1.01498
26.52	1.01504
26.51	1.01511
26.5	1.01517
26.49	1.01524
26.48	1.0153
26.47	1.01537
26.46	1.01543
26.45	1.0155
26.44	1.01556
26.43	1.01563
26.42	1.01569
26.41	1.01576
26.4	1.01582
26.39	1.01589
26.38	1.01595
26.37	1.01602
26.36	1.01608
26.35	1.01615
26.34	1.01622
26.33	1.01628
26.32	1.01635
26.31	1.01641
26.3	1.01648
26.29	1.01654
26.28	1.01661
26.27	1.01668
26.26	1.01674
26.25	1.01681
26.24	1.01688
26.23	1.01694
26.22	1.01701
26.21	1.01707
26.2	1.01714
26.19	1.01721
26.18	1.01727
26.17	1.01734
26.16	1.01741
26.15	1.01747
26.14	1.01754
26.13	1.01761
26.12	1.01767
26.11	1.01774
26.1	1.01781
26.09	1.01788
26.08	1.01794
26.07	1.01801
26.06	1.01808
26.05	1.01815
26.04	1.01821
26.03	1.01828
26.02	1.01835
26.01	1.01842
26	1.01848
25.99	1.01855
25.98	1.01862
25.97	1.01869
25.96	1.01875
25.95	1.01882
25.94	1.01889
25.93	1.01896
25.92	1.01903
25.91	1.01909
25.9	1.01916
25.89	1.01923
25.88	1.0193
25.87	1.01937
25.86	1.01944
25.85	1.01951
25.84	1.01957
25.83	1.01964
25.82	1.01971
25.81	1.01978
25.8	1.01985
25.79	1.01992
25.78	1.01999
25.77	1.02006
25.76	1.02013
25.75	1.02019
25.74	1.02026
25.73	1.02033
25.72	1.0204
25.71	1.02047
25.7	1.02054
25.69	1.02061
25.68	1.02068
25.67	1.02075
25.66	1.02082
25.65	1.02089
25.64	1.02096
25.63	1.02103
25.62	1.0211
25.61	1.02117
25.6	1.02124
25.59	1.02131
25.58	1.02138
25.57	1.02145
25.56	1.02152
25.55	1.02159
25.54	1.02166
25.53	1.02173
25.52	1.0218
25.51	1.02187
25.5	1.02194
25.49	1.02202
25.48	1.02209
25.47	1.02216
25.46	1.02223
25.45	1.0223
25.44	1.02237
25.43	1.02244
25.42	1.02251
25.41	1.02258
25.4	1.02266
25.39	1.02273
25.38	1.0228
25.37	1.02287
25.36	1.02294
25.35	1.02301
25.34	1.02308
25.33	1.02316
25.32	1.02323
25.31	1.0233
25.3	1.02337
25.29	1.02344
25.28	1.02352
25.27	1.02359
25.26	1.02366
25.25	1.02373
25.24	1.02381
25.23	1.02388
25.22	1.02395
25.21	1.02402
25.2	1.0241
25.19	1.02417
25.18	1.02424
25.17	1.02432
25.16	1.02439
25.15	1.02446
25.14	1.02453
25.13	1.02461
25.12	1.02468
25.11	1.02475
25.1	1.02483
25.09	1.0249
25.08	1.02497
25.07	1.02505
25.06	1.02512
25.05	1.0252
25.04	1.02527
25.03	1.02534
25.02	1.02542
25.01	1.02549
25	1.02556
24.99	1.02564
24.98	1.02571
24.97	1.02579
24.96	1.02586
24.95	1.02594
24.94	1.02601
24.93	1.02609
24.92	1.02616
24.91	1.02623
24.9	1.02631
24.89	1.02638
24.88	1.02646
24.87	1.02653
24.86	1.02661
24.85	1.02668
24.84	1.02676
24.83	1.02683
24.82	1.02691
24.81	1.02698
24.8	1.02706
24.79	1.02714
24.78	1.02721
24.77	1.02729
24.76	1.02736
24.75	1.02744
24.74	1.02751
24.73	1.02759
24.72	1.02767
24.71	1.02774
24.7	1.02782
24.69	1.02789
24.68	1.02797
24.67	1.02805
24.66	1.02812
24.65	1.0282
24.64	1.02828
24.63	1.02835
24.62	1.02843
24.61	1.02851
24.6	1.02858
24.59	1.02866
24.58	1.02874
24.57	1.02881
24.56	1.02889
24.55	1.02897
24.54	1.02905
24.53	1.02912
24.52	1.0292
24.51	1.02928
24.5	1.02936
24.49	1.02943
24.48	1.02951
24.47	1.02959
24.46	1.02967
24.45	1.02974
24.44	1.02982
24.43	1.0299
24.42	1.02998
24.41	1.03006
24.4	1.03014
24.39	1.03021
24.38	1.03029
24.37	1.03037
24.36	1.03045
24.35	1.03053
24.34	1.03061
24.33	1.03069
24.32	1.03076
24.31	1.03084
24.3	1.03092
24.29	1.031
24.28	1.03108
24.27	1.03116
24.26	1.03124
24.25	1.03132
24.24	1.0314
24.23	1.03148
24.22	1.03156
24.21	1.03164
24.2	1.03172
24.19	1.0318
24.18	1.03188
24.17	1.03196
24.16	1.03204
24.15	1.03212
24.14	1.0322
24.13	1.03228
24.12	1.03236
24.11	1.03244
24.1	1.03252
24.09	1.0326
24.08	1.03268
24.07	1.03276
24.06	1.03284
24.05	1.03292
24.04	1.033
24.03	1.03309
24.02	1.03317
24.01	1.03325
24	1.03333
23.99	1.03341
23.98	1.03349
23.97	1.03357
23.96	1.03366
23.95	1.03374
23.94	1.03382
23.93	1.0339
23.92	1.03398
23.91	1.03407
23.9	1.03415
23.89	1.03423
23.88	1.03431
23.87	1.03439
23.86	1.03448
23.85	1.03456
23.84	1.03464
23.83	1.03472
23.82	1.03481
23.81	1.03489
23.8	1.03497
23.79	1.03506
23.78	1.03514
23.77	1.03522
23.76	1.03531
23.75	1.03539
23.74	1.03547
23.73	1.03556
23.72	1.03564
23.71	1.03572
23.7	1.03581
23.69	1.03589
23.68	1.03598
23.67	1.03606
23.66	1.03614
23.65	1.03623
23.64	1.03631
23.63	1.0364
23.62	1.03648
23.61	1.03656
23.6	1.03665
23.59	1.03673
23.58	1.03682
23.57	1.0369
23.56	1.03699
23.55	1.03707
23.54	1.03716
23.53	1.03724
23.52	1.03733
23.51	1.03741
23.5	1.0375
23.49	1.03759
23.48	1.03767
23.47	1.03776
23.46	1.03784
23.45	1.03793
23.44	1.03801
23.43	1.0381
23.42	1.03819
23.41	1.03827
23.4	1.03836
23.39	1.03845
23.38	1.03853
23.37	1.03862
23.36	1.0387
23.35	1.03879
23.34	1.03888
23.33	1.03897
23.32	1.03905
23.31	1.03914
23.3	1.03923
23.29	1.03931
23.28	1.0394
23.27	1.03949
23.26	1.03958
23.25	1.03966
23.24	1.03975
23.23	1.03984
23.22	1.03993
23.21	1.04001
23.2	1.0401
23.19	1.04019
23.18	1.04028
23.17	1.04037
23.16	1.04046
23.15	1.04054
23.14	1.04063
23.13	1.04072
23.12	1.04081
23.11	1.0409
23.1	1.04099
23.09	1.04108
23.08	1.04117
23.07	1.04125
23.06	1.04134
23.05	1.04143
23.04	1.04152
23.03	1.04161
23.02	1.0417
23.01	1.04179
23	1.04188
22.99	1.04197
22.98	1.04206
22.97	1.04215
22.96	1.04224
22.95	1.04233
22.94	1.04242
22.93	1.04251
22.92	1.0426
22.91	1.04269
22.9	1.04278
22.89	1.04288
22.88	1.04297
22.87	1.04306
22.86	1.04315
22.85	1.04324
22.84	1.04333
22.83	1.04342
22.82	1.04351
22.81	1.04361
22.8	1.0437
22.79	1.04379
22.78	1.04388
22.77	1.04397
22.76	1.04406
22.75	1.04416
22.74	1.04425
22.73	1.04434
22.72	1.04443
22.71	1.04453
22.7	1.04462
22.69	1.04471
22.68	1.0448
22.67	1.0449
22.66	1.04499
22.65	1.04508
22.64	1.04518
22.63	1.04527
22.62	1.04536
22.61	1.04546
22.6	1.04555
22.59	1.04564
22.58	1.04574
22.57	1.04583
22.56	1.04592
22.55	1.04602
22.54	1.04611
22.53	1.04621
22.52	1.0463
22.51	1.0464
22.5	1.04649
22.49	1.04659
22.48	1.04668
22.47	1.04677
22.46	1.04687
22.45	1.04696
22.44	1.04706
22.43	1.04716
22.42	1.04725
22.41	1.04735
22.4	1.04744
22.39	1.04754
22.38	1.04763
22.37	1.04773
22.36	1.04782
22.35	1.04792
22.34	1.04802
22.33	1.04811
22.32	1.04821
22.31	1.04831
22.3	1.0484
22.29	1.0485
22.28	1.0486
22.27	1.04869
22.26	1.04879
22.25	1.04889
22.24	1.04898
22.23	1.04908
22.22	1.04918
22.21	1.04928
22.2	1.04937
22.19	1.04947
22.18	1.04957
22.17	1.04967
22.16	1.04976
22.15	1.04986
22.14	1.04996
22.13	1.05006
22.12	1.05016
22.11	1.05026
22.1	1.05035
22.09	1.05045
22.08	1.05055
22.07	1.05065
22.06	1.05075
22.05	1.05085
22.04	1.05095
22.03	1.05105
22.02	1.05115
22.01	1.05125
22	1.05135
21.99	1.05145
21.98	1.05155
21.97	1.05165
21.96	1.05175
21.95	1.05185
21.94	1.05195
21.93	1.05205
21.92	1.05215
21.91	1.05225
21.9	1.05235
21.89	1.05245
21.88	1.05255
21.87	1.05265
21.86	1.05275
21.85	1.05285
21.84	1.05295
21.83	1.05306
21.82	1.05316
21.81	1.05326
21.8	1.05336
21.79	1.05346
21.78	1.05356
21.77	1.05367
21.76	1.05377
21.75	1.05387
21.74	1.05397
21.73	1.05408
21.72	1.05418
21.71	1.05428
21.7	1.05438
21.69	1.05449
21.68	1.05459
21.67	1.05469
21.66	1.0548
21.65	1.0549
21.64	1.055
21.63	1.05511
21.62	1.05521
21.61	1.05532
21.6	1.05542
21.59	1.05552
21.58	1.05563
21.57	1.05573
21.56	1.05584
21.55	1.05594
21.54	1.05605
21.53	1.05615
21.52	1.05626
21.51	1.05636
21.5	1.05647
21.49	1.05657
21.48	1.05668
21.47	1.05678
21.46	1.05689
21.45	1.05699
21.44	1.0571
21.43	1.05721
21.42	1.05731
21.41	1.05742
21.4	1.05752
21.39	1.05763
21.38	1.05774
21.37	1.05784
21.36	1.05795
21.35	1.05806
21.34	1.05816
21.33	1.05827
21.32	1.05838
21.31	1.05849
21.3	1.05859
21.29	1.0587
21.28	1.05881
21.27	1.05892
21.26	1.05903
21.25	1.05913
21.24	1.05924
21.23	1.05935
21.22	1.05946
21.21	1.05957
21.2	1.05968
21.19	1.05978
21.18	1.05989
21.17	1.06
21.16	1.06011
21.15	1.06022
21.14	1.06033
21.13	1.06044
21.12	1.06055
21.11	1.06066
21.1	1.06077
21.09	1.06088
21.08	1.06099
21.07	1.0611
21.06	1.06121
21.05	1.06132
21.04	1.06143
21.03	1.06154
21.02	1.06165
21.01	1.06176
21	1.06188
20.99	1.06199
20.98	1.0621
20.97	1.06221
20.96	1.06232
20.95	1.06243
20.94	1.06255
20.93	1.06266
20.92	1.06277
20.91	1.06288
20.9	1.06299
20.89	1.06311
20.88	1.06322
20.87	1.06333
20.86	1.06345
20.85	1.06356
20.84	1.06367
20.83	1.06379
20.82	1.0639
20.81	1.06401
20.8	1.06413
20.79	1.06424
20.78	1.06435
20.77	1.06447
20.76	1.06458
20.75	1.0647
20.74	1.06481
20.73	1.06493
20.72	1.06504
20.71	1.06516
20.7	1.06527
20.69	1.06539
20.68	1.0655
20.67	1.06562
20.66	1.06573
20.65	1.06585
20.64	1.06596
20.63	1.06608
20.62	1.0662
20.61	1.06631
20.6	1.06643
20.59	1.06654
20.58	1.06666
20.57	1.06678
20.56	1.06689
20.55	1.06701
20.54	1.06713
20.53	1.06725
20.52	1.06736
20.51	1.06748
20.5	1.0676
20.49	1.06772
20.48	1.06783
20.47	1.06795
20.46	1.06807
20.45	1.06819
20.44	1.06831
20.43	1.06843
20.42	1.06855
20.41	1.06866
20.4	1.06878
20.39	1.0689
20.38	1.06902
20.37	1.06914
20.36	1.06926
20.35	1.06938
20.34	1.0695
20.33	1.06962
20.32	1.06974
20.31	1.06986
20.3	1.06998
20.29	1.0701
20.28	1.07022
20.27	1.07034
20.26	1.07046
20.25	1.07059
20.24	1.07071
20.23	1.07083
20.22	1.07095
20.21	1.07107
20.2	1.07119
20.19	1.07132
20.18	1.07144
20.17	1.07156
20.16	1.07168
20.15	1.07181
20.14	1.07193
20.13	1.07205
20.12	1.07217
20.11	1.0723
20.1	1.07242
20.09	1.07254
20.08	1.07267
20.07	1.07279
20.06	1.07292
20.05	1.07304
20.04	1.07316
20.03	1.07329
20.02	1.07341
20.01	1.07354
20	1.07366
19.99	1.07379
19.98	1.07391
19.97	1.07404
19.96	1.07416
19.95	1.07429
19.94	1.07441
19.93	1.07454
19.92	1.07467
19.91	1.07479
19.9	1.07492
19.89	1.07505
19.88	1.07517
19.87	1.0753
19.86	1.07543
19.85	1.07555
19.84	1.07568
19.83	1.07581
19.82	1.07594
19.81	1.07606
19.8	1.07619
19.79	1.07632
19.78	1.07645
19.77	1.07658
19.76	1.0767
19.75	1.07683
19.74	1.07696
19.73	1.07709
19.72	1.07722
19.71	1.07735
19.7	1.07748
19.69	1.07761
19.68	1.07774
19.67	1.07787
19.66	1.078
19.65	1.07813
19.64	1.07826
19.63	1.07839
19.62	1.07852
19.61	1.07865
19.6	1.07878
19.59	1.07891
19.58	1.07904
19.57	1.07917
19.56	1.07931
19.55	1.07944
19.54	1.07957
19.53	1.0797
19.52	1.07983
19.51	1.07997
19.5	1.0801
19.49	1.08023
19.48	1.08037
19.47	1.0805
19.46	1.08063
19.45	1.08077
19.44	1.0809
19.43	1.08103
19.42	1.08117
19.41	1.0813
19.4	1.08143
19.39	1.08157
19.38	1.0817
19.37	1.08184
19.36	1.08197
19.35	1.08211
19.34	1.08224
19.33	1.08238
19.32	1.08251
19.31	1.08265
19.3	1.08279
19.29	1.08292
19.28	1.08306
19.27	1.0832
19.26	1.08333
19.25	1.08347
19.24	1.08361
19.23	1.08374
19.22	1.08388
19.21	1.08402
19.2	1.08416
19.19	1.08429
19.18	1.08443
19.17	1.08457
19.16	1.08471
19.15	1.08485
19.14	1.08498
19.13	1.08512
19.12	1.08526
19.11	1.0854
19.1	1.08554
19.09	1.08568
19.08	1.08582
19.07	1.08596
19.06	1.0861
19.05	1.08624
19.04	1.08638
19.03	1.08652
19.02	1.08666
19.01	1.0868
19	1.08694
18.99	1.08709
18.98	1.08723
18.97	1.08737
18.96	1.08751
18.95	1.08765
18.94	1.0878
18.93	1.08794
18.92	1.08808
18.91	1.08822
18.9	1.08837
18.89	1.08851
18.88	1.08865
18.87	1.0888
18.86	1.08894
18.85	1.08908
18.84	1.08923
18.83	1.08937
18.82	1.08952
18.81	1.08966
18.8	1.08981
18.79	1.08995
18.78	1.0901
18.77	1.09024
18.76	1.09039
18.75	1.09053
18.74	1.09068
18.73	1.09082
18.72	1.09097
18.71	1.09112
18.7	1.09126
18.69	1.09141
18.68	1.09156
18.67	1.09171
18.66	1.09185
18.65	1.092
18.64	1.09215
18.63	1.0923
18.62	1.09244
18.61	1.09259
18.6	1.09274
18.59	1.09289
18.58	1.09304
18.57	1.09319
18.56	1.09334
18.55	1.09349
18.54	1.09364
18.53	1.09379
18.52	1.09394
18.51	1.09409
18.5	1.09424
18.49	1.09439
18.48	1.09454
18.47	1.09469
18.46	1.09484
18.45	1.09499
18.44	1.09515
18.43	1.0953
18.42	1.09545
18.41	1.0956
18.4	1.09575
18.39	1.09591
18.38	1.09606
18.37	1.09621
18.36	1.09637
18.35	1.09652
18.34	1.09667
18.33	1.09683
18.32	1.09698
18.31	1.09714
18.3	1.09729
18.29	1.09745
18.28	1.0976
18.27	1.09776
18.26	1.09791
18.25	1.09807
18.24	1.09822
18.23	1.09838
18.22	1.09853
18.21	1.09869
18.2	1.09885
18.19	1.099
18.18	1.09916
18.17	1.09932
18.16	1.09948
18.15	1.09963
18.14	1.09979
18.13	1.09995
18.12	1.10011
18.11	1.10027
18.1	1.10043
18.09	1.10058
18.08	1.10074
18.07	1.1009
18.06	1.10106
18.05	1.10122
18.04	1.10138
18.03	1.10154
18.02	1.1017
18.01	1.10186
18	1.10202
17.99	1.10219
17.98	1.10235
17.97	1.10251
17.96	1.10267
17.95	1.10283
17.94	1.10299
17.93	1.10316
17.92	1.10332
17.91	1.10348
17.9	1.10365
17.89	1.10381
17.88	1.10397
17.87	1.10414
17.86	1.1043
17.85	1.10446
17.84	1.10463
17.83	1.10479
17.82	1.10496
17.81	1.10512
17.8	1.10529
17.79	1.10545
17.78	1.10562
17.77	1.10579
17.76	1.10595
17.75	1.10612
17.74	1.10629
17.73	1.10645
17.72	1.10662
17.71	1.10679
17.7	1.10695
17.69	1.10712
17.68	1.10729
17.67	1.10746
17.66	1.10763
17.65	1.1078
17.64	1.10796
17.63	1.10813
17.62	1.1083
17.61	1.10847
17.6	1.10864
17.59	1.10881
17.58	1.10898
17.57	1.10915
17.56	1.10933
17.55	1.1095
17.54	1.10967
17.53	1.10984
17.52	1.11001
17.51	1.11018
17.5	1.11036
17.49	1.11053
17.48	1.1107
17.47	1.11087
17.46	1.11105
17.45	1.11122
17.44	1.1114
17.43	1.11157
17.42	1.11174
17.41	1.11192
17.4	1.11209
17.39	1.11227
17.38	1.11244
17.37	1.11262
17.36	1.11279
17.35	1.11297
17.34	1.11315
17.33	1.11332
17.32	1.1135
17.31	1.11368
17.3	1.11385
17.29	1.11403
17.28	1.11421
17.27	1.11439
17.26	1.11457
17.25	1.11474
17.24	1.11492
17.23	1.1151
17.22	1.11528
17.21	1.11546
17.2	1.11564
17.19	1.11582
17.18	1.116
17.17	1.11618
17.16	1.11636
17.15	1.11654
17.14	1.11673
17.13	1.11691
17.12	1.11709
17.11	1.11727
17.1	1.11745
17.09	1.11764
17.08	1.11782
17.07	1.118
17.06	1.11819
17.05	1.11837
17.04	1.11855
17.03	1.11874
17.02	1.11892
17.01	1.11911
17	1.11929
16.99	1.11948
16.98	1.11966
16.97	1.11985
16.96	1.12003
16.95	1.12022
16.94	1.12041
16.93	1.12059
16.92	1.12078
16.91	1.12097
16.9	1.12116
16.89	1.12135
16.88	1.12153
16.87	1.12172
16.86	1.12191
16.85	1.1221
16.84	1.12229
16.83	1.12248
16.82	1.12267
16.81	1.12286
16.8	1.12305
16.79	1.12324
16.78	1.12343
16.77	1.12362
16.76	1.12381
16.75	1.12401
16.74	1.1242
16.73	1.12439
16.72	1.12458
16.71	1.12478
16.7	1.12497
16.69	1.12516
16.68	1.12536
16.67	1.12555
16.66	1.12575
16.65	1.12594
16.64	1.12614
16.63	1.12633
16.62	1.12653
16.61	1.12672
16.6	1.12692
16.59	1.12712
16.58	1.12731
16.57	1.12751
16.56	1.12771
16.55	1.12791
16.54	1.1281
16.53	1.1283
16.52	1.1285
16.51	1.1287
16.5	1.1289
16.49	1.1291
16.48	1.1293
16.47	1.1295
16.46	1.1297
16.45	1.1299
16.44	1.1301
16.43	1.1303
16.42	1.1305
16.41	1.13071
16.4	1.13091
16.39	1.13111
16.38	1.13131
16.37	1.13152
16.36	1.13172
16.35	1.13192
16.34	1.13213
16.33	1.13233
16.32	1.13254
16.31	1.13274
16.3	1.13295
16.29	1.13315
16.28	1.13336
16.27	1.13357
16.26	1.13377
16.25	1.13398
16.24	1.13419
16.23	1.13439
16.22	1.1346
16.21	1.13481
16.2	1.13502
16.19	1.13523
16.18	1.13544
16.17	1.13565
16.16	1.13586
16.15	1.13607
16.14	1.13628
16.13	1.13649
16.12	1.1367
16.11	1.13691
16.1	1.13712
16.09	1.13733
16.08	1.13755
16.07	1.13776
16.06	1.13797
16.05	1.13819
16.04	1.1384
16.03	1.13861
16.02	1.13883
16.01	1.13904
16	1.13926
15.99	1.13947
15.98	1.13969
15.97	1.1399
15.96	1.14012
15.95	1.14034
15.94	1.14056
15.93	1.14077
15.92	1.14099
15.91	1.14121
15.9	1.14143
15.89	1.14165
15.88	1.14186
15.87	1.14208
15.86	1.1423
15.85	1.14252
15.84	1.14275
15.83	1.14297
15.82	1.14319
15.81	1.14341
15.8	1.14363
15.79	1.14385
15.78	1.14408
15.77	1.1443
15.76	1.14452
15.75	1.14475
15.74	1.14497
15.73	1.14519
15.72	1.14542
15.71	1.14564
15.7	1.14587
15.69	1.1461
15.68	1.14632
15.67	1.14655
15.66	1.14678
15.65	1.147
15.64	1.14723
15.63	1.14746
15.62	1.14769
15.61	1.14792
15.6	1.14814
15.59	1.14837
15.58	1.1486
15.57	1.14883
15.56	1.14907
15.55	1.1493
15.54	1.14953
15.53	1.14976
15.52	1.14999
15.51	1.15022
15.5	1.15046
15.49	1.15069
15.48	1.15092
15.47	1.15116
15.46	1.15139
15.45	1.15163
15.44	1.15186
15.43	1.1521
15.42	1.15233
15.41	1.15257
15.4	1.15281
15.39	1.15304
15.38	1.15328
15.37	1.15352
15.36	1.15376
15.35	1.154
15.34	1.15424
15.33	1.15448
15.32	1.15471
15.31	1.15496
15.3	1.1552
15.29	1.15544
15.28	1.15568
15.27	1.15592
15.26	1.15616
15.25	1.15641
15.24	1.15665
15.23	1.15689
15.22	1.15714
15.21	1.15738
15.2	1.15762
15.19	1.15787
15.18	1.15811
15.17	1.15836
15.16	1.15861
15.15	1.15885
15.14	1.1591
15.13	1.15935
15.12	1.1596
15.11	1.15984
15.1	1.16009
15.09	1.16034
15.08	1.16059
15.07	1.16084
15.06	1.16109
15.05	1.16134
15.04	1.1616
15.03	1.16185
15.02	1.1621
15.01	1.16235
15	1.1626
14.99	1.16286
14.98	1.16311
14.97	1.16337
14.96	1.16362
14.95	1.16388
14.94	1.16413
14.93	1.16439
14.92	1.16464
14.91	1.1649
14.9	1.16516
14.89	1.16542
14.88	1.16567
14.87	1.16593
14.86	1.16619
14.85	1.16645
14.84	1.16671
14.83	1.16697
14.82	1.16723
14.81	1.16749
14.8	1.16776
14.79	1.16802
14.78	1.16828
14.77	1.16854
14.76	1.16881
14.75	1.16907
14.74	1.16934
14.73	1.1696
14.72	1.16987
14.71	1.17013
14.7	1.1704
14.69	1.17067
14.68	1.17093
14.67	1.1712
14.66	1.17147
14.65	1.17174
14.64	1.17201
14.63	1.17228
14.62	1.17255
14.61	1.17282
14.6	1.17309
14.59	1.17336
14.58	1.17363
14.57	1.1739
14.56	1.17418
14.55	1.17445
14.54	1.17472
14.53	1.175
14.52	1.17527
14.51	1.17555
14.5	1.17582
14.49	1.1761
14.48	1.17638
14.47	1.17666
14.46	1.17693
14.45	1.17721
14.44	1.17749
14.43	1.17777
14.42	1.17805
14.41	1.17833
14.4	1.17861
14.39	1.17889
14.38	1.17917
14.37	1.17946
14.36	1.17974
14.35	1.18002
14.34	1.18031
14.33	1.18059
14.32	1.18087
14.31	1.18116
14.3	1.18145
14.29	1.18173
14.28	1.18202
14.27	1.18231
14.26	1.18259
14.25	1.18288
14.24	1.18317
14.23	1.18346
14.22	1.18375
14.21	1.18404
14.2	1.18433
14.19	1.18462
14.18	1.18492
14.17	1.18521
14.16	1.1855
14.15	1.1858
14.14	1.18609
14.13	1.18638
14.12	1.18668
14.11	1.18698
14.1	1.18727
14.09	1.18757
14.08	1.18787
14.07	1.18816
14.06	1.18846
14.05	1.18876
14.04	1.18906
14.03	1.18936
14.02	1.18966
14.01	1.18996
14	1.19027
13.99	1.19057
13.98	1.19087
13.97	1.19118
13.96	1.19148
13.95	1.19178
13.94	1.19209
13.93	1.19239
13.92	1.1927
13.91	1.19301
13.9	1.19332
13.89	1.19362
13.88	1.19393
13.87	1.19424
13.86	1.19455
13.85	1.19486
13.84	1.19517
13.83	1.19548
13.82	1.1958
13.81	1.19611
13.8	1.19642
13.79	1.19674
13.78	1.19705
13.77	1.19737
13.76	1.19768
13.75	1.198
13.74	1.19832
13.73	1.19863
13.72	1.19895
13.71	1.19927
13.7	1.19959
13.69	1.19991
13.68	1.20023
13.67	1.20055
13.66	1.20087
13.65	1.20119
13.64	1.20152
13.63	1.20184
13.62	1.20217
13.61	1.20249
13.6	1.20282
13.59	1.20314
13.58	1.20347
13.57	1.2038
13.56	1.20412
13.55	1.20445
13.54	1.20478
13.53	1.20511
13.52	1.20544
13.51	1.20577
13.5	1.2061
13.49	1.20644
13.48	1.20677
13.47	1.2071
13.46	1.20744
13.45	1.20777
13.44	1.20811
13.43	1.20844
13.42	1.20878
13.41	1.20912
13.4	1.20946
13.39	1.2098
13.38	1.21014
13.37	1.21048
13.36	1.21082
13.35	1.21116
13.34	1.2115
13.33	1.21184
13.32	1.21219
13.31	1.21253
13.3	1.21288
13.29	1.21322
13.28	1.21357
13.27	1.21392
13.26	1.21426
13.25	1.21461
13.24	1.21496
13.23	1.21531
13.22	1.21566
13.21	1.21601
13.2	1.21636
13.19	1.21672
13.18	1.21707
13.17	1.21742
13.16	1.21778
13.15	1.21813
13.14	1.21849
13.13	1.21885
13.12	1.2192
13.11	1.21956
13.1	1.21992
13.09	1.22028
13.08	1.22064
13.07	1.221
13.06	1.22136
13.05	1.22173
13.04	1.22209
13.03	1.22245
13.02	1.22282
13.01	1.22318
13	1.22355
12.99	1.22392
12.98	1.22429
12.97	1.22465
12.96	1.22502
12.95	1.22539
12.94	1.22576
12.93	1.22614
12.92	1.22651
12.91	1.22688
12.9	1.22726
12.89	1.22763
12.88	1.22801
12.87	1.22838
12.86	1.22876
12.85	1.22914
12.84	1.22951
12.83	1.22989
12.82	1.23027
12.81	1.23065
12.8	1.23104
12.79	1.23142
12.78	1.2318
12.77	1.23219
12.76	1.23257
12.75	1.23296
12.74	1.23334
12.73	1.23373
12.72	1.23412
12.71	1.23451
12.7	1.2349
12.69	1.23529
12.68	1.23568
12.67	1.23607
12.66	1.23646
12.65	1.23686
12.64	1.23725
12.63	1.23765
12.62	1.23804
12.61	1.23844
12.6	1.23884
12.59	1.23924
12.58	1.23964
12.57	1.24004
12.56	1.24044
12.55	1.24084
12.54	1.24124
12.53	1.24165
12.52	1.24205
12.51	1.24246
12.5	1.24286
12.49	1.24327
12.48	1.24368
12.47	1.24409
12.46	1.2445
12.45	1.24491
12.44	1.24532
12.43	1.24573
12.42	1.24615
12.41	1.24656
12.4	1.24698
12.39	1.24739
12.38	1.24781
12.37	1.24823
12.36	1.24865
12.35	1.24907
12.34	1.24949
12.33	1.24991
12.32	1.25033
12.31	1.25075
12.3	1.25118
12.29	1.2516
12.28	1.25203
12.27	1.25246
12.26	1.25289
12.25	1.25331
12.24	1.25374
12.23	1.25418
12.22	1.25461
12.21	1.25504
12.2	1.25547
12.19	1.25591
12.18	1.25634
12.17	1.25678
12.16	1.25722
12.15	1.25766
12.14	1.2581
12.13	1.25854
12.12	1.25898
12.11	1.25942
12.1	1.25986
12.09	1.26031
12.08	1.26075
12.07	1.2612
12.06	1.26165
12.05	1.2621
12.04	1.26255
12.03	1.263
12.02	1.26345
12.01	1.2639
12	1.26435
11.99	1.26481
11.98	1.26526
11.97	1.26572
11.96	1.26618
11.95	1.26664
11.94	1.2671
11.93	1.26756
11.92	1.26802
11.91	1.26848
11.9	1.26895
11.89	1.26941
11.88	1.26988
11.87	1.27034
11.86	1.27081
11.85	1.27128
11.84	1.27175
11.83	1.27222
11.82	1.2727
11.81	1.27317
11.8	1.27364
11.79	1.27412
11.78	1.2746
11.77	1.27508
11.76	1.27555
11.75	1.27603
11.74	1.27652
11.73	1.277
11.72	1.27748
11.71	1.27797
11.7	1.27845
11.69	1.27894
11.68	1.27943
11.67	1.27992
11.66	1.28041
11.65	1.2809
11.64	1.28139
11.63	1.28189
11.62	1.28238
11.61	1.28288
11.6	1.28337
11.59	1.28387
11.58	1.28437
11.57	1.28487
11.56	1.28537
11.55	1.28588
11.54	1.28638
11.53	1.28689
11.52	1.28739
11.51	1.2879
11.5	1.28841
11.49	1.28892
11.48	1.28943
11.47	1.28995
11.46	1.29046
11.45	1.29098
11.44	1.29149
11.43	1.29201
11.42	1.29253
11.41	1.29305
11.4	1.29357
11.39	1.2941
11.38	1.29462
11.37	1.29514
11.36	1.29567
11.35	1.2962
11.34	1.29673
11.33	1.29726
11.32	1.29779
11.31	1.29832
11.3	1.29886
11.29	1.29939
11.28	1.29993
11.27	1.30047
11.26	1.30101
11.25	1.30155
11.24	1.30209
11.23	1.30264
11.22	1.30318
11.21	1.30373
11.2	1.30428
11.19	1.30482
11.18	1.30538
11.17	1.30593
11.16	1.30648
11.15	1.30703
11.14	1.30759
11.13	1.30815
11.12	1.30871
11.11	1.30927
11.1	1.30983
11.09	1.31039
11.08	1.31096
11.07	1.31152
11.06	1.31209
11.05	1.31266
11.04	1.31323
11.03	1.3138
11.02	1.31437
11.01	1.31495
11	1.31552
10.99	1.3161
10.98	1.31668
10.97	1.31726
10.96	1.31784
10.95	1.31842
10.94	1.31901
10.93	1.31959
10.92	1.32018
10.91	1.32077
10.9	1.32136
10.89	1.32195
10.88	1.32255
10.87	1.32314
10.86	1.32374
10.85	1.32434
10.84	1.32494
10.83	1.32554
10.82	1.32614
10.81	1.32675
10.8	1.32735
10.79	1.32796
10.78	1.32857
10.77	1.32918
10.76	1.32979
10.75	1.33041
10.74	1.33102
10.73	1.33164
10.72	1.33226
10.71	1.33288
10.7	1.3335
10.69	1.33413
10.68	1.33475
10.67	1.33538
10.66	1.33601
10.65	1.33664
10.64	1.33727
10.63	1.3379
10.62	1.33854
10.61	1.33918
10.6	1.33981
10.59	1.34045
10.58	1.3411
10.57	1.34174
10.56	1.34239
10.55	1.34303
10.54	1.34368
10.53	1.34433
10.52	1.34499
10.51	1.34564
10.5	1.3463
10.49	1.34696
10.48	1.34762
10.47	1.34828
10.46	1.34894
10.45	1.34961
10.44	1.35027
10.43	1.35094
10.42	1.35161
10.41	1.35228
10.4	1.35296
10.39	1.35363
10.38	1.35431
10.37	1.35499
10.36	1.35567
10.35	1.35636
10.34	1.35704
10.33	1.35773
10.32	1.35842
10.31	1.35911
10.3	1.3598
10.29	1.3605
10.28	1.3612
10.27	1.3619
10.26	1.3626
10.25	1.3633
10.24	1.364
10.23	1.36471
10.22	1.36542
10.21	1.36613
10.2	1.36684
10.19	1.36756
10.18	1.36827
10.17	1.36899
10.16	1.36971
10.15	1.37044
10.14	1.37116
10.13	1.37189
10.12	1.37262
10.11	1.37335
10.1	1.37408
10.09	1.37482
10.08	1.37555
10.07	1.37629
10.06	1.37704
10.05	1.37778
10.04	1.37853
10.03	1.37927
10.02	1.38002
10.01	1.38078
10	1.38153
9.99	1.38229
9.98	1.38305
9.97	1.38381
9.96	1.38457
9.95	1.38534
9.94	1.3861
9.93	1.38687
9.92	1.38765
9.91	1.38842
9.9	1.3892
9.89	1.38998
9.88	1.39076
9.87	1.39154
9.86	1.39233
9.85	1.39312
9.84	1.39391
9.83	1.3947
9.82	1.39549
9.81	1.39629
9.8	1.39709
9.79	1.3979
9.78	1.3987
9.77	1.39951
9.76	1.40032
9.75	1.40113
9.74	1.40194
9.73	1.40276
9.72	1.40358
9.71	1.4044
9.7	1.40523
9.69	1.40605
9.68	1.40688
9.67	1.40771
9.66	1.40855
9.65	1.40939
9.64	1.41023
9.63	1.41107
9.62	1.41191
9.61	1.41276
9.6	1.41361
9.59	1.41446
9.58	1.41532
9.57	1.41617
9.56	1.41704
9.55	1.4179
9.54	1.41876
9.53	1.41963
9.52	1.4205
9.51	1.42138
9.5	1.42225
9.49	1.42313
9.48	1.42401
9.47	1.4249
9.46	1.42579
9.45	1.42668
9.44	1.42757
9.43	1.42847
9.42	1.42936
9.41	1.43027
9.4	1.43117
9.39	1.43208
9.38	1.43299
9.37	1.4339
9.36	1.43482
9.35	1.43574
9.34	1.43666
9.33	1.43758
9.32	1.43851
9.31	1.43944
9.3	1.44037
9.29	1.44131
9.28	1.44225
9.27	1.44319
9.26	1.44414
9.25	1.44509
9.24	1.44604
9.23	1.44699
9.22	1.44795
9.21	1.44891
9.2	1.44988
9.19	1.45084
9.18	1.45181
9.17	1.45279
9.16	1.45377
9.15	1.45475
9.14	1.45573
9.13	1.45672
9.12	1.45771
9.11	1.4587
9.1	1.45969
9.09	1.46069
9.08	1.4617
9.07	1.4627
9.06	1.46371
9.05	1.46473
9.04	1.46574
9.03	1.46676
9.02	1.46779
9.01	1.46881
9	1.46984
8.99	1.47088
8.98	1.47191
8.97	1.47295
8.96	1.474
8.95	1.47505
8.94	1.4761
8.93	1.47715
8.92	1.47821
8.91	1.47927
8.9	1.48034
8.89	1.48141
8.88	1.48248
8.87	1.48356
8.86	1.48464
8.85	1.48572
8.84	1.48681
8.83	1.4879
8.82	1.489
8.81	1.4901
8.8	1.4912
8.79	1.49231
8.78	1.49342
8.77	1.49453
8.76	1.49565
8.75	1.49677
8.74	1.4979
8.73	1.49903
8.72	1.50017
8.71	1.5013
8.7	1.50245
8.69	1.50359
8.68	1.50474
8.67	1.5059
8.66	1.50706
8.65	1.50822
8.64	1.50939
8.63	1.51056
8.62	1.51173
8.61	1.51291
8.6	1.5141
8.59	1.51529
8.58	1.51648
8.57	1.51768
8.56	1.51888
8.55	1.52008
8.54	1.52129
8.53	1.52251
8.52	1.52373
8.51	1.52495
8.5	1.52618
8.49	1.52741
8.48	1.52865
8.47	1.52989
8.46	1.53113
8.45	1.53238
8.44	1.53364
8.43	1.5349
8.42	1.53616
8.41	1.53743
8.4	1.53871
8.39	1.53999
8.38	1.54127
8.37	1.54256
8.36	1.54385
8.35	1.54515
8.34	1.54645
8.33	1.54776
8.32	1.54907
8.31	1.55039
8.3	1.55171
8.29	1.55304
8.28	1.55437
8.27	1.55571
8.26	1.55705
8.25	1.5584
8.24	1.55976
8.23	1.56111
8.22	1.56248
8.21	1.56385
8.2	1.56522
8.19	1.5666
8.18	1.56799
8.17	1.56938
8.16	1.57077
8.15	1.57218
8.14	1.57358
8.13	1.575
8.12	1.57641
8.11	1.57784
8.1	1.57927
8.09	1.5807
8.08	1.58214
8.07	1.58359
8.06	1.58504
8.05	1.5865
8.04	1.58796
8.03	1.58943
8.02	1.59091
8.01	1.59239
8	1.59388
7.99	1.59537
7.98	1.59687
7.97	1.59837
7.96	1.59989
7.95	1.6014
7.94	1.60293
7.93	1.60446
7.92	1.60599
7.91	1.60754
7.9	1.60909
7.89	1.61064
7.88	1.6122
7.87	1.61377
7.86	1.61535
7.85	1.61693
7.84	1.61851
7.83	1.62011
7.82	1.62171
7.81	1.62332
7.8	1.62493
7.79	1.62655
7.78	1.62818
7.77	1.62982
7.76	1.63146
7.75	1.63311
7.74	1.63476
7.73	1.63643
7.72	1.6381
7.71	1.63977
7.7	1.64146
7.69	1.64315
7.68	1.64485
7.67	1.64655
7.66	1.64827
7.65	1.64999
7.64	1.65172
7.63	1.65345
7.62	1.6552
7.61	1.65695
7.6	1.65871
7.59	1.66047
7.58	1.66225
7.57	1.66403
7.56	1.66582
7.55	1.66761
7.54	1.66942
7.53	1.67123
7.52	1.67306
7.51	1.67489
7.5	1.67672
7.49	1.67857
7.48	1.68042
7.47	1.68229
7.46	1.68416
7.45	1.68604
7.44	1.68793
7.43	1.68982
7.42	1.69173
7.41	1.69364
7.4	1.69556
7.39	1.6975
7.38	1.69944
7.37	1.70138
7.36	1.70334
7.35	1.70531
7.34	1.70729
7.33	1.70927
7.32	1.71127
7.31	1.71327
7.3	1.71528
7.29	1.71731
7.28	1.71934
7.27	1.72138
7.26	1.72343
7.25	1.72549
7.24	1.72756
7.23	1.72965
7.22	1.73174
7.21	1.73384
7.2	1.73595
7.19	1.73807
7.18	1.7402
7.17	1.74234
7.16	1.74449
7.15	1.74665
7.14	1.74883
7.13	1.75101
7.12	1.7532
7.11	1.75541
7.1	1.75762
7.09	1.75985
7.08	1.76208
7.07	1.76433
7.06	1.76659
7.05	1.76886
7.04	1.77114
7.03	1.77343
7.02	1.77574
7.01	1.77805
7	1.78038
6.99	1.78272
6.98	1.78507
6.97	1.78743
6.96	1.78981
6.95	1.7922
6.94	1.79459
6.93	1.79701
6.92	1.79943
6.91	1.80187
6.9	1.80431
6.89	1.80677
6.88	1.80925
6.87	1.81173
6.86	1.81423
6.85	1.81675
6.84	1.81927
6.83	1.82181
6.82	1.82436
6.81	1.82693
6.8	1.82951
6.79	1.8321
6.78	1.83471
6.77	1.83733
6.76	1.83996
6.75	1.84261
6.74	1.84527
6.73	1.84795
6.72	1.85064
6.71	1.85335
6.7	1.85607
6.69	1.8588
6.68	1.86155
6.67	1.86432
6.66	1.8671
6.65	1.86989
6.64	1.8727
6.63	1.87553
6.62	1.87837
6.61	1.88123
6.6	1.8841
6.59	1.88699
6.58	1.8899
6.57	1.89282
6.56	1.89576
6.55	1.89871
6.54	1.90169
6.53	1.90467
6.52	1.90768
6.51	1.9107
6.5	1.91374
6.49	1.9168
6.48	1.91988
6.47	1.92297
6.46	1.92608
6.45	1.92921
6.44	1.93236
6.43	1.93552
6.42	1.93871
6.41	1.94191
6.4	1.94513
6.39	1.94837
6.38	1.95163
6.37	1.95491
6.36	1.95821
6.35	1.96153
6.34	1.96487
6.33	1.96823
6.32	1.97161
6.31	1.97501
6.3	1.97843
6.29	1.98187
6.28	1.98533
6.27	1.98881
6.26	1.99232
6.25	1.99584
6.24	1.99939
6.23	2.00296
6.22	2.00655
6.21	2.01017
6.2	2.0138
6.19	2.01746
6.18	2.02115
6.17	2.02485
6.16	2.02858
6.15	2.03234
6.14	2.03612
6.13	2.03992
6.12	2.04374
6.11	2.0476
6.1	2.05147
6.09	2.05537
6.08	2.0593
6.07	2.06325
6.06	2.06723
6.05	2.07123
6.04	2.07526
6.03	2.07932
6.02	2.08341
6.01	2.08752
6	2.09166
5.99	2.09582
5.98	2.10002
5.97	2.10424
5.96	2.10849
5.95	2.11277
5.94	2.11708
5.93	2.12142
5.92	2.12579
5.91	2.13019
5.9	2.13462
5.89	2.13908
5.88	2.14358
5.87	2.1481
5.86	2.15266
5.85	2.15724
5.84	2.16186
5.83	2.16652
5.82	2.1712
5.81	2.17592
5.8	2.18067
5.79	2.18546
5.78	2.19028
5.77	2.19514
5.76	2.20004
5.75	2.20496
5.74	2.20993
5.73	2.21493
5.72	2.21997
5.71	2.22505
5.7	2.23016
5.69	2.23531
5.68	2.2405
5.67	2.24573
5.66	2.251
5.65	2.25631
5.64	2.26166
5.63	2.26706
5.62	2.27249
5.61	2.27796
5.6	2.28348
5.59	2.28904
5.58	2.29465
5.57	2.3003
5.56	2.30599
5.55	2.31173
5.54	2.31751
5.53	2.32334
5.52	2.32922
5.51	2.33515
5.5	2.34112
5.49	2.34714
5.48	2.35321
5.47	2.35933
5.46	2.3655
5.45	2.37173
5.44	2.378
5.43	2.38433
5.42	2.39071
5.41	2.39714
5.4	2.40363
5.39	2.41017
5.38	2.41677
5.37	2.42343
5.36	2.43014
5.35	2.43691
5.34	2.44375
5.33	2.45064
5.32	2.45759
5.31	2.4646
5.3	2.47168
5.29	2.47882
5.28	2.48602
5.27	2.49329
5.26	2.50062
5.25	2.50802
5.24	2.51549
5.23	2.52303
5.22	2.53063
5.21	2.53831
5.2	2.54606
5.19	2.55388
5.18	2.56178
5.17	2.56975
5.16	2.5778
5.15	2.58592
5.14	2.59413
5.13	2.60241
5.12	2.61078
5.11	2.61922
5.1	2.62775
5.09	2.63637
5.08	2.64507
5.07	2.65385
5.06	2.66273
5.05	2.6717
5.04	2.68076
5.03	2.68991
5.02	2.69916
5.01	2.7085
5	2.71794
4.99	2.72748
4.98	2.73712
4.97	2.74686
4.96	2.75671
4.95	2.76667
4.94	2.77673
4.93	2.78691
4.92	2.79719
4.91	2.80759
4.9	2.81811
4.89	2.82874
4.88	2.8395
4.87	2.85037
4.86	2.86138
4.85	2.87251
4.84	2.88376
4.83	2.89516
4.82	2.90668
4.81	2.91834
4.8	2.93014
4.79	2.94209
4.78	2.95418
4.77	2.96642
4.76	2.9788
4.75	2.99135
4.74	3.00405
4.73	3.01691
4.72	3.02993
4.71	3.04312
4.7	3.05648
4.69	3.07002
4.68	3.08373
4.67	3.09763
4.66	3.11171
4.65	3.12598
4.64	3.14045
4.63	3.15511
4.62	3.16998
4.61	3.18506
4.6	3.20035
4.59	3.21585
4.58	3.23158
4.57	3.24754
4.56	3.26373
4.55	3.28016
4.54	3.29684
4.53	3.31377
4.52	3.33096
4.51	3.34841
4.5	3.36613
4.49	3.38414
4.48	3.40242
4.47	3.42101
4.46	3.43989
4.45	3.45909
4.44	3.47861
4.43	3.49845
4.42	3.51863
4.41	3.53916
4.4	3.56005
4.39	3.58131
4.38	3.60294
4.37	3.62497
4.36	3.64741
4.35	3.67026
4.34	3.69354
4.33	3.71727
4.32	3.74146
4.31	3.76612
4.3	3.79127
4.29	3.81694
4.28	3.84313
4.27	3.86987
4.26	3.89717
4.25	3.92507
4.24	3.95357
4.23	3.98271
4.22	4.01251
4.21	4.043
4.2	4.0742
4.19	4.10615
4.18	4.13888
4.17	4.17242
4.16	4.20681
4.15	4.24209
4.14	4.2783
4.13	4.31548
4.12	4.35369
4.11	4.39297
4.1	4.43338
4.09	4.47499
4.08	4.51786
4.07	4.56205
4.06	4.60765
4.05	4.65474
4.04	4.70341
4.03	4.75376
4.02	4.8059
4.01	4.85996
4	4.91607
3.99	4.97437
3.98	5.03503
3.97	5.09824
3.96	5.1642
3.95	5.23315
3.94	5.30535
3.93	5.3811
3.92	5.46075
3.91	5.5447
3.9	5.63341
3.89	5.72742
3.88	5.82736
3.87	5.93401
3.86	6.04828
3.85	6.17129
3.84	6.30443
3.83	6.44944
3.82	6.60858
3.81	6.78478
3.8	6.98202
3.79	7.20585
3.78	7.46435
3.77	7.76996
3.76	8.14331
3.75	8.62247
3.74	9.29075
3.73	10.3992
3.72	14.3592
-3.72	14.3592
-3.73	10.3992
-3.74	9.29075
-3.75	8.62247
-3.76	8.14331
-3.77	7.76996
-3.78	7.46435
-3.79	7.20585
-3.8	6.98202
-3.81	6.78478
-3.82	6.60858
-3.83	6.44944
-3.84	6.30443
-3.85	6.17129
-3.86	6.04828
-3.87	5.93401
-3.88	5.82736
-3.89	5.72742
-3.9	5.63341
-3.91	5.5447
-3.92	5.46075
-3.93	5.3811
-3.94	5.30535
-3.95	5.23315
-3.96	5.1642
-3.97	5.09824
-3.98	5.03503
-3.99	4.97437
-4	4.91607
-4.01	4.85996
-4.02	4.8059
-4.03	4.75376
-4.04	4.70341
-4.05	4.65474
-4.06	4.60765
-4.07	4.56205
-4.08	4.51786
-4.09	4.47499
-4.1	4.43338
-4.11	4.39297
-4.12	4.35369
-4.13	4.31548
-4.14	4.2783
-4.15	4.24209
-4.16	4.20681
-4.17	4.17242
-4.18	4.13888
-4.19	4.10615
-4.2	4.0742
-4.21	4.043
-4.22	4.01251
-4.23	3.98271
-4.24	3.95357
-4.25	3.92507
-4.26	3.89717
-4.27	3.86987
-4.28	3.84313
-4.29	3.81694
-4.3	3.79127
-4.31	3.76612
-4.32	3.74146
-4.33	3.71727
-4.34	3.69354
-4.35	3.67026
-4.36	3.64741
-4.37	3.62497
-4.38	3.60294
-4.39	3.58131
-4.4	3.56005
-4.41	3.53916
-4.42	3.51863
-4.43	3.49845
-4.44	3.47861
-4.45	3.45909
-4.46	3.43989
-4.47	3.42101
-4.48	3.40242
-4.49	3.38414
-4.5	3.36613
-4.51	3.34841
-4.52	3.33096
-4.53	3.31377
-4.54	3.29684
-4.55	3.28016
-4.56	3.26373
-4.57	3.24754
-4.58	3.23158
-4.59	3.21585
-4.6	3.20035
-4.61	3.18506
-4.62	3.16998
-4.63	3.15511
-4.64	3.14045
-4.65	3.12598
-4.66	3.11171
-4.67	3.09763
-4.68	3.08373
-4.69	3.07002
-4.7	3.05648
-4.71	3.04312
-4.72	3.02993
-4.73	3.01691
-4.74	3.00405
-4.75	2.99135
-4.76	2.9788
-4.77	2.96642
-4.78	2.95418
-4.79	2.94209
-4.8	2.93014
-4.81	2.91834
-4.82	2.90668
-4.83	2.89516
-4.84	2.88376
-4.85	2.87251
-4.86	2.86138
-4.87	2.85037
-4.88	2.8395
-4.89	2.82874
-4.9	2.81811
-4.91	2.80759
-4.92	2.79719
-4.93	2.78691
-4.94	2.77673
-4.95	2.76667
-4.96	2.75671
-4.97	2.74686
-4.98	2.73712
-4.99	2.72748
-5	2.71794
-5.01	2.7085
-5.02	2.69916
-5.03	2.68991
-5.04	2.68076
-5.05	2.6717
-5.06	2.66273
-5.07	2.65385
-5.08	2.64507
-5.09	2.63637
-5.1	2.62775
-5.11	2.61922
-5.12	2.61078
-5.13	2.60241
-5.14	2.59413
-5.15	2.58592
-5.16	2.5778
-5.17	2.56975
-5.18	2.56178
-5.19	2.55388
-5.2	2.54606
-5.21	2.53831
-5.22	2.53063
-5.23	2.52303
-5.24	2.51549
-5.25	2.50802
-5.26	2.50062
-5.27	2.49329
-5.28	2.48602
-5.29	2.47882
-5.3	2.47168
-5.31	2.4646
-5.32	2.45759
-5.33	2.45064
-5.34	2.44375
-5.35	2.43691
-5.36	2.43014
-5.37	2.42343
-5.38	2.41677
-5.39	2.41017
-5.4	2.40363
-5.41	2.39714
-5.42	2.39071
-5.43	2.38433
-5.44	2.378
-5.45	2.37173
-5.46	2.3655
-5.47	2.35933
-5.48	2.35321
-5.49	2.34714
-5.5	2.34112
-5.51	2.33515
-5.52	2.32922
-5.53	2.32334
-5.54	2.31751
-5.55	2.31173
-5.56	2.30599
-5.57	2.3003
-5.58	2.29465
-5.59	2.28904
-5.6	2.28348
-5.61	2.27796
-5.62	2.27249
-5.63	2.26706
-5.64	2.26166
-5.65	2.25631
-5.66	2.251
-5.67	2.24573
-5.68	2.2405
-5.69	2.23531
-5.7	2.23016
-5.71	2.22505
-5.72	2.21997
-5.73	2.21493
-5.74	2.20993
-5.75	2.20496
-5.76	2.20004
-5.77	2.19514
-5.78	2.19028
-5.79	2.18546
-5.8	2.18067
-5.81	2.17592
-5.82	2.1712
-5.83	2.16652
-5.84	2.16186
-5.85	2.15724
-5.86	2.15266
-5.87	2.1481
-5.88	2.14358
-5.89	2.13908
-5.9	2.13462
-5.91	2.13019
-5.92	2.12579
-5.93	2.12142
-5.94	2.11708
-5.95	2.11277
-5.96	2.10849
-5.97	2.10424
-5.98	2.10002
-5.99	2.09582
-6	2.09166
-6.01	2.08752
-6.02	2.08341
-6.03	2.07932
-6.04	2.07526
-6.05	2.07123
-6.06	2.06723
-6.07	2.06325
-6.08	2.0593
-6.09	2.05537
-6.1	2.05147
-6.11	2.0476
-6.12	2.04374
-6.13	2.03992
-6.14	2.03612
-6.15	2.03234
-6.16	2.02858
-6.17	2.02485
-6.18	2.02115
-6.19	2.01746
-6.2	2.0138
-6.21	2.01017
-6.22	2.00655
-6.23	2.00296
-6.24	1.99939
-6.25	1.99584
-6.26	1.99232
-6.27	1.98881
-6.28	1.98533
-6.29	1.98187
-6.3	1.97843
-6.31	1.97501
-6.32	1.97161
-6.33	1.96823
-6.34	1.96487
-6.35	1.96153
-6.36	1.95821
-6.37	1.95491
-6.38	1.95163
-6.39	1.94837
-6.4	1.94513
-6.41	1.94191
-6.42	1.93871
-6.43	1.93552
-6.44	1.93236
-6.45	1.92921
-6.46	1.92608
-6.47	1.92297
-6.48	1.91988
-6.49	1.9168
-6.5	1.91374
-6.51	1.9107
-6.52	1.90768
-6.53	1.90467
-6.54	1.90169
-6.55	1.89871
-6.56	1.89576
-6.57	1.89282
-6.58	1.8899
-6.59	1.88699
-6.6	1.8841
-6.61	1.88123
-6.62	1.87837
-6.63	1.87553
-6.64	1.8727
-6.65	1.86989
-6.66	1.8671
-6.67	1.86432
-6.68	1.86155
-6.69	1.8588
-6.7	1.85607
-6.71	1.85335
-6.72	1.85064
-6.73	1.84795
-6.74	1.84527
-6.75	1.84261
-6.76	1.83996
-6.77	1.83733
-6.78	1.83471
-6.79	1.8321
-6.8	1.82951
-6.81	1.82693
-6.82	1.82436
-6.83	1.82181
-6.84	1.81927
-6.85	1.81675
-6.86	1.81423
-6.87	1.81173
-6.88	1.80925
-6.89	1.80677
-6.9	1.80431
-6.91	1.80187
-6.92	1.79943
-6.93	1.79701
-6.94	1.79459
-6.95	1.7922
-6.96	1.78981
-6.97	1.78743
-6.98	1.78507
-6.99	1.78272
-7	1.78038
-7.01	1.77805
-7.02	1.77574
-7.03	1.77343
-7.04	1.77114
-7.05	1.76886
-7.06	1.76659
-7.07	1.76433
-7.08	1.76208
-7.09	1.75985
-7.1	1.75762
-7.11	1.75541
-7.12	1.7532
-7.13	1.75101
-7.14	1.74883
-7.15	1.74665
-7.16	1.74449
-7.17	1.74234
-7.18	1.7402
-7.19	1.73807
-7.2	1.73595
-7.21	1.73384
-7.22	1.73174
-7.23	1.72965
-7.24	1.72756
-7.25	1.72549
-7.26	1.72343
-7.27	1.72138
-7.28	1.71934
-7.29	1.71731
-7.3	1.71528
-7.31	1.71327
-7.32	1.71127
-7.33	1.70927
-7.34	1.70729
-7.35	1.70531
-7.36	1.70334
-7.37	1.70138
-7.38	1.69944
-7.39	1.6975
-7.4	1.69556
-7.41	1.69364
-7.42	1.69173
-7.43	1.68982
-7.44	1.68793
-7.45	1.68604
-7.46	1.68416
-7.47	1.68229
-7.48	1.68042
-7.49	1.67857
-7.5	1.67672
-7.51	1.67489
-7.52	1.67306
-7.53	1.67123
-7.54	1.66942
-7.55	1.66761
-7.56	1.66582
-7.57	1.66403
-7.58	1.66225
-7.59	1.66047
-7.6	1.65871
-7.61	1.65695
-7.62	1.6552
-7.63	1.65345
-7.64	1.65172
-7.65	1.64999
-7.66	1.64827
-7.67	1.64655
-7.68	1.64485
-7.69	1.64315
-7.7	1.64146
-7.71	1.63977
-7.72	1.6381
-7.73	1.63643
-7.74	1.63476
-7.75	1.63311
-7.76	1.63146
-7.77	1.62982
-7.78	1.62818
-7.79	1.62655
-7.8	1.62493
-7.81	1.62332
-7.82	1.62171
-7.83	1.62011
-7.84	1.61851
-7.85	1.61693
-7.86	1.61535
-7.87	1.61377
-7.88	1.6122
-7.89	1.61064
-7.9	1.60909
-7.91	1.60754
-7.92	1.60599
-7.93	1.60446
-7.94	1.60293
-7.95	1.6014
-7.96	1.59989
-7.97	1.59837
-7.98	1.59687
-7.99	1.59537
-8	1.59388
-8.01	1.59239
-8.02	1.59091
-8.03	1.58943
-8.04	1.58796
-8.05	1.5865
-8.06	1.58504
-8.07	1.58359
-8.08	1.58214
-8.09	1.5807
-8.1	1.57927
-8.11	1.57784
-8.12	1.57641
-8.13	1.575
-8.14	1.57358
-8.15	1.57218
-8.16	1.57077
-8.17	1.56938
-8.18	1.56799
-8.19	1.5666
-8.2	1.56522
-8.21	1.56385
-8.22	1.56248
-8.23	1.56111
-8.24	1.55976
-8.25	1.5584
-8.26	1.55705
-8.27	1.55571
-8.28	1.55437
-8.29	1.55304
-8.3	1.55171
-8.31	1.55039
-8.32	1.54907
-8.33	1.54776
-8.34	1.54645
-8.35	1.54515
-8.36	1.54385
-8.37	1.54256
-8.38	1.54127
-8.39	1.53999
-8.4	1.53871
-8.41	1.53743
-8.42	1.53616
-8.43	1.5349
-8.44	1.53364
-8.45	1.53238
-8.46	1.53113
-8.47	1.52989
-8.48	1.52865
-8.49	1.52741
-8.5	1.52618
-8.51	1.52495
-8.52	1.52373
-8.53	1.52251
-8.54	1.52129
-8.55	1.52008
-8.56	1.51888
-8.57	1.51768
-8.58	1.51648
-8.59	1.51529
-8.6	1.5141
-8.61	1.51291
-8.62	1.51173
-8.63	1.51056
-8.64	1.50939
-8.65	1.50822
-8.66	1.50706
-8.67	1.5059
-8.68	1.50474
-8.69	1.50359
-8.7	1.50245
-8.71	1.5013
-8.72	1.50017
-8.73	1.49903
-8.74	1.4979
-8.75	1.49677
-8.76	1.49565
-8.77	1.49453
-8.78	1.49342
-8.79	1.49231
-8.8	1.4912
-8.81	1.4901
-8.82	1.489
-8.83	1.4879
-8.84	1.48681
-8.85	1.48572
-8.86	1.48464
-8.87	1.48356
-8.88	1.48248
-8.89	1.48141
-8.9	1.48034
-8.91	1.47927
-8.92	1.47821
-8.93	1.47715
-8.94	1.4761
-8.95	1.47505
-8.96	1.474
-8.97	1.47295
-8.98	1.47191
-8.99	1.47088
-9	1.46984
-9.01	1.46881
-9.02	1.46779
-9.03	1.46676
-9.04	1.46574
-9.05	1.46473
-9.06	1.46371
-9.07	1.4627
-9.08	1.4617
-9.09	1.46069
-9.1	1.45969
-9.11	1.4587
-9.12	1.45771
-9.13	1.45672
-9.14	1.45573
-9.15	1.45475
-9.16	1.45377
-9.17	1.45279
-9.18	1.45181
-9.19	1.45084
-9.2	1.44988
-9.21	1.44891
-9.22	1.44795
-9.23	1.44699
-9.24	1.44604
-9.25	1.44509
-9.26	1.44414
-9.27	1.44319
-9.28	1.44225
-9.29	1.44131
-9.3	1.44037
-9.31	1.43944
-9.32	1.43851
-9.33	1.43758
-9.34	1.43666
-9.35	1.43574
-9.36	1.43482
-9.37	1.4339
-9.38	1.43299
-9.39	1.43208
-9.4	1.43117
-9.41	1.43027
-9.42	1.42936
-9.43	1.42847
-9.44	1.42757
-9.45	1.42668
-9.46	1.42579
-9.47	1.4249
-9.48	1.42401
-9.49	1.42313
-9.5	1.42225
-9.51	1.42138
-9.52	1.4205
-9.53	1.41963
-9.54	1.41876
-9.55	1.4179
-9.56	1.41704
-9.57	1.41617
-9.58	1.41532
-9.59	1.41446
-9.6	1.41361
-9.61	1.41276
-9.62	1.41191
-9.63	1.41107
-9.64	1.41023
-9.65	1.40939
-9.66	1.40855
-9.67	1.40771
-9.68	1.40688
-9.69	1.40605
-9.7	1.40523
-9.71	1.4044
-9.72	1.40358
-9.73	1.40276
-9.74	1.40194
-9.75	1.40113
-9.76	1.40032
-9.77	1.39951
-9.78	1.3987
-9.79	1.3979
-9.8	1.39709
-9.81	1.39629
-9.82	1.39549
-9.83	1.3947
-9.84	1.39391
-9.85	1.39312
-9.86	1.39233
-9.87	1.39154
-9.88	1.39076
-9.89	1.38998
-9.9	1.3892
-9.91	1.38842
-9.92	1.38765
-9.93	1.38687
-9.94	1.3861
-9.95	1.38534
-9.96	1.38457
-9.97	1.38381
-9.98	1.38305
-9.99	1.38229
-10	1.38153
-10.01	1.38078
-10.02	1.38002
-10.03	1.37927
-10.04	1.37853
-10.05	1.37778
-10.06	1.37704
-10.07	1.37629
-10.08	1.37555
-10.09	1.37482
-10.1	1.37408
-10.11	1.37335
-10.12	1.37262
-10.13	1.37189
-10.14	1.37116
-10.15	1.37044
-10.16	1.36971
-10.17	1.36899
-10.18	1.36827
-10.19	1.36756
-10.2	1.36684
-10.21	1.36613
-10.22	1.36542
-10.23	1.36471
-10.24	1.364
-10.25	1.3633
-10.26	1.3626
-10.27	1.3619
-10.28	1.3612
-10.29	1.3605
-10.3	1.3598
-10.31	1.35911
-10.32	1.35842
-10.33	1.35773
-10.34	1.35704
-10.35	1.35636
-10.36	1.35567
-10.37	1.35499
-10.38	1.35431
-10.39	1.35363
-10.4	1.35296
-10.41	1.35228
-10.42	1.35161
-10.43	1.35094
-10.44	1.35027
-10.45	1.34961
-10.46	1.34894
-10.47	1.34828
-10.48	1.34762
-10.49	1.34696
-10.5	1.3463
-10.51	1.34564
-10.52	1.34499
-10.53	1.34433
-10.54	1.34368
-10.55	1.34303
-10.56	1.34239
-10.57	1.34174
-10.58	1.3411
-10.59	1.34045
-10.6	1.33981
-10.61	1.33918
-10.62	1.33854
-10.63	1.3379
-10.64	1.33727
-10.65	1.33664
-10.66	1.33601
-10.67	1.33538
-10.68	1.33475
-10.69	1.33413
-10.7	1.3335
-10.71	1.33288
-10.72	1.33226
-10.73	1.33164
-10.74	1.33102
-10.75	1.33041
-10.76	1.32979
-10.77	1.32918
-10.78	1.32857
-10.79	1.32796
-10.8	1.32735
-10.81	1.32675
-10.82	1.32614
-10.83	1.32554
-10.84	1.32494
-10.85	1.32434
-10.86	1.32374
-10.87	1.32314
-10.88	1.32255
-10.89	1.32195
-10.9	1.32136
-10.91	1.32077
-10.92	1.32018
-10.93	1.31959
-10.94	1.31901
-10.95	1.31842
-10.96	1.31784
-10.97	1.31726
-10.98	1.31668
-10.99	1.3161
-11	1.31552
-11.01	1.31495
-11.02	1.31437
-11.03	1.3138
-11.04	1.31323
-11.05	1.31266
-11.06	1.31209
-11.07	1.31152
-11.08	1.31096
-11.09	1.31039
-11.1	1.30983
-11.11	1.30927
-11.12	1.30871
-11.13	1.30815
-11.14	1.30759
-11.15	1.30703
-11.16	1.30648
-11.17	1.30593
-11.18	1.30538
-11.19	1.30482
-11.2	1.30428
-11.21	1.30373
-11.22	1.30318
-11.23	1.30264
-11.24	1.30209
-11.25	1.30155
-11.26	1.30101
-11.27	1.30047
-11.28	1.29993
-11.29	1.29939
-11.3	1.29886
-11.31	1.29832
-11.32	1.29779
-11.33	1.29726
-11.34	1.29673
-11.35	1.2962
-11.36	1.29567
-11.37	1.29514
-11.38	1.29462
-11.39	1.2941
-11.4	1.29357
-11.41	1.29305
-11.42	1.29253
-11.43	1.29201
-11.44	1.29149
-11.45	1.29098
-11.46	1.29046
-11.47	1.28995
-11.48	1.28943
-11.49	1.28892
-11.5	1.28841
-11.51	1.2879
-11.52	1.28739
-11.53	1.28689
-11.54	1.28638
-11.55	1.28588
-11.56	1.28537
-11.57	1.28487
-11.58	1.28437
-11.59	1.28387
-11.6	1.28337
-11.61	1.28288
-11.62	1.28238
-11.63	1.28189
-11.64	1.28139
-11.65	1.2809
-11.66	1.28041
-11.67	1.27992
-11.68	1.27943
-11.69	1.27894
-11.7	1.27845
-11.71	1.27797
-11.72	1.27748
-11.73	1.277
-11.74	1.27652
-11.75	1.27603
-11.76	1.27555
-11.77	1.27508
-11.78	1.2746
-11.79	1.27412
-11.8	1.27364
-11.81	1.27317
-11.82	1.2727
-11.83	1.27222
-11.84	1.27175
-11.85	1.27128
-11.86	1.27081
-11.87	1.27034
-11.88	1.26988
-11.89	1.26941
-11.9	1.26895
-11.91	1.26848
-11.92	1.26802
-11.93	1.26756
-11.94	1.2671
-11.95	1.26664
-11.96	1.26618
-11.97	1.26572
-11.98	1.26526
-11.99	1.26481
-12	1.26435
-12.01	1.2639
-12.02	1.26345
-12.03	1.263
-12.04	1.26255
-12.05	1.2621
-12.06	1.26165
-12.07	1.2612
-12.08	1.26075
-12.09	1.26031
-12.1	1.25986
-12.11	1.25942
-12.12	1.25898
-12.13	1.25854
-12.14	1.2581
-12.15	1.25766
-12.16	1.25722
-12.17	1.25678
-12.18	1.25634
-12.19	1.25591
-12.2	1.25547
-12.21	1.25504
-12.22	1.25461
-12.23	1.25418
-12.24	1.25374
-12.25	1.25331
-12.26	1.25289
-12.27	1.25246
-12.28	1.25203
-12.29	1.2516
-12.3	1.25118
-12.31	1.25075
-12.32	1.25033
-12.33	1.24991
-12.34	1.24949
-12.35	1.24907
-12.36	1.24865
-12.37	1.24823
-12.38	1.24781
-12.39	1.24739
-12.4	1.24698
-12.41	1.24656
-12.42	1.24615
-12.43	1.24573
-12.44	1.24532
-12.45	1.24491
-12.46	1.2445
-12.47	1.24409
-12.48	1.24368
-12.49	1.24327
-12.5	1.24286
-12.51	1.24246
-12.52	1.24205
-12.53	1.24165
-12.54	1.24124
-12.55	1.24084
-12.56	1.24044
-12.57	1.24004
-12.58	1.23964
-12.59	1.23924
-12.6	1.23884
-12.61	1.23844
-12.62	1.23804
-12.63	1.23765
-12.64	1.23725
-12.65	1.23686
-12.66	1.23646
-12.67	1.23607
-12.68	1.23568
-12.69	1.23529
-12.7	1.2349
-12.71	1.23451
-12.72	1.23412
-12.73	1.23373
-12.74	1.23334
-12.75	1.23296
-12.76	1.23257
-12.77	1.23219
-12.78	1.2318
-12.79	1.23142
-12.8	1.23104
-12.81	1.23065
-12.82	1.23027
-12.83	1.22989
-12.84	1.22951
-12.85	1.22914
-12.86	1.22876
-12.87	1.22838
-12.88	1.22801
-12.89	1.22763
-12.9	1.22726
-12.91	1.22688
-12.92	1.22651
-12.93	1.22614
-12.94	1.22576
-12.95	1.22539
-12.96	1.22502
-12.97	1.22465
-12.98	1.22429
-12.99	1.22392
-13	1.22355
-13.01	1.22318
-13.02	1.22282
-13.03	1.22245
-13.04	1.22209
-13.05	1.22173
-13.06	1.22136
-13.07	1.221
-13.08	1.22064
-13.09	1.22028
-13.1	1.21992
-13.11	1.21956
-13.12	1.2192
-13.13	1.21885
-13.14	1.21849
-13.15	1.21813
-13.16	1.21778
-13.17	1.21742
-13.18	1.21707
-13.19	1.21672
-13.2	1.21636
-13.21	1.21601
-13.22	1.21566
-13.23	1.21531
-13.24	1.21496
-13.25	1.21461
-13.26	1.21426
-13.27	1.21392
-13.28	1.21357
-13.29	1.21322
-13.3	1.21288
-13.31	1.21253
-13.32	1.21219
-13.33	1.21184
-13.34	1.2115
-13.35	1.21116
-13.36	1.21082
-13.37	1.21048
-13.38	1.21014
-13.39	1.2098
-13.4	1.20946
-13.41	1.20912
-13.42	1.20878
-13.43	1.20844
-13.44	1.20811
-13.45	1.20777
-13.46	1.20744
-13.47	1.2071
-13.48	1.20677
-13.49	1.20644
-13.5	1.2061
-13.51	1.20577
-13.52	1.20544
-13.53	1.20511
-13.54	1.20478
-13.55	1.20445
-13.56	1.20412
-13.57	1.2038
-13.58	1.20347
-13.59	1.20314
-13.6	1.20282
-13.61	1.20249
-13.62	1.20217
-13.63	1.20184
-13.64	1.20152
-13.65	1.20119
-13.66	1.20087
-13.67	1.20055
-13.68	1.20023
-13.69	1.19991
-13.7	1.19959
-13.71	1.19927
-13.72	1.19895
-13.73	1.19863
-13.74	1.19832
-13.75	1.198
-13.76	1.19768
-13.77	1.19737
-13.78	1.19705
-13.79	1.19674
-13.8	1.19642
-13.81	1.19611
-13.82	1.1958
-13.83	1.19548
-13.84	1.19517
-13.85	1.19486
-13.86	1.19455
-13.87	1.19424
-13.88	1.19393
-13.89	1.19362
-13.9	1.19332
-13.91	1.19301
-13.92	1.1927
-13.93	1.19239
-13.94	1.19209
-13.95	1.19178
-13.96	1.19148
-13.97	1.19118
-13.98	1.19087
-13.99	1.19057
-14	1.19027
-14.01	1.18996
-14.02	1.18966
-14.03	1.18936
-14.04	1.18906
-14.05	1.18876
-14.06	1.18846
-14.07	1.18816
-14.08	1.18787
-14.09	1.18757
-14.1	1.18727
-14.11	1.18698
-14.12	1.18668
-14.13	1.18638
-14.14	1.18609
-14.15	1.1858
-14.16	1.1855
-14.17	1.18521
-14.18	1.18492
-14.19	1.18462
-14.2	1.18433
-14.21	1.18404
-14.22	1.18375
-14.23	1.18346
-14.24	1.18317
-14.25	1.18288
-14.26	1.18259
-14.27	1.18231
-14.28	1.18202
-14.29	1.18173
-14.3	1.18145
-14.31	1.18116
-14.32	1.18087
-14.33	1.18059
-14.34	1.18031
-14.35	1.18002
-14.36	1.17974
-14.37	1.17946
-14.38	1.17917
-14.39	1.17889
-14.4	1.17861
-14.41	1.17833
-14.42	1.17805
-14.43	1.17777
-14.44	1.17749
-14.45	1.17721
-14.46	1.17693
-14.47	1.17666
-14.48	1.17638
-14.49	1.1761
-14.5	1.17582
-14.51	1.17555
-14.52	1.17527
-14.53	1.175
-14.54	1.17472
-14.55	1.17445
-14.56	1.17418
-14.57	1.1739
-14.58	1.17363
-14.59	1.17336
-14.6	1.17309
-14.61	1.17282
-14.62	1.17255
-14.63	1.17228
-14.64	1.17201
-14.65	1.17174
-14.66	1.17147
-14.67	1.1712
-14.68	1.17093
-14.69	1.17067
-14.7	1.1704
-14.71	1.17013
-14.72	1.16987
-14.73	1.1696
-14.74	1.16934
-14.75	1.16907
-14.76	1.16881
-14.77	1.16854
-14.78	1.16828
-14.79	1.16802
-14.8	1.16776
-14.81	1.16749
-14.82	1.16723
-14.83	1.16697
-14.84	1.16671
-14.85	1.16645
-14.86	1.16619
-14.87	1.16593
-14.88	1.16567
-14.89	1.16542
-14.9	1.16516
-14.91	1.1649
-14.92	1.16464
-14.93	1.16439
-14.94	1.16413
-14.95	1.16388
-14.96	1.16362
-14.97	1.16337
-14.98	1.16311
-14.99	1.16286
-15	1.1626
-15.01	1.16235
-15.02	1.1621
-15.03	1.16185
-15.04	1.1616
-15.05	1.16134
-15.06	1.16109
-15.07	1.16084
-15.08	1.16059
-15.09	1.16034
-15.1	1.16009
-15.11	1.15984
-15.12	1.1596
-15.13	1.15935
-15.14	1.1591
-15.15	1.15885
-15.16	1.15861
-15.17	1.15836
-15.18	1.15811
-15.19	1.15787
-15.2	1.15762
-15.21	1.15738
-15.22	1.15714
-15.23	1.15689
-15.24	1.15665
-15.25	1.15641
-15.26	1.15616
-15.27	1.15592
-15.28	1.15568
-15.29	1.15544
-15.3	1.1552
-15.31	1.15496
-15.32	1.15471
-15.33	1.15448
-15.34	1.15424
-15.35	1.154
-15.36	1.15376
-15.37	1.15352
-15.38	1.15328
-15.39	1.15304
-15.4	1.15281
-15.41	1.15257
-15.42	1.15233
-15.43	1.1521
-15.44	1.15186
-15.45	1.15163
-15.46	1.15139
-15.47	1.15116
-15.48	1.15092
-15.49	1.15069
-15.5	1.15046
-15.51	1.15022
-15.52	1.14999
-15.53	1.14976
-15.54	1.14953
-15.55	1.1493
-15.56	1.14907
-15.57	1.14883
-15.58	1.1486
-15.59	1.14837
-15.6	1.14814
-15.61	1.14792
-15.62	1.14769
-15.63	1.14746
-15.64	1.14723
-15.65	1.147
-15.66	1.14678
-15.67	1.14655
-15.68	1.14632
-15.69	1.1461
-15.7	1.14587
-15.71	1.14564
-15.72	1.14542
-15.73	1.14519
-15.74	1.14497
-15.75	1.14475
-15.76	1.14452
-15.77	1.1443
-15.78	1.14408
-15.79	1.14385
-15.8	1.14363
-15.81	1.14341
-15.82	1.14319
-15.83	1.14297
-15.84	1.14275
-15.85	1.14252
-15.86	1.1423
-15.87	1.14208
-15.88	1.14186
-15.89	1.14165
-15.9	1.14143
-15.91	1.14121
-15.92	1.14099
-15.93	1.14077
-15.94	1.14056
-15.95	1.14034
-15.96	1.14012
-15.97	1.1399
-15.98	1.13969
-15.99	1.13947
-16	1.13926
-16.01	1.13904
-16.02	1.13883
-16.03	1.13861
-16.04	1.1384
-16.05	1.13819
-16.06	1.13797
-16.07	1.13776
-16.08	1.13755
-16.09	1.13733
-16.1	1.13712
-16.11	1.13691
-16.12	1.1367
-16.13	1.13649
-16.14	1.13628
-16.15	1.13607
-16.16	1.13586
-16.17	1.13565
-16.18	1.13544
-16.19	1.13523
-16.2	1.13502
-16.21	1.13481
-16.22	1.1346
-16.23	1.13439
-16.24	1.13419
-16.25	1.13398
-16.26	1.13377
-16.27	1.13357
-16.28	1.13336
-16.29	1.13315
-16.3	1.13295
-16.31	1.13274
-16.32	1.13254
-16.33	1.13233
-16.34	1.13213
-16.35	1.13192
-16.36	1.13172
-16.37	1.13152
-16.38	1.13131
-16.39	1.13111
-16.4	1.13091
-16.41	1.13071
-16.42	1.1305
-16.43	1.1303
-16.44	1.1301
-16.45	1.1299
-16.46	1.1297
-16.47	1.1295
-16.48	1.1293
-16.49	1.1291
-16.5	1.1289
-16.51	1.1287
-16.52	1.1285
-16.53	1.1283
-16.54	1.1281
-16.55	1.12791
-16.56	1.12771
-16.57	1.12751
-16.58	1.12731
-16.59	1.12712
-16.6	1.12692
-16.61	1.12672
-16.62	1.12653
-16.63	1.12633
-16.64	1.12614
-16.65	1.12594
-16.66	1.12575
-16.67	1.12555
-16.68	1.12536
-16.69	1.12516
-16.7	1.12497
-16.71	1.12478
-16.72	1.12458
-16.73	1.12439
-16.74	1.1242
-16.75	1.12401
-16.76	1.12381
-16.77	1.12362
-16.78	1.12343
-16.79	1.12324
-16.8	1.12305
-16.81	1.12286
-16.82	1.12267
-16.83	1.12248
-16.84	1.12229
-16.85	1.1221
-16.86	1.12191
-16.87	1.12172
-16.88	1.12153
-16.89	1.12135
-16.9	1.12116
-16.91	1.12097
-16.92	1.12078
-16.93	1.12059
-16.94	1.12041
-16.95	1.12022
-16.96	1.12003
-16.97	1.11985
-16.98	1.11966
-16.99	1.11948
-17	1.11929
-17.01	1.11911
-17.02	1.11892
-17.03	1.11874
-17.04	1.11855
-17.05	1.11837
-17.06	1.11819
-17.07	1.118
-17.08	1.11782
-17.09	1.11764
-17.1	1.11745
-17.11	1.11727
-17.12	1.11709
-17.13	1.11691
-17.14	1.11673
-17.15	1.11654
-17.16	1.11636
-17.17	1.11618
-17.18	1.116
-17.19	1.11582
-17.2	1.11564
-17.21	1.11546
-17.22	1.11528
-17.23	1.1151
-17.24	1.11492
-17.25	1.11474
-17.26	1.11457
-17.27	1.11439
-17.28	1.11421
-17.29	1.11403
-17.3	1.11385
-17.31	1.11368
-17.32	1.1135
-17.33	1.11332
-17.34	1.11315
-17.35	1.11297
-17.36	1.11279
-17.37	1.11262
-17.38	1.11244
-17.39	1.11227
-17.4	1.11209
-17.41	1.11192
-17.42	1.11174
-17.43	1.11157
-17.44	1.1114
-17.45	1.11122
-17.46	1.11105
-17.47	1.11087
-17.48	1.1107
-17.49	1.11053
-17.5	1.11036
-17.51	1.11018
-17.52	1.11001
-17.53	1.10984
-17.54	1.10967
-17.55	1.1095
-17.56	1.10933
-17.57	1.10915
-17.58	1.10898
-17.59	1.10881
-17.6	1.10864
-17.61	1.10847
-17.62	1.1083
-17.63	1.10813
-17.64	1.10796
-17.65	1.1078
-17.66	1.10763
-17.67	1.10746
-17.68	1.10729
-17.69	1.10712
-17.7	1.10695
-17.71	1.10679
-17.72	1.10662
-17.73	1.10645
-17.74	1.10629
-17.75	1.10612
-17.76	1.10595
-17.77	1.10579
-17.78	1.10562
-17.79	1.10545
-17.8	1.10529
-17.81	1.10512
-17.82	1.10496
-17.83	1.10479
-17.84	1.10463
-17.85	1.10446
-17.86	1.1043
-17.87	1.10414
-17.88	1.10397
-17.89	1.10381
-17.9	1.10365
-17.91	1.10348
-17.92	1.10332
-17.93	1.10316
-17.94	1.10299
-17.95	1.10283
-17.96	1.10267
-17.97	1.10251
-17.98	1.10235
-17.99	1.10219
-18	1.10202
-18.01	1.10186
-18.02	1.1017
-18.03	1.10154
-18.04	1.10138
-18.05	1.10122
-18.06	1.10106
-18.07	1.1009
-18.08	1.10074
-18.09	1.10058
-18.1	1.10043
-18.11	1.10027
-18.12	1.10011
-18.13	1.09995
-18.14	1.09979
-18.15	1.09963
-18.16	1.09948
-18.17	1.09932
-18.18	1.09916
-18.19	1.099
-18.2	1.09885
-18.21	1.09869
-18.22	1.09853
-18.23	1.09838
-18.24	1.09822
-18.25	1.09807
-18.26	1.09791
-18.27	1.09776
-18.28	1.0976
-18.29	1.09745
-18.3	1.09729
-18.31	1.09714
-18.32	1.09698
-18.33	1.09683
-18.34	1.09667
-18.35	1.09652
-18.36	1.09637
-18.37	1.09621
-18.38	1.09606
-18.39	1.09591
-18.4	1.09575
-18.41	1.0956
-18.42	1.09545
-18.43	1.0953
-18.44	1.09515
-18.45	1.09499
-18.46	1.09484
-18.47	1.09469
-18.48	1.09454
-18.49	1.09439
-18.5	1.09424
-18.51	1.09409
-18.52	1.09394
-18.53	1.09379
-18.54	1.09364
-18.55	1.09349
-18.56	1.09334
-18.57	1.09319
-18.58	1.09304
-18.59	1.09289
-18.6	1.09274
-18.61	1.09259
-18.62	1.09244
-18.63	1.0923
-18.64	1.09215
-18.65	1.092
-18.66	1.09185
-18.67	1.09171
-18.68	1.09156
-18.69	1.09141
-18.7	1.09126
-18.71	1.09112
-18.72	1.09097
-18.73	1.09082
-18.74	1.09068
-18.75	1.09053
-18.76	1.09039
-18.77	1.09024
-18.78	1.0901
-18.79	1.08995
-18.8	1.08981
-18.81	1.08966
-18.82	1.08952
-18.83	1.08937
-18.84	1.08923
-18.85	1.08908
-18.86	1.08894
-18.87	1.0888
-18.88	1.08865
-18.89	1.08851
-18.9	1.08837
-18.91	1.08822
-18.92	1.08808
-18.93	1.08794
-18.94	1.0878
-18.95	1.08765
-18.96	1.08751
-18.97	1.08737
-18.98	1.08723
-18.99	1.08709
-19	1.08694
-19.01	1.0868
-19.02	1.08666
-19.03	1.08652
-19.04	1.08638
-19.05	1.08624
-19.06	1.0861
-19.07	1.08596
-19.08	1.08582
-19.09	1.08568
-19.1	1.08554
-19.11	1.0854
-19.12	1.08526
-19.13	1.08512
-19.14	1.08498
-19.15	1.08485
-19.16	1.08471
-19.17	1.08457
-19.18	1.08443
-19.19	1.08429
-19.2	1.08416
-19.21	1.08402
-19.22	1.08388
-19.23	1.08374
-19.24	1.08361
-19.25	1.08347
-19.26	1.08333
-19.27	1.0832
-19.28	1.08306
-19.29	1.08292
-19.3	1.08279
-19.31	1.08265
-19.32	1.08251
-19.33	1.08238
-19.34	1.08224
-19.35	1.08211
-19.36	1.08197
-19.37	1.08184
-19.38	1.0817
-19.39	1.08157
-19.4	1.08143
-19.41	1.0813
-19.42	1.08117
-19.43	1.08103
-19.44	1.0809
-19.45	1.08077
-19.46	1.08063
-19.47	1.0805
-19.48	1.08037
-19.49	1.08023
-19.5	1.0801
-19.51	1.07997
-19.52	1.07983
-19.53	1.0797
-19.54	1.07957
-19.55	1.07944
-19.56	1.07931
-19.57	1.07917
-19.58	1.07904
-19.59	1.07891
-19.6	1.07878
-19.61	1.07865
-19.62	1.07852
-19.63	1.07839
-19.64	1.07826
-19.65	1.07813
-19.66	1.078
-19.67	1.07787
-19.68	1.07774
-19.69	1.07761
-19.7	1.07748
-19.71	1.07735
-19.72	1.07722
-19.73	1.07709
-19.74	1.07696
-19.75	1.07683
-19.76	1.0767
-19.77	1.07658
-19.78	1.07645
-19.79	1.07632
-19.8	1.07619
-19.81	1.07606
-19.82	1.07594
-19.83	1.07581
-19.84	1.07568
-19.85	1.07555
-19.86	1.07543
-19.87	1.0753
-19.88	1.07517
-19.89	1.07505
-19.9	1.07492
-19.91	1.07479
-19.92	1.07467
-19.93	1.07454
-19.94	1.07441
-19.95	1.07429
-19.96	1.07416
-19.97	1.07404
-19.98	1.07391
-19.99	1.07379
-20	1.07366
-20.01	1.07354
-20.02	1.07341
-20.03	1.07329
-20.04	1.07316
-20.05	1.07304
-20.06	1.07292
-20.07	1.07279
-20.08	1.07267
-20.09	1.07254
-20.1	1.07242
-20.11	1.0723
-20.12	1.07217
-20.13	1.07205
-20.14	1.07193
-20.15	1.07181
-20.16	1.07168
-20.17	1.07156
-20.18	1.07144
-20.19	1.07132
-20.2	1.07119
-20.21	1.07107
-20.22	1.07095
-20.23	1.07083
-20.24	1.07071
-20.25	1.07059
-20.26	1.07046
-20.27	1.07034
-20.28	1.07022
-20.29	1.0701
-20.3	1.06998
-20.31	1.06986
-20.32	1.06974
-20.33	1.06962
-20.34	1.0695
-20.35	1.06938
-20.36	1.06926
-20.37	1.06914
-20.38	1.06902
-20.39	1.0689
-20.4	1.06878
-20.41	1.06866
-20.42	1.06855
-20.43	1.06843
-20.44	1.06831
-20.45	1.06819
-20.46	1.06807
-20.47	1.06795
-20.48	1.06783
-20.49	1.06772
-20.5	1.0676
-20.51	1.06748
-20.52	1.06736
-20.53	1.06725
-20.54	1.06713
-20.55	1.06701
-20.56	1.06689
-20.57	1.06678
-20.58	1.06666
-20.59	1.06654
-20.6	1.06643
-20.61	1.06631
-20.62	1.0662
-20.63	1.06608
-20.64	1.06596
-20.65	1.06585
-20.66	1.06573
-20.67	1.06562
-20.68	1.0655
-20.69	1.06539
-20.7	1.06527
-20.71	1.06516
-20.72	1.06504
-20.73	1.06493
-20.74	1.06481
-20.75	1.0647
-20.76	1.06458
-20.77	1.06447
-20.78	1.06435
-20.79	1.06424
-20.8	1.06413
-20.81	1.06401
-20.82	1.0639
-20.83	1.06379
-20.84	1.06367
-20.85	1.06356
-20.86	1.06345
-20.87	1.06333
-20.88	1.06322
-20.89	1.06311
-20.9	1.06299
-20.91	1.06288
-20.92	1.06277
-20.93	1.06266
-20.94	1.06255
-20.95	1.06243
-20.96	1.06232
-20.97	1.06221
-20.98	1.0621
-20.99	1.06199
-21	1.06188
-21.01	1.06176
-21.02	1.06165
-21.03	1.06154
-21.04	1.06143
-21.05	1.06132
-21.06	1.06121
-21.07	1.0611
-21.08	1.06099
-21.09	1.06088
-21.1	1.06077
-21.11	1.06066
-21.12	1.06055
-21.13	1.06044
-21.14	1.06033
-21.15	1.06022
-21.16	1.06011
-21.17	1.06
-21.18	1.05989
-21.19	1.05978
-21.2	1.05968
-21.21	1.05957
-21.22	1.05946
-21.23	1.05935
-21.24	1.05924
-21.25	1.05913
-21.26	1.05903
-21.27	1.05892
-21.28	1.05881
-21.29	1.0587
-21.3	1.05859
-21.31	1.05849
-21.32	1.05838
-21.33	1.05827
-21.34	1.05816
-21.35	1.05806
-21.36	1.05795
-21.37	1.05784
-21.38	1.05774
-21.39	1.05763
-21.4	1.05752
-21.41	1.05742
-21.42	1.05731
-21.43	1.05721
-21.44	1.0571
-21.45	1.05699
-21.46	1.05689
-21.47	1.05678
-21.48	1.05668
-21.49	1.05657
-21.5	1.05647
-21.51	1.05636
-21.52	1.05626
-21.53	1.05615
-21.54	1.05605
-21.55	1.05594
-21.56	1.05584
-21.57	1.05573
-21.58	1.05563
-21.59	1.05552
-21.6	1.05542
-21.61	1.05532
-21.62	1.05521
-21.63	1.05511
-21.64	1.055
-21.65	1.0549
-21.66	1.0548
-21.67	1.05469
-21.68	1.05459
-21.69	1.05449
-21.7	1.05438
-21.71	1.05428
-21.72	1.05418
-21.73	1.05408
-21.74	1.05397
-21.75	1.05387
-21.76	1.05377
-21.77	1.05367
-21.78	1.05356
-21.79	1.05346
-21.8	1.05336
-21.81	1.05326
-21.82	1.05316
-21.83	1.05306
-21.84	1.05295
-21.85	1.05285
-21.86	1.05275
-21.87	1.05265
-21.88	1.05255
-21.89	1.05245
-21.9	1.05235
-21.91	1.05225
-21.92	1.05215
-21.93	1.05205
-21.94	1.05195
-21.95	1.05185
-21.96	1.05175
-21.97	1.05165
-21.98	1.05155
-21.99	1.05145
-22	1.05135
-22.01	1.05125
-22.02	1.05115
-22.03	1.05105
-22.04	1.05095
-22.05	1.05085
-22.06	1.05075
-22.07	1.05065
-22.08	1.05055
-22.09	1.05045
-22.1	1.05035
-22.11	1.05026
-22.12	1.05016
-22.13	1.05006
-22.14	1.04996
-22.15	1.04986
-22.16	1.04976
-22.17	1.04967
-22.18	1.04957
-22.19	1.04947
-22.2	1.04937
-22.21	1.04928
-22.22	1.04918
-22.23	1.04908
-22.24	1.04898
-22.25	1.04889
-22.26	1.04879
-22.27	1.04869
-22.28	1.0486
-22.29	1.0485
-22.3	1.0484
-22.31	1.04831
-22.32	1.04821
-22.33	1.04811
-22.34	1.04802
-22.35	1.04792
-22.36	1.04782
-22.37	1.04773
-22.38	1.04763
-22.39	1.04754
-22.4	1.04744
-22.41	1.04735
-22.42	1.04725
-22.43	1.04716
-22.44	1.04706
-22.45	1.04696
-22.46	1.04687
-22.47	1.04677
-22.48	1.04668
-22.49	1.04659
-22.5	1.04649
-22.51	1.0464
-22.52	1.0463
-22.53	1.04621
-22.54	1.04611
-22.55	1.04602
-22.56	1.04592
-22.57	1.04583
-22.58	1.04574
-22.59	1.04564
-22.6	1.04555
-22.61	1.04546
-22.62	1.04536
-22.63	1.04527
-22.64	1.04518
-22.65	1.04508
-22.66	1.04499
-22.67	1.0449
-22.68	1.0448
-22.69	1.04471
-22.7	1.04462
-22.71	1.04453
-22.72	1.04443
-22.73	1.04434
-22.74	1.04425
-22.75	1.04416
-22.76	1.04406
-22.77	1.04397
-22.78	1.04388
-22.79	1.04379
-22.8	1.0437
-22.81	1.04361
-22.82	1.04351
-22.83	1.04342
-22.84	1.04333
-22.85	1.04324
-22.86	1.04315
-22.87	1.04306
-22.88	1.04297
-22.89	1.04288
-22.9	1.04278
-22.91	1.04269
-22.92	1.0426
-22.93	1.04251
-22.94	1.04242
-22.95	1.04233
-22.96	1.04224
-22.97	1.04215
-22.98	1.04206
-22.99	1.04197
-23	1.04188
-23.01	1.04179
-23.02	1.0417
-23.03	1.04161
-23.04	1.04152
-23.05	1.04143
-23.06	1.04134
-23.07	1.04125
-23.08	1.04117
-23.09	1.04108
-23.1	1.04099
-23.11	1.0409
-23.12	1.04081
-23.13	1.04072
-23.14	1.04063
-23.15	1.04054
-23.16	1.04046
-23.17	1.04037
-23.18	1.04028
-23.19	1.04019
-23.2	1.0401
-23.21	1.04001
-23.22	1.03993
-23.23	1.03984
-23.24	1.03975
-23.25	1.03966
-23.26	1.03958
-23.27	1.03949
-23.28	1.0394
-23.29	1.03931
-23.3	1.03923
-23.31	1.03914
-23.32	1.03905
-23.33	1.03897
-23.34	1.03888
-23.35	1.03879
-23.36	1.0387
-23.37	1.03862
-23.38	1.03853
-23.39	1.03845
-23.4	1.03836
-23.41	1.03827
-23.42	1.03819
-23.43	1.0381
-23.44	1.03801
-23.45	1.03793
-23.46	1.03784
-23.47	1.03776
-23.48	1.03767
-23.49	1.03759
-23.5	1.0375
-23.51	1.03741
-23.52	1.03733
-23.53	1.03724
-23.54	1.03716
-23.55	1.03707
-23.56	1.03699
-23.57	1.0369
-23.58	1.03682
-23.59	1.03673
-23.6	1.03665
-23.61	1.03656
-23.62	1.03648
-23.63	1.0364
-23.64	1.03631
-23.65	1.03623
-23.66	1.03614
-23.67	1.03606
-23.68	1.03598
-23.69	1.03589
-23.7	1.03581
-23.71	1.03572
-23.72	1.03564
-23.73	1.03556
-23.74	1.03547
-23.75	1.03539
-23.76	1.03531
-23.77	1.03522
-23.78	1.03514
-23.79	1.03506
-23.8	1.03497
-23.81	1.03489
-23.82	1.03481
-23.83	1.03472
-23.84	1.03464
-23.85	1.03456
-23.86	1.03448
-23.87	1.03439
-23.88	1.03431
-23.89	1.03423
-23.9	1.03415
-23.91	1.03407
-23.92	1.03398
-23.93	1.0339
-23.94	1.03382
-23.95	1.03374
-23.96	1.03366
-23.97	1.03357
-23.98	1.03349
-23.99	1.03341
-24	1.03333
-24.01	1.03325
-24.02	1.03317
-24.03	1.03309
-24.04	1.033
-24.05	1.03292
-24.06	1.03284
-24.07	1.03276
-24.08	1.03268
-24.09	1.0326
-24.1	1.03252
-24.11	1.03244
-24.12	1.03236
-24.13	1.03228
-24.14	1.0322
-24.15	1.03212
-24.16	1.03204
-24.17	1.03196
-24.18	1.03188
-24.19	1.0318
-24.2	1.03172
-24.21	1.03164
-24.22	1.03156
-24.23	1.03148
-24.24	1.0314
-24.25	1.03132
-24.26	1.03124
-24.27	1.03116
-24.28	1.03108
-24.29	1.031
-24.3	1.03092
-24.31	1.03084
-24.32	1.03076
-24.33	1.03069
-24.34	1.03061
-24.35	1.03053
-24.36	1.03045
-24.37	1.03037
-24.38	1.03029
-24.39	1.03021
-24.4	1.03014
-24.41	1.03006
-24.42	1.02998
-24.43	1.0299
-24.44	1.02982
-24.45	1.02974
-24.46	1.02967
-24.47	1.02959
-24.48	1.02951
-24.49	1.02943
-24.5	1.02936
-24.51	1.02928
-24.52	1.0292
-24.53	1.02912
-24.54	1.02905
-24.55	1.02897
-24.56	1.02889
-24.57	1.02881
-24.58	1.02874
-24.59	1.02866
-24.6	1.02858
-24.61	1.02851
-24.62	1.02843
-24.63	1.02835
-24.64	1.02828
-24.65	1.0282
-24.66	1.02812
-24.67	1.02805
-24.68	1.02797
-24.69	1.02789
-24.7	1.02782
-24.71	1.02774
-24.72	1.02767
-24.73	1.02759
-24.74	1.02751
-24.75	1.02744
-24.76	1.02736
-24.77	1.02729
-24.78	1.02721
-24.79	1.02714
-24.8	1.02706
-24.81	1.02698
-24.82	1.02691
-24.83	1.02683
-24.84	1.02676
-24.85	1.02668
-24.86	1.02661
-24.87	1.02653
-24.88	1.02646
-24.89	1.02638
-24.9	1.02631
-24.91	1.02623
-24.92	1.02616
-24.93	1.02609
-24.94	1.02601
-24.95	1.02594
-24.96	1.02586
-24.97	1.02579
-24.98	1.02571
-24.99	1.02564
-25	1.02556
-25.01	1.02549
-25.02	1.02542
-25.03	1.02534
-25.04	1.02527
-25.05	1.0252
-25.06	1.02512
-25.07	1.02505
-25.08	1.02497
-25.09	1.0249
-25.1	1.02483
-25.11	1.02475
-25.12	1.02468
-25.13	1.02461
-25.14	1.02453
-25.15	1.02446
-25.16	1.02439
-25.17	1.02432
-25.18	1.02424
-25.19	1.02417
-25.2	1.0241
-25.21	1.02402
-25.22	1.02395
-25.23	1.02388
-25.24	1.02381
-25.25	1.02373
-25.26	1.02366
-25.27	1.02359
-25.28	1.02352
-25.29	1.02344
-25.3	1.02337
-25.31	1.0233
-25.32	1.02323
-25.33	1.02316
-25.34	1.02308
-25.35	1.02301
-25.36	1.02294
-25.37	1.02287
-25.38	1.0228
-25.39	1.02273
-25.4	1.02266
-25.41	1.02258
-25.42	1.02251
-25.43	1.02244
-25.44	1.02237
-25.45	1.0223
-25.46	1.02223
-25.47	1.02216
-25.48	1.02209
-25.49	1.02202
-25.5	1.02194
-25.51	1.02187
-25.52	1.0218
-25.53	1.02173
-25.54	1.02166
-25.55	1.02159
-25.56	1.02152
-25.57	1.02145
-25.58	1.02138
-25.59	1.02131
-25.6	1.02124
-25.61	1.02117
-25.62	1.0211
-25.63	1.02103
-25.64	1.02096
-25.65	1.02089
-25.66	1.02082
-25.67	1.02075
-25.68	1.02068
-25.69	1.02061
-25.7	1.02054
-25.71	1.02047
-25.72	1.0204
-25.73	1.02033
-25.74	1.02026
-25.75	1.02019
-25.76	1.02013
-25.77	1.02006
-25.78	1.01999
-25.79	1.01992
-25.8	1.01985
-25.81	1.01978
-25.82	1.01971
-25.83	1.01964
-25.84	1.01957
-25.85	1.01951
-25.86	1.01944
-25.87	1.01937
-25.88	1.0193
-25.89	1.01923
-25.9	1.01916
-25.91	1.01909
-25.92	1.01903
-25.93	1.01896
-25.94	1.01889
-25.95	1.01882
-25.96	1.01875
-25.97	1.01869
-25.98	1.01862
-25.99	1.01855
-26	1.01848
-26.01	1.01842
-26.02	1.01835
-26.03	1.01828
-26.04	1.01821
-26.05	1.01815
-26.06	1.01808
-26.07	1.01801
-26.08	1.01794
-26.09	1.01788
-26.1	1.01781
-26.11	1.01774
-26.12	1.01767
-26.13	1.01761
-26.14	1.01754
-26.15	1.01747
-26.16	1.01741
-26.17	1.01734
-26.18	1.01727
-26.19	1.01721
-26.2	1.01714
-26.21	1.01707
-26.22	1.01701
-26.23	1.01694
-26.24	1.01688
-26.25	1.01681
-26.26	1.01674
-26.27	1.01668
-26.28	1.01661
-26.29	1.01654
-26.3	1.01648
-26.31	1.01641
-26.32	1.01635
-26.33	1.01628
-26.34	1.01622
-26.35	1.01615
-26.36	1.01608
-26.37	1.01602
-26.38	1.01595
-26.39	1.01589
-26.4	1.01582
-26.41	1.01576
-26.42	1.01569
-26.43	1.01563
-26.44	1.01556
-26.45	1.0155
-26.46	1.01543
-26.47	1.01537
-26.48	1.0153
-26.49	1.01524
-26.5	1.01517
-26.51	1.01511
-26.52	1.01504
-26.53	1.01498
-26.54	1.01491
-26.55	1.01485
-26.56	1.01478
-26.57	1.01472
-26.58	1.01465
-26.59	1.01459
-26.6	1.01453
-26.61	1.01446
-26.62	1.0144
-26.63	1.01433
-26.64	1.01427
-26.65	1.0142
-26.66	1.01414
-26.67	1.01408
-26.68	1.01401
-26.69	1.01395
-26.7	1.01389
-26.71	1.01382
-26.72	1.01376
-26.73	1.01369
-26.74	1.01363
-26.75	1.01357
-26.76	1.0135
-26.77	1.01344
-26.78	1.01338
-26.79	1.01331
-26.8	1.01325
-26.81	1.01319
-26.82	1.01312
-26.83	1.01306
-26.84	1.013
-26.85	1.01294
-26.86	1.01287
-26.87	1.01281
-26.88	1.01275
-26.89	1.01268
-26.9	1.01262
-26.91	1.01256
-26.92	1.0125
-26.93	1.01243
-26.94	1.01237
-26.95	1.01231
-26.96	1.01225
-26.97	1.01218
-26.98	1.01212
-26.99	1.01206
-27	1.012
-27.01	1.01194
-27.02	1.01187
-27.03	1.01181
-27.04	1.01175
-27.05	1.01169
-27.06	1.01163
-27.07	1.01156
-27.08	1.0115
-27.09	1.01144
-27.1	1.01138
-27.11	1.01132
-27.12	1.01126
-27.13	1.0112
-27.14	1.01113
-27.15	1.01107
-27.16	1.01101
-27.17	1.01095
-27.18	1.01089
-27.19	1.01083
-27.2	1.01077
-27.21	1.01071
-27.22	1.01064
-27.23	1.01058
-27.24	1.01052
-27.25	1.01046
-27.26	1.0104
-27.27	1.01034
-27.28	1.01028
-27.29	1.01022
-27.3	1.01016
-27.31	1.0101
-27.32	1.01004
-27.33	1.00998
-27.34	1.00992
-27.35	1.00986
-27.36	1.0098
-27.37	1.00974
-27.38	1.00967
-27.39	1.00961
-27.4	1.00955
-27.41	1.00949
-27.42	1.00943
-27.43	1.00937
-27.44	1.00931
-27.45	1.00925
-27.46	1.0092
-27.47	1.00914
-27.48	1.00908
-27.49	1.00902
-27.5	1.00896
-27.51	1.0089
-27.52	1.00884
-27.53	1.00878
-27.54	1.00872
-27.55	1.00866
-27.56	1.0086
-27.57	1.00854
-27.58	1.00848
-27.59	1.00842
-27.6	1.00836
-27.61	1.0083
-27.62	1.00825
-27.63	1.00819
-27.64	1.00813
-27.65	1.00807
-27.66	1.00801
-27.67	1.00795
-27.68	1.00789
-27.69	1.00783
-27.7	1.00777
-27.71	1.00772
-27.72	1.00766
-27.73	1.0076
-27.74	1.00754
-27.75	1.00748
-27.76	1.00742
-27.77	1.00737
-27.78	1.00731
-27.79	1.00725
-27.8	1.00719
-27.81	1.00713
-27.82	1.00707
-27.83	1.00702
-27.84	1.00696
-27.85	1.0069
-27.86	1.00684
-27.87	1.00679
-27.88	1.00673
-27.89	1.00667
-27.9	1.00661
-27.91	1.00655
-27.92	1.0065
-27.93	1.00644
-27.94	1.00638
-27.95	1.00632
-27.96	1.00627
-27.97	1.00621
-27.98	1.00615
-27.99	1.0061
-28	1.00604
-28.01	1.00598
-28.02	1.00592
-28.03	1.00587
-28.04	1.00581
-28.05	1.00575
-28.06	1.0057
-28.07	1.00564
-28.08	1.00558
-28.09	1.00552
-28.1	1.00547
-28.11	1.00541
-28.12	1.00535
-28.13	1.0053
-28.14	1.00524
-28.15	1.00519
-28.16	1.00513
-28.17	1.00507
-28.18	1.00502
-28.19	1.00496
-28.2	1.0049
-28.21	1.00485
-28.22	1.00479
-28.23	1.00473
-28.24	1.00468
-28.25	1.00462
-28.26	1.00457
-28.27	1.00451
-28.28	1.00445
-28.29	1.0044
-28.3	1.00434
-28.31	1.00429
-28.32	1.00423
-28.33	1.00418
-28.34	1.00412
-28.35	1.00406
-28.36	1.00401
-28.37	1.00395
-28.38	1.0039
-28.39	1.00384
-28.4	1.00379
-28.41	1.00373
-28.42	1.00368
-28.43	1.00362
-28.44	1.00357
-28.45	1.00351
-28.46	1.00346
-28.47	1.0034
-28.48	1.00334
-28.49	1.00329
-28.5	1.00323
-28.51	1.00318
-28.52	1.00313
-28.53	1.00307
-28.54	1.00302
-28.55	1.00296
-28.56	1.00291
-28.57	1.00285
-28.58	1.0028
-28.59	1.00274
-28.6	1.00269
-28.61	1.00263
-28.62	1.00258
-28.63	1.00252
-28.64	1.00247
-28.65	1.00242
-28.66	1.00236
-28.67	1.00231
-28.68	1.00225
-28.69	1.0022
-28.7	1.00214
-28.71	1.00209
-28.72	1.00204
-28.73	1.00198
-28.74	1.00193
-28.75	1.00187
-28.76	1.00182
-28.77	1.00177
-28.78	1.00171
-28.79	1.00166
-28.8	1.00161
-28.81	1.00155
-28.82	1.0015
-28.83	1.00145
-28.84	1.00139
-28.85	1.00134
-28.86	1.00128
-28.87	1.00123
-28.88	1.00118
-28.89	1.00112
-28.9	1.00107
-28.91	1.00102
-28.92	1.00096
-28.93	1.00091
-28.94	1.00086
-28.95	1.00081
-28.96	1.00075
-28.97	1.0007
-28.98	1.00065
-28.99	1.00059
-29	1.00054
-29.01	1.00049
-29.02	1.00044
-29.03	1.00038
-29.04	1.00033
-29.05	1.00028
-29.06	1.00022
-29.07	1.00017
-29.08	1.00012
-29.09	1.00007
-29.1	1.00001
-29.11	0.999962
-29.12	0.99991
-29.13	0.999858
-29.14	0.999805
-29.15	0.999753
-29.16	0.999701
-29.17	0.999649
-29.18	0.999597
-29.19	0.999545
-29.2	0.999493
-29.21	0.999441
-29.22	0.999389
-29.23	0.999337
-29.24	0.999285
-29.25	0.999233
-29.26	0.999181
-29.27	0.999129
-29.28	0.999078
-29.29	0.999026
-29.3	0.998974
-29.31	0.998923
-29.32	0.998871
-29.33	0.99882
-29.34	0.998768
-29.35	0.998717
-29.36	0.998665
-29.37	0.998614
-29.38	0.998563
-29.39	0.998511
-29.4	0.99846
-29.41	0.998409
-29.42	0.998358
-29.43	0.998307
-29.44	0.998256
-29.45	0.998205
-29.46	0.998154
-29.47	0.998103
-29.48	0.998052
-29.49	0.998001
-29.5	0.99795
-29.51	0.997899
-29.52	0.997848
-29.53	0.997798
-29.54	0.997747
-29.55	0.997696
-29.56	0.997646
-29.57	0.997595
-29.58	0.997545
-29.59	0.997494
-29.6	0.997443
-29.61	0.997393
-29.62	0.997343
-29.63	0.997292
-29.64	0.997242
-29.65	0.997192
-29.66	0.997142
-29.67	0.997091
-29.68	0.997041
-29.69	0.996991
-29.7	0.996941
-29.71	0.996891
-29.72	0.996841
-29.73	0.996791
-29.74	0.996741
-29.75	0.996691
-29.76	0.996641
-29.77	0.996591
-29.78	0.996542
-29.79	0.996492
-29.8	0.996442
-29.81	0.996392
-29.82	0.996343
-29.83	0.996293
-29.84	0.996244
-29.85	0.996194
-29.86	0.996145
-29.87	0.996095
-29.88	0.996046
-29.89	0.995996
-29.9	0.995947
-29.91	0.995898
-29.92	0.995849
-29.93	0.995799
-29.94	0.99575
-29.95	0.995701
-29.96	0.995652
-29.97	0.995603
-29.98	0.995554
-29.99	0.995505
-30	0.995456
