x	y
30	0.817375
29.99	0.81741
29.98	0.817445
29.97	0.81748
29.96	0.817516
29.95	0.817551
29.94	0.817586
29.93	0.817621
29.92	0.817657
29.91	0.817692
29.9	0.817727
29.89	0.817763
29.88	0.817798
29.87	0.817833
29.86	0.817869
29.85	0.817904
29.84	0.81794
29.83	0.817975
29.82	0.818011
29.81	0.818046
29.8	0.818082
29.79	0.818118
29.78	0.818153
29.77	0.818189
29.76	0.818225
29.75	0.81826
29.74	0.818296
29.73	0.818332
29.72	0.818368
29.71	0.818404
29.7	0.818439
29.69	0.818475
29.68	0.818511
29.67	0.818547
29.66	0.818583
29.65	0.818619
29.64	0.818655
29.63	0.818691
29.62	0.818727
29.61	0.818763
29.6	0.8188
29.59	0.818836
29.58	0.818872
29.57	0.818908
29.56	0.818944
29.55	0.818981
29.54	0.819017
29.53	0.819053
29.52	0.81909
29.51	0.819126
29.5	0.819162
29.49	0.819199
29.48	0.819235
29.47	0.819272
29.46	0.819308
29.45	0.819345
29.44	0.819382
29.43	0.819418
29.42	0.819455
29.41	0.819491
29.4	0.819528
29.39	0.819565
29.38	0.819602
29.37	0.819638
29.36	0.819675
29.35	0.819712
29.34	0.819749
29.33	0.819786
29.32	0.819823
29.31	0.81986
29.3	0.819896
29.29	0.819933
29.28	0.81997
29.27	0.820008
29.26	0.820045
29.25	0.820082
29.24	0.820119
29.23	0.820156
29.22	0.820193
29.21	0.82023
29.2	0.820268
29.19	0.820305
29.18	0.820342
29.17	0.82038
29.16	0.820417
29.15	0.820454
29.14	0.820492
29.13	0.820529
29.12	0.820567
29.11	0.820604
29.1	0.820642
29.09	0.820679
29.08	0.820717
29.07	0.820754
29.06	0.820792
29.05	0.82083
29.04	0.820868
29.03	0.820905
29.02	0.820943
29.01	0.820981
29	0.821019
28.99	0.821056
28.98	0.821094
28.97	0.821132
28.96	0.82117
28.95	0.821208
28.94	0.821246
28.93	0.821284
28.92	0.821322
28.91	0.82136
28.9	0.821398
28.89	0.821437
28.88	0.821475
28.87	0.821513
28.86	0.821551
28.85	0.821589
28.84	0.821628
28.83	0.821666
28.82	0.821704
28.81	0.821743
28.8	0.821781
28.79	0.82182
28.78	0.821858
28.77	0.821897
28.76	0.821935
28.75	0.821974
28.74	0.822012
28.73	0.822051
28.72	0.82209
28.71	0.822128
28.7	0.822167
28.69	0.822206
28.68	0.822244
28.67	0.822283
28.66	0.822322
28.65	0.822361
28.64	0.8224
28.63	0.822439
28.62	0.822478
28.61	0.822517
28.6	0.822556
28.59	0.822595
28.58	0.822634
28.57	0.822673
28.56	0.822712
28.55	0.822751
28.54	0.82279
28.53	0.82283
28.52	0.822869
28.51	0.822908
28.5	0.822948
28.49	0.822987
28.48	0.823026
28.47	0.823066
28.46	0.823105
28.45	0.823145
28.44	0.823184
28.43	0.823224
28.42	0.823263
28.41	0.823303
28.4	0.823342
28.39	0.823382
28.38	0.823422
28.37	0.823461
28.36	0.823501
28.35	0.823541
28.34	0.823581
28.33	0.823621
28.32	0.82366
28.31	0.8237
28.3	0.82374
28.29	0.82378
28.28	0.82382
28.27	0.82386
28.26	0.8239
28.25	0.823941
28.24	0.823981
28.23	0.824021
28.22	0.824061
28.21	0.824101
28.2	0.824142
28.19	0.824182
28.18	0.824222
28.17	0.824262
28.16	0.824303
28.15	0.824343
28.14	0.824384
28.13	0.824424
28.12	0.824465
28.11	0.824505
28.1	0.824546
28.09	0.824586
28.08	0.824627
28.07	0.824668
28.06	0.824708
28.05	0.824749
28.04	0.82479
28.03	0.824831
28.02	0.824872
28.01	0.824913
28	0.824953
27.99	0.824994
27.98	0.825035
27.97	0.825076
27.96	0.825117
27.95	0.825158
27.94	0.8252
27.93	0.825241
27.92	0.825282
27.91	0.825323
27.9	0.825364
27.89	0.825406
27.88	0.825447
27.87	0.825488
27.86	0.82553
27.85	0.825571
27.84	0.825612
27.83	0.825654
27.82	0.825695
27.81	0.825737
27.8	0.825778
27.79	0.82582
27.78	0.825862
27.77	0.825903
27.76	0.825945
27.75	0.825987
27.74	0.826029
27.73	0.82607
27.72	0.826112
27.71	0.826154
27.7	0.826196
27.69	0.826238
27.68	0.82628
27.67	0.826322
27.66	0.826364
27.65	0.826406
27.64	0.826448
27.63	0.82649
27.62	0.826532
27.61	0.826575
27.6	0.826617
27.59	0.826659
27.58	0.826701
27.57	0.826744
27.56	0.826786
27.55	0.826829
27.54	0.826871
27.53	0.826913
27.52	0.826956
27.51	0.826999
27.5	0.827041
27.49	0.827084
27.48	0.827126
27.47	0.827169
27.46	0.827212
27.45	0.827255
27.44	0.827297
27.43	0.82734
27.42	0.827383
27.41	0.827426
27.4	0.827469
27.39	0.827512
27.38	0.827555
27.37	0.827598
27.36	0.827641
27.35	0.827684
27.34	0.827727
27.33	0.82777
27.32	0.827814
27.31	0.827857
27.3	0.8279
27.29	0.827944
27.28	0.827987
27.27	0.82803
27.26	0.828074
27.25	0.828117
27.24	0.828161
27.23	0.828204
27.22	0.828248
27.21	0.828291
27.2	0.828335
27.19	0.828379
27.18	0.828422
27.17	0.828466
27.16	0.82851
27.15	0.828554
27.14	0.828598
27.13	0.828642
27.12	0.828686
27.11	0.82873
27.1	0.828774
27.09	0.828818
27.08	0.828862
27.07	0.828906
27.06	0.82895
27.05	0.828994
27.04	0.829038
27.03	0.829083
27.02	0.829127
27.01	0.829171
27	0.829216
26.99	0.82926
26.98	0.829305
26.97	0.829349
26.96	0.829394
26.95	0.829438
26.94	0.829483
26.93	0.829527
26.92	0.829572
26.91	0.829617
26.9	0.829661
26.89	0.829706
26.88	0.829751
26.87	0.829796
26.86	0.829841
26.85	0.829886
26.84	0.829931
26.83	0.829976
26.82	0.830021
26.81	0.830066
26.8	0.830111
26.79	0.830156
26.78	0.830201
26.77	0.830247
26.76	0.830292
26.75	0.830337
26.74	0.830383
26.73	0.830428
26.72	0.830473
26.71	0.830519
26.7	0.830564
26.69	0.83061
26.68	0.830656
26.67	0.830701
26.66	0.830747
26.65	0.830792
26.64	0.830838
26.63	0.830884
26.62	0.83093
26.61	0.830976
26.6	0.831022
26.59	0.831068
26.58	0.831113
26.57	0.831159
26.56	0.831205
26.55	0.831252
26.54	0.831298
26.53	0.831344
26.52	0.83139
26.51	0.831436
26.5	0.831483
26.49	0.831529
26.48	0.831575
26.47	0.831622
26.46	0.831668
26.45	0.831715
26.44	0.831761
26.43	0.831808
26.42	0.831854
26.41	0.831901
26.4	0.831948
26.39	0.831994
26.38	0.832041
26.37	0.832088
26.36	0.832135
26.35	0.832182
26.34	0.832229
26.33	0.832275
26.32	0.832322
26.31	0.83237
26.3	0.832417
26.29	0.832464
26.28	0.832511
26.27	0.832558
26.26	0.832605
26.25	0.832653
26.24	0.8327
26.23	0.832747
26.22	0.832795
26.21	0.832842
26.2	0.83289
26.19	0.832937
26.18	0.832985
26.17	0.833032
26.16	0.83308
26.15	0.833128
26.14	0.833175
26.13	0.833223
26.12	0.833271
26.11	0.833319
26.1	0.833367
26.09	0.833415
26.08	0.833463
26.07	0.833511
26.06	0.833559
26.05	0.833607
26.04	0.833655
26.03	0.833703
26.02	0.833751
26.01	0.8338
26	0.833848
25.99	0.833896
25.98	0.833945
25.97	0.833993
25.96	0.834042
25.95	0.83409
25.94	0.834139
25.93	0.834187
25.92	0.834236
25.91	0.834285
25.9	0.834333
25.89	0.834382
25.88	0.834431
25.87	0.83448
25.86	0.834529
25.85	0.834578
25.84	0.834627
25.83	0.834676
25.82	0.834725
25.81	0.834774
25.8	0.834823
25.79	0.834872
25.78	0.834922
25.77	0.834971
25.76	0.83502
25.75	0.83507
25.74	0.835119
25.73	0.835168
25.72	0.835218
25.71	0.835267
25.7	0.835317
25.69	0.835367
25.68	0.835416
25.67	0.835466
25.66	0.835516
25.65	0.835566
25.64	0.835616
25.63	0.835665
25.62	0.835715
25.61	0.835765
25.6	0.835815
25.59	0.835866
25.58	0.835916
25.57	0.835966
25.56	0.836016
25.55	0.836066
25.54	0.836117
25.53	0.836167
25.52	0.836217
25.51	0.836268
25.5	0.836318
25.49	0.836369
25.48	0.836419
25.47	0.83647
25.46	0.836521
25.45	0.836571
25.44	0.836622
25.43	0.836673
25.42	0.836724
25.41	0.836775
25.4	0.836825
25.39	0.836876
25.38	0.836927
25.37	0.836979
25.36	0.83703
25.35	0.837081
25.34	0.837132
25.33	0.837183
25.32	0.837235
25.31	0.837286
25.3	0.837337
25.29	0.837389
25.28	0.83744
25.27	0.837492
25.26	0.837543
25.25	0.837595
25.24	0.837647
25.23	0.837698
25.22	0.83775
25.21	0.837802
25.2	0.837854
25.19	0.837906
25.18	0.837958
25.17	0.83801
25.16	0.838062
25.15	0.838114
25.14	0.838166
25.13	0.838218
25.12	0.83827
25.11	0.838323
25.1	0.838375
25.09	0.838427
25.08	0.83848
25.07	0.838532
25.06	0.838585
25.05	0.838637
25.04	0.83869
25.03	0.838742
25.02	0.838795
25.01	0.838848
25	0.838901
24.99	0.838953
24.98	0.839006
24.97	0.839059
24.96	0.839112
24.95	0.839165
24.94	0.839218
24.93	0.839272
24.92	0.839325
24.91	0.839378
24.9	0.839431
24.89	0.839485
24.88	0.839538
24.87	0.839591
24.86	0.839645
24.85	0.839698
24.84	0.839752
24.83	0.839805
24.82	0.839859
24.81	0.839913
24.8	0.839967
24.79	0.84002
24.78	0.840074
24.77	0.840128
24.76	0.840182
24.75	0.840236
24.74	0.84029
24.73	0.840344
24.72	0.840399
24.71	0.840453
24.7	0.840507
24.69	0.840561
24.68	0.840616
24.67	0.84067
24.66	0.840725
24.65	0.840779
24.64	0.840834
24.63	0.840888
24.62	0.840943
24.61	0.840998
24.6	0.841052
24.59	0.841107
24.58	0.841162
24.57	0.841217
24.56	0.841272
24.55	0.841327
24.54	0.841382
24.53	0.841437
24.52	0.841492
24.51	0.841548
24.5	0.841603
24.49	0.841658
24.48	0.841714
24.47	0.841769
24.46	0.841824
24.45	0.84188
24.44	0.841936
24.43	0.841991
24.42	0.842047
24.41	0.842103
24.4	0.842158
24.39	0.842214
24.38	0.84227
24.37	0.842326
24.36	0.842382
24.35	0.842438
24.34	0.842494
24.33	0.84255
24.32	0.842607
24.31	0.842663
24.3	0.842719
24.29	0.842776
24.28	0.842832
24.27	0.842888
24.26	0.842945
24.25	0.843001
24.24	0.843058
24.23	0.843115
24.22	0.843172
24.21	0.843228
24.2	0.843285
24.19	0.843342
24.18	0.843399
24.17	0.843456
24.16	0.843513
24.15	0.84357
24.14	0.843627
24.13	0.843685
24.12	0.843742
24.11	0.843799
24.1	0.843857
24.09	0.843914
24.08	0.843972
24.07	0.844029
24.06	0.844087
24.05	0.844144
24.04	0.844202
24.03	0.84426
24.02	0.844318
24.01	0.844375
24	0.844433
23.99	0.844491
23.98	0.844549
23.97	0.844608
23.96	0.844666
23.95	0.844724
23.94	0.844782
23.93	0.84484
23.92	0.844899
23.91	0.844957
23.9	0.845016
23.89	0.845074
23.88	0.845133
23.87	0.845192
23.86	0.84525
23.85	0.845309
23.84	0.845368
23.83	0.845427
23.82	0.845486
23.81	0.845545
23.8	0.845604
23.79	0.845663
23.78	0.845722
23.77	0.845781
23.76	0.84584
23.75	0.8459
23.74	0.845959
23.73	0.846019
23.72	0.846078
23.71	0.846138
23.7	0.846197
23.69	0.846257
23.68	0.846317
23.67	0.846376
23.66	0.846436
23.65	0.846496
23.64	0.846556
23.63	0.846616
23.62	0.846676
23.61	0.846736
23.6	0.846797
23.59	0.846857
23.58	0.846917
23.57	0.846978
23.56	0.847038
23.55	0.847098
23.54	0.847159
23.53	0.84722
23.52	0.84728
23.51	0.847341
23.5	0.847402
23.49	0.847463
23.48	0.847524
23.47	0.847584
23.46	0.847646
23.45	0.847707
23.44	0.847768
23.43	0.847829
23.42	0.84789
23.41	0.847951
23.4	0.848013
23.39	0.848074
23.38	0.848136
23.37	0.848197
23.36	0.848259
23.35	0.848321
23.34	0.848382
23.33	0.848444
23.32	0.848506
23.31	0.848568
23.3	0.84863
23.29	0.848692
23.28	0.848754
23.27	0.848816
23.26	0.848879
23.25	0.848941
23.24	0.849003
23.23	0.849066
23.22	0.849128
23.21	0.849191
23.2	0.849253
23.19	0.849316
23.18	0.849379
23.17	0.849441
23.16	0.849504
23.15	0.849567
23.14	0.84963
23.13	0.849693
23.12	0.849756
23.11	0.849819
23.1	0.849882
23.09	0.849946
23.08	0.850009
23.07	0.850073
23.06	0.850136
23.05	0.8502
23.04	0.850263
23.03	0.850327
23.02	0.85039
23.01	0.850454
23	0.850518
22.99	0.850582
22.98	0.850646
22.97	0.85071
22.96	0.850774
22.95	0.850838
22.94	0.850903
22.93	0.850967
22.92	0.851031
22.91	0.851096
22.9	0.85116
22.89	0.851225
22.88	0.851289
22.87	0.851354
22.86	0.851419
22.85	0.851484
22.84	0.851548
22.83	0.851613
22.82	0.851678
22.81	0.851744
22.8	0.851809
22.79	0.851874
22.78	0.851939
22.77	0.852004
22.76	0.85207
22.75	0.852135
22.74	0.852201
22.73	0.852266
22.72	0.852332
22.71	0.852398
22.7	0.852464
22.69	0.85253
22.68	0.852596
22.67	0.852662
22.66	0.852728
22.65	0.852794
22.64	0.85286
22.63	0.852926
22.62	0.852993
22.61	0.853059
22.6	0.853125
22.59	0.853192
22.58	0.853259
22.57	0.853325
22.56	0.853392
22.55	0.853459
22.54	0.853526
22.53	0.853593
22.52	0.85366
22.51	0.853727
22.5	0.853794
22.49	0.853861
22.48	0.853928
22.47	0.853996
22.46	0.854063
22.45	0.854131
22.44	0.854198
22.43	0.854266
22.42	0.854334
22.41	0.854401
22.4	0.854469
22.39	0.854537
22.38	0.854605
22.37	0.854673
22.36	0.854741
22.35	0.85481
22.34	0.854878
22.33	0.854946
22.32	0.855015
22.31	0.855083
22.3	0.855152
22.29	0.85522
22.28	0.855289
22.27	0.855358
22.26	0.855426
22.25	0.855495
22.24	0.855564
22.23	0.855633
22.22	0.855703
22.21	0.855772
22.2	0.855841
22.19	0.85591
22.18	0.85598
22.17	0.856049
22.16	0.856119
22.15	0.856188
22.14	0.856258
22.13	0.856328
22.12	0.856398
22.11	0.856468
22.1	0.856538
22.09	0.856608
22.08	0.856678
22.07	0.856748
22.06	0.856818
22.05	0.856889
22.04	0.856959
22.03	0.85703
22.02	0.8571
22.01	0.857171
22	0.857242
21.99	0.857312
21.98	0.857383
21.97	0.857454
21.96	0.857525
21.95	0.857596
21.94	0.857668
21.93	0.857739
21.92	0.85781
21.91	0.857881
21.9	0.857953
21.89	0.858024
21.88	0.858096
21.87	0.858168
21.86	0.85824
21.85	0.858311
21.84	0.858383
21.83	0.858455
21.82	0.858527
21.81	0.8586
21.8	0.858672
21.79	0.858744
21.78	0.858817
21.77	0.858889
21.76	0.858962
21.75	0.859034
21.74	0.859107
21.73	0.85918
21.72	0.859252
21.71	0.859325
21.7	0.859398
21.69	0.859471
21.68	0.859545
21.67	0.859618
21.66	0.859691
21.65	0.859765
21.64	0.859838
21.63	0.859912
21.62	0.859985
21.61	0.860059
21.6	0.860133
21.59	0.860207
21.58	0.860281
21.57	0.860355
21.56	0.860429
21.55	0.860503
21.54	0.860577
21.53	0.860651
21.52	0.860726
21.51	0.8608
21.5	0.860875
21.49	0.86095
21.48	0.861024
21.47	0.861099
21.46	0.861174
21.45	0.861249
21.44	0.861324
21.43	0.861399
21.42	0.861475
21.41	0.86155
21.4	0.861625
21.39	0.861701
21.38	0.861776
21.37	0.861852
21.36	0.861928
21.35	0.862004
21.34	0.862079
21.33	0.862155
21.32	0.862231
21.31	0.862308
21.3	0.862384
21.29	0.86246
21.28	0.862536
21.27	0.862613
21.26	0.862689
21.25	0.862766
21.24	0.862843
21.23	0.86292
21.22	0.862997
21.21	0.863073
21.2	0.863151
21.19	0.863228
21.18	0.863305
21.17	0.863382
21.16	0.86346
21.15	0.863537
21.14	0.863615
21.13	0.863692
21.12	0.86377
21.11	0.863848
21.1	0.863926
21.09	0.864004
21.08	0.864082
21.07	0.86416
21.06	0.864238
21.05	0.864317
21.04	0.864395
21.03	0.864474
21.02	0.864552
21.01	0.864631
21	0.86471
20.99	0.864788
20.98	0.864867
20.97	0.864946
20.96	0.865026
20.95	0.865105
20.94	0.865184
20.93	0.865263
20.92	0.865343
20.91	0.865422
20.9	0.865502
20.89	0.865582
20.88	0.865662
20.87	0.865742
20.86	0.865822
20.85	0.865902
20.84	0.865982
20.83	0.866062
20.82	0.866142
20.81	0.866223
20.8	0.866303
20.79	0.866384
20.78	0.866465
20.77	0.866546
20.76	0.866627
20.75	0.866708
20.74	0.866789
20.73	0.86687
20.72	0.866951
20.71	0.867032
20.7	0.867114
20.69	0.867195
20.68	0.867277
20.67	0.867359
20.66	0.867441
20.65	0.867523
20.64	0.867605
20.63	0.867687
20.62	0.867769
20.61	0.867851
20.6	0.867934
20.59	0.868016
20.58	0.868098
20.57	0.868181
20.56	0.868264
20.55	0.868347
20.54	0.86843
20.53	0.868513
20.52	0.868596
20.51	0.868679
20.5	0.868762
20.49	0.868846
20.48	0.868929
20.47	0.869013
20.46	0.869097
20.45	0.86918
20.44	0.869264
20.43	0.869348
20.42	0.869432
20.41	0.869517
20.4	0.869601
20.39	0.869685
20.38	0.86977
20.37	0.869854
20.36	0.869939
20.35	0.870024
20.34	0.870108
20.33	0.870193
20.32	0.870278
20.31	0.870364
20.3	0.870449
20.29	0.870534
20.28	0.87062
20.27	0.870705
20.26	0.870791
20.25	0.870877
20.24	0.870962
20.23	0.871048
20.22	0.871134
20.21	0.871221
20.2	0.871307
20.19	0.871393
20.18	0.87148
20.17	0.871566
20.16	0.871653
20.15	0.871739
20.14	0.871826
20.13	0.871913
20.12	0.872
20.11	0.872087
20.1	0.872175
20.09	0.872262
20.08	0.872349
20.07	0.872437
20.06	0.872525
20.05	0.872612
20.04	0.8727
20.03	0.872788
20.02	0.872876
20.01	0.872964
20	0.873053
19.99	0.873141
19.98	0.87323
19.97	0.873318
19.96	0.873407
19.95	0.873496
19.94	0.873585
19.93	0.873673
19.92	0.873763
19.91	0.873852
19.9	0.873941
19.89	0.874031
19.88	0.87412
19.87	0.87421
19.86	0.874299
19.85	0.874389
19.84	0.874479
19.83	0.874569
19.82	0.874659
19.81	0.87475
19.8	0.87484
19.79	0.874931
19.78	0.875021
19.77	0.875112
19.76	0.875203
19.75	0.875293
19.74	0.875385
19.73	0.875476
19.72	0.875567
19.71	0.875658
19.7	0.87575
19.69	0.875841
19.68	0.875933
19.67	0.876025
19.66	0.876117
19.65	0.876209
19.64	0.876301
19.63	0.876393
19.62	0.876485
19.61	0.876578
19.6	0.87667
19.59	0.876763
19.58	0.876856
19.57	0.876949
19.56	0.877042
19.55	0.877135
19.54	0.877228
19.53	0.877321
19.52	0.877415
19.51	0.877508
19.5	0.877602
19.49	0.877696
19.48	0.87779
19.47	0.877884
19.46	0.877978
19.45	0.878072
19.44	0.878166
19.43	0.878261
19.42	0.878355
19.41	0.87845
19.4	0.878545
19.39	0.87864
19.38	0.878735
19.37	0.87883
19.36	0.878925
19.35	0.879021
19.34	0.879116
19.33	0.879212
19.32	0.879308
19.31	0.879403
19.3	0.879499
19.29	0.879595
19.28	0.879692
19.27	0.879788
19.26	0.879884
19.25	0.879981
19.24	0.880078
19.23	0.880174
19.22	0.880271
19.21	0.880368
19.2	0.880466
19.19	0.880563
19.18	0.88066
19.17	0.880758
19.16	0.880855
19.15	0.880953
19.14	0.881051
19.13	0.881149
19.12	0.881247
19.11	0.881345
19.1	0.881444
19.09	0.881542
19.08	0.881641
19.07	0.88174
19.06	0.881838
19.05	0.881937
19.04	0.882037
19.03	0.882136
19.02	0.882235
19.01	0.882335
19	0.882434
18.99	0.882534
18.98	0.882634
18.97	0.882734
18.96	0.882834
18.95	0.882934
18.94	0.883034
18.93	0.883135
18.92	0.883235
18.91	0.883336
18.9	0.883437
18.89	0.883538
18.88	0.883639
18.87	0.88374
18.86	0.883841
18.85	0.883943
18.84	0.884045
18.83	0.884146
18.82	0.884248
18.81	0.88435
18.8	0.884452
18.79	0.884554
18.78	0.884657
18.77	0.884759
18.76	0.884862
18.75	0.884965
18.74	0.885068
18.73	0.885171
18.72	0.885274
18.71	0.885377
18.7	0.88548
18.69	0.885584
18.68	0.885688
18.67	0.885791
18.66	0.885895
18.65	0.885999
18.64	0.886104
18.63	0.886208
18.62	0.886312
18.61	0.886417
18.6	0.886522
18.59	0.886627
18.58	0.886732
18.57	0.886837
18.56	0.886942
18.55	0.887047
18.54	0.887153
18.53	0.887259
18.52	0.887364
18.51	0.88747
18.5	0.887576
18.49	0.887683
18.48	0.887789
18.47	0.887895
18.46	0.888002
18.45	0.888109
18.44	0.888216
18.43	0.888323
18.42	0.88843
18.41	0.888537
18.4	0.888645
18.39	0.888752
18.38	0.88886
18.37	0.888968
18.36	0.889076
18.35	0.889184
18.34	0.889292
18.33	0.889401
18.32	0.889509
18.31	0.889618
18.3	0.889727
18.29	0.889836
18.28	0.889945
18.27	0.890054
18.26	0.890164
18.25	0.890273
18.24	0.890383
18.23	0.890493
18.22	0.890603
18.21	0.890713
18.2	0.890823
18.19	0.890934
18.18	0.891044
18.17	0.891155
18.16	0.891266
18.15	0.891377
18.14	0.891488
18.13	0.891599
18.12	0.891711
18.11	0.891822
18.1	0.891934
18.09	0.892046
18.08	0.892158
18.07	0.89227
18.06	0.892383
18.05	0.892495
18.04	0.892608
18.03	0.89272
18.02	0.892833
18.01	0.892946
18	0.89306
17.99	0.893173
17.98	0.893287
17.97	0.8934
17.96	0.893514
17.95	0.893628
17.94	0.893742
17.93	0.893857
17.92	0.893971
17.91	0.894086
17.9	0.8942
17.89	0.894315
17.88	0.89443
17.87	0.894545
17.86	0.894661
17.85	0.894776
17.84	0.894892
17.83	0.895008
17.82	0.895124
17.81	0.89524
17.8	0.895356
17.79	0.895473
17.78	0.895589
17.77	0.895706
17.76	0.895823
17.75	0.89594
17.74	0.896057
17.73	0.896175
17.72	0.896292
17.71	0.89641
17.7	0.896528
17.69	0.896646
17.68	0.896764
17.67	0.896882
17.66	0.897001
17.65	0.897119
17.64	0.897238
17.63	0.897357
17.62	0.897476
17.61	0.897596
17.6	0.897715
17.59	0.897835
17.58	0.897955
17.57	0.898075
17.56	0.898195
17.55	0.898315
17.54	0.898435
17.53	0.898556
17.52	0.898677
17.51	0.898798
17.5	0.898919
17.49	0.89904
17.48	0.899162
17.47	0.899283
17.46	0.899405
17.45	0.899527
17.44	0.899649
17.43	0.899771
17.42	0.899894
17.41	0.900016
17.4	0.900139
17.39	0.900262
17.38	0.900385
17.37	0.900509
17.36	0.900632
17.35	0.900756
17.34	0.90088
17.33	0.901004
17.32	0.901128
17.31	0.901252
17.3	0.901377
17.29	0.901501
17.28	0.901626
17.27	0.901751
17.26	0.901876
17.25	0.902002
17.24	0.902127
17.23	0.902253
17.22	0.902379
17.21	0.902505
17.2	0.902631
17.19	0.902758
17.18	0.902884
17.17	0.903011
17.16	0.903138
17.15	0.903265
17.14	0.903392
17.13	0.90352
17.12	0.903648
17.11	0.903775
17.1	0.903903
17.09	0.904032
17.08	0.90416
17.07	0.904289
17.06	0.904417
17.05	0.904546
17.04	0.904675
17.03	0.904805
17.02	0.904934
17.01	0.905064
17	0.905194
16.99	0.905324
16.98	0.905454
16.97	0.905585
16.96	0.905715
16.95	0.905846
16.94	0.905977
16.93	0.906108
16.92	0.906239
16.91	0.906371
16.9	0.906503
16.89	0.906635
16.88	0.906767
16.87	0.906899
16.86	0.907031
16.85	0.907164
16.84	0.907297
16.83	0.90743
16.82	0.907563
16.81	0.907697
16.8	0.90783
16.79	0.907964
16.78	0.908098
16.77	0.908232
16.76	0.908367
16.75	0.908501
16.74	0.908636
16.73	0.908771
16.72	0.908906
16.71	0.909042
16.7	0.909177
16.69	0.909313
16.68	0.909449
16.67	0.909585
16.66	0.909721
16.65	0.909858
16.64	0.909995
16.63	0.910132
16.62	0.910269
16.61	0.910406
16.6	0.910544
16.59	0.910681
16.58	0.910819
16.57	0.910958
16.56	0.911096
16.55	0.911234
16.54	0.911373
16.53	0.911512
16.52	0.911651
16.51	0.911791
16.5	0.91193
16.49	0.91207
16.48	0.91221
16.47	0.91235
16.46	0.912491
16.45	0.912631
16.44	0.912772
16.43	0.912913
16.42	0.913054
16.41	0.913196
16.4	0.913337
16.39	0.913479
16.38	0.913621
16.37	0.913764
16.36	0.913906
16.35	0.914049
16.34	0.914192
16.33	0.914335
16.32	0.914478
16.31	0.914622
16.3	0.914766
16.29	0.91491
16.28	0.915054
16.27	0.915198
16.26	0.915343
16.25	0.915488
16.24	0.915633
16.23	0.915778
16.22	0.915924
16.21	0.916069
16.2	0.916215
16.19	0.916361
16.18	0.916508
16.17	0.916654
16.16	0.916801
16.15	0.916948
16.14	0.917096
16.13	0.917243
16.12	0.917391
16.11	0.917539
16.1	0.917687
16.09	0.917835
16.08	0.917984
16.07	0.918133
16.06	0.918282
16.05	0.918431
16.04	0.918581
16.03	0.91873
16.02	0.91888
16.01	0.91903
16	0.919181
15.99	0.919332
15.98	0.919482
15.97	0.919634
15.96	0.919785
15.95	0.919937
15.94	0.920088
15.93	0.92024
15.92	0.920393
15.91	0.920545
15.9	0.920698
15.89	0.920851
15.88	0.921004
15.87	0.921158
15.86	0.921311
15.85	0.921465
15.84	0.921619
15.83	0.921774
15.82	0.921928
15.81	0.922083
15.8	0.922239
15.79	0.922394
15.78	0.922549
15.77	0.922705
15.76	0.922861
15.75	0.923018
15.74	0.923174
15.73	0.923331
15.72	0.923488
15.71	0.923646
15.7	0.923803
15.69	0.923961
15.68	0.924119
15.67	0.924277
15.66	0.924436
15.65	0.924595
15.64	0.924754
15.63	0.924913
15.62	0.925072
15.61	0.925232
15.6	0.925392
15.59	0.925553
15.58	0.925713
15.57	0.925874
15.56	0.926035
15.55	0.926196
15.54	0.926358
15.53	0.92652
15.52	0.926682
15.51	0.926844
15.5	0.927007
15.49	0.92717
15.48	0.927333
15.47	0.927496
15.46	0.92766
15.45	0.927824
15.44	0.927988
15.43	0.928152
15.42	0.928317
15.41	0.928482
15.4	0.928647
15.39	0.928812
15.38	0.928978
15.37	0.929144
15.36	0.92931
15.35	0.929477
15.34	0.929644
15.33	0.929811
15.32	0.929978
15.31	0.930146
15.3	0.930314
15.29	0.930482
15.28	0.93065
15.27	0.930819
15.26	0.930988
15.25	0.931157
15.24	0.931327
15.23	0.931496
15.22	0.931666
15.21	0.931837
15.2	0.932007
15.19	0.932178
15.18	0.932349
15.17	0.932521
15.16	0.932693
15.15	0.932865
15.14	0.933037
15.13	0.933209
15.12	0.933382
15.11	0.933555
15.1	0.933729
15.09	0.933903
15.08	0.934076
15.07	0.934251
15.06	0.934425
15.05	0.9346
15.04	0.934775
15.03	0.934951
15.02	0.935126
15.01	0.935302
15	0.935479
14.99	0.935655
14.98	0.935832
14.97	0.936009
14.96	0.936187
14.95	0.936364
14.94	0.936543
14.93	0.936721
14.92	0.936899
14.91	0.937078
14.9	0.937258
14.89	0.937437
14.88	0.937617
14.87	0.937797
14.86	0.937978
14.85	0.938158
14.84	0.938339
14.83	0.938521
14.82	0.938702
14.81	0.938884
14.8	0.939066
14.79	0.939249
14.78	0.939432
14.77	0.939615
14.76	0.939799
14.75	0.939982
14.74	0.940166
14.73	0.940351
14.72	0.940536
14.71	0.940721
14.7	0.940906
14.69	0.941092
14.68	0.941278
14.67	0.941464
14.66	0.94165
14.65	0.941837
14.64	0.942025
14.63	0.942212
14.62	0.9424
14.61	0.942588
14.6	0.942777
14.59	0.942966
14.58	0.943155
14.57	0.943344
14.56	0.943534
14.55	0.943724
14.54	0.943915
14.53	0.944105
14.52	0.944297
14.51	0.944488
14.5	0.94468
14.49	0.944872
14.48	0.945064
14.47	0.945257
14.46	0.94545
14.45	0.945644
14.44	0.945837
14.43	0.946032
14.42	0.946226
14.41	0.946421
14.4	0.946616
14.39	0.946811
14.38	0.947007
14.37	0.947203
14.36	0.9474
14.35	0.947597
14.34	0.947794
14.33	0.947991
14.32	0.948189
14.31	0.948387
14.3	0.948586
14.29	0.948785
14.28	0.948984
14.27	0.949184
14.26	0.949383
14.25	0.949584
14.24	0.949784
14.23	0.949985
14.22	0.950187
14.21	0.950388
14.2	0.950591
14.19	0.950793
14.18	0.950996
14.17	0.951199
14.16	0.951402
14.15	0.951606
14.14	0.95181
14.13	0.952015
14.12	0.95222
14.11	0.952425
14.1	0.952631
14.09	0.952837
14.08	0.953043
14.07	0.95325
14.06	0.953457
14.05	0.953665
14.04	0.953873
14.03	0.954081
14.02	0.95429
14.01	0.954499
14	0.954708
13.99	0.954918
13.98	0.955128
13.97	0.955339
13.96	0.955549
13.95	0.955761
13.94	0.955972
13.93	0.956184
13.92	0.956397
13.91	0.95661
13.9	0.956823
13.89	0.957036
13.88	0.95725
13.87	0.957465
13.86	0.95768
13.85	0.957895
13.84	0.95811
13.83	0.958326
13.82	0.958543
13.81	0.958759
13.8	0.958976
13.79	0.959194
13.78	0.959412
13.77	0.95963
13.76	0.959849
13.75	0.960068
13.74	0.960287
13.73	0.960507
13.72	0.960728
13.71	0.960948
13.7	0.96117
13.69	0.961391
13.68	0.961613
13.67	0.961835
13.66	0.962058
13.65	0.962281
13.64	0.962505
13.63	0.962729
13.62	0.962954
13.61	0.963178
13.6	0.963404
13.59	0.963629
13.58	0.963855
13.57	0.964082
13.56	0.964309
13.55	0.964536
13.54	0.964764
13.53	0.964992
13.52	0.965221
13.51	0.96545
13.5	0.96568
13.49	0.96591
13.48	0.96614
13.47	0.966371
13.46	0.966602
13.45	0.966834
13.44	0.967066
13.43	0.967299
13.42	0.967532
13.41	0.967765
13.4	0.967999
13.39	0.968233
13.38	0.968468
13.37	0.968703
13.36	0.968939
13.35	0.969175
13.34	0.969412
13.33	0.969649
13.32	0.969886
13.31	0.970124
13.3	0.970363
13.29	0.970602
13.28	0.970841
13.27	0.971081
13.26	0.971321
13.25	0.971562
13.24	0.971803
13.23	0.972044
13.22	0.972287
13.21	0.972529
13.2	0.972772
13.19	0.973016
13.18	0.97326
13.17	0.973504
13.16	0.973749
13.15	0.973994
13.14	0.97424
13.13	0.974487
13.12	0.974734
13.11	0.974981
13.1	0.975229
13.09	0.975477
13.08	0.975726
13.07	0.975975
13.06	0.976225
13.05	0.976475
13.04	0.976726
13.03	0.976977
13.02	0.977229
13.01	0.977481
13	0.977734
12.99	0.977987
12.98	0.978241
12.97	0.978495
12.96	0.978749
12.95	0.979005
12.94	0.97926
12.93	0.979517
12.92	0.979773
12.91	0.980031
12.9	0.980288
12.89	0.980547
12.88	0.980806
12.87	0.981065
12.86	0.981325
12.85	0.981585
12.84	0.981846
12.83	0.982107
12.82	0.982369
12.81	0.982632
12.8	0.982895
12.79	0.983158
12.78	0.983422
12.77	0.983687
12.76	0.983952
12.75	0.984217
12.74	0.984484
12.73	0.98475
12.72	0.985018
12.71	0.985285
12.7	0.985554
12.69	0.985823
12.68	0.986092
12.67	0.986362
12.66	0.986633
12.65	0.986904
12.64	0.987175
12.63	0.987447
12.62	0.98772
12.61	0.987993
12.6	0.988267
12.59	0.988542
12.58	0.988817
12.57	0.989092
12.56	0.989368
12.55	0.989645
12.54	0.989922
12.53	0.9902
12.52	0.990479
12.51	0.990758
12.5	0.991037
12.49	0.991317
12.48	0.991598
12.47	0.991879
12.46	0.992161
12.45	0.992444
12.44	0.992727
12.43	0.993011
12.42	0.993295
12.41	0.99358
12.4	0.993865
12.39	0.994151
12.38	0.994438
12.37	0.994725
12.36	0.995013
12.35	0.995301
12.34	0.99559
12.33	0.99588
12.32	0.99617
12.31	0.996461
12.3	0.996753
12.29	0.997045
12.28	0.997338
12.27	0.997631
12.26	0.997925
12.25	0.99822
12.24	0.998515
12.23	0.998811
12.22	0.999107
12.21	0.999404
12.2	0.999702
12.19	1
12.18	1.0003
12.17	1.0006
12.16	1.0009
12.15	1.0012
12.14	1.0015
12.13	1.0018
12.12	1.00211
12.11	1.00241
12.1	1.00272
12.09	1.00302
12.08	1.00333
12.07	1.00363
12.06	1.00394
12.05	1.00425
12.04	1.00455
12.03	1.00486
12.02	1.00517
12.01	1.00548
12	1.00579
11.99	1.00611
11.98	1.00642
11.97	1.00673
11.96	1.00704
11.95	1.00736
11.94	1.00767
11.93	1.00799
11.92	1.00831
11.91	1.00862
11.9	1.00894
11.89	1.00926
11.88	1.00958
11.87	1.0099
11.86	1.01022
11.85	1.01054
11.84	1.01086
11.83	1.01119
11.82	1.01151
11.81	1.01183
11.8	1.01216
11.79	1.01248
11.78	1.01281
11.77	1.01314
11.76	1.01347
11.75	1.01379
11.74	1.01412
11.73	1.01445
11.72	1.01478
11.71	1.01512
11.7	1.01545
11.69	1.01578
11.68	1.01611
11.67	1.01645
11.66	1.01678
11.65	1.01712
11.64	1.01746
11.63	1.01779
11.62	1.01813
11.61	1.01847
11.6	1.01881
11.59	1.01915
11.58	1.01949
11.57	1.01984
11.56	1.02018
11.55	1.02052
11.54	1.02087
11.53	1.02121
11.52	1.02156
11.51	1.02191
11.5	1.02225
11.49	1.0226
11.48	1.02295
11.47	1.0233
11.46	1.02365
11.45	1.02401
11.44	1.02436
11.43	1.02471
11.42	1.02507
11.41	1.02542
11.4	1.02578
11.39	1.02613
11.38	1.02649
11.37	1.02685
11.36	1.02721
11.35	1.02757
11.34	1.02793
11.33	1.02829
11.32	1.02866
11.31	1.02902
11.3	1.02938
11.29	1.02975
11.28	1.03011
11.27	1.03048
11.26	1.03085
11.25	1.03122
11.24	1.03159
11.23	1.03196
11.22	1.03233
11.21	1.0327
11.2	1.03307
11.19	1.03345
11.18	1.03382
11.17	1.0342
11.16	1.03458
11.15	1.03495
11.14	1.03533
11.13	1.03571
11.12	1.03609
11.11	1.03647
11.1	1.03686
11.09	1.03724
11.08	1.03762
11.07	1.03801
11.06	1.03839
11.05	1.03878
11.04	1.03917
11.03	1.03956
11.02	1.03995
11.01	1.04034
11	1.04073
10.99	1.04112
10.98	1.04152
10.97	1.04191
10.96	1.04231
10.95	1.0427
10.94	1.0431
10.93	1.0435
10.92	1.0439
10.91	1.0443
10.9	1.0447
10.89	1.0451
10.88	1.0455
10.87	1.04591
10.86	1.04631
10.85	1.04672
10.84	1.04713
10.83	1.04754
10.82	1.04795
10.81	1.04836
10.8	1.04877
10.79	1.04918
10.78	1.04959
10.77	1.05001
10.76	1.05042
10.75	1.05084
10.74	1.05126
10.73	1.05168
10.72	1.0521
10.71	1.05252
10.7	1.05294
10.69	1.05336
10.68	1.05379
10.67	1.05421
10.66	1.05464
10.65	1.05507
10.64	1.05549
10.63	1.05592
10.62	1.05635
10.61	1.05679
10.6	1.05722
10.59	1.05765
10.58	1.05809
10.57	1.05852
10.56	1.05896
10.55	1.0594
10.54	1.05984
10.53	1.06028
10.52	1.06072
10.51	1.06117
10.5	1.06161
10.49	1.06205
10.48	1.0625
10.47	1.06295
10.46	1.0634
10.45	1.06385
10.44	1.0643
10.43	1.06475
10.42	1.0652
10.41	1.06566
10.4	1.06612
10.39	1.06657
10.38	1.06703
10.37	1.06749
10.36	1.06795
10.35	1.06841
10.34	1.06888
10.33	1.06934
10.32	1.06981
10.31	1.07027
10.3	1.07074
10.29	1.07121
10.28	1.07168
10.27	1.07215
10.26	1.07263
10.25	1.0731
10.24	1.07358
10.23	1.07405
10.22	1.07453
10.21	1.07501
10.2	1.07549
10.19	1.07598
10.18	1.07646
10.17	1.07694
10.16	1.07743
10.15	1.07792
10.14	1.07841
10.13	1.0789
10.12	1.07939
10.11	1.07988
10.1	1.08037
10.09	1.08087
10.08	1.08137
10.07	1.08187
10.06	1.08236
10.05	1.08287
10.04	1.08337
10.03	1.08387
10.02	1.08438
10.01	1.08488
10	1.08539
9.99	1.0859
9.98	1.08641
9.97	1.08692
9.96	1.08744
9.95	1.08795
9.94	1.08847
9.93	1.08899
9.92	1.08951
9.91	1.09003
9.9	1.09055
9.89	1.09107
9.88	1.0916
9.87	1.09213
9.86	1.09265
9.85	1.09318
9.84	1.09372
9.83	1.09425
9.82	1.09478
9.81	1.09532
9.8	1.09586
9.79	1.09639
9.78	1.09693
9.77	1.09748
9.76	1.09802
9.75	1.09857
9.74	1.09911
9.73	1.09966
9.72	1.10021
9.71	1.10076
9.7	1.10131
9.69	1.10187
9.68	1.10243
9.67	1.10298
9.66	1.10354
9.65	1.1041
9.64	1.10467
9.63	1.10523
9.62	1.1058
9.61	1.10636
9.6	1.10693
9.59	1.1075
9.58	1.10808
9.57	1.10865
9.56	1.10923
9.55	1.10981
9.54	1.11039
9.53	1.11097
9.52	1.11155
9.51	1.11213
9.5	1.11272
9.49	1.11331
9.48	1.1139
9.47	1.11449
9.46	1.11508
9.45	1.11568
9.44	1.11628
9.43	1.11687
9.42	1.11748
9.41	1.11808
9.4	1.11868
9.39	1.11929
9.38	1.1199
9.37	1.12051
9.36	1.12112
9.35	1.12173
9.34	1.12235
9.33	1.12296
9.32	1.12358
9.31	1.1242
9.3	1.12483
9.29	1.12545
9.28	1.12608
9.27	1.12671
9.26	1.12734
9.25	1.12797
9.24	1.1286
9.23	1.12924
9.22	1.12988
9.21	1.13052
9.2	1.13116
9.19	1.13181
9.18	1.13245
9.17	1.1331
9.16	1.13375
9.15	1.1344
9.14	1.13506
9.13	1.13572
9.12	1.13637
9.11	1.13704
9.1	1.1377
9.09	1.13836
9.08	1.13903
9.07	1.1397
9.06	1.14037
9.05	1.14104
9.04	1.14172
9.03	1.1424
9.02	1.14308
9.01	1.14376
9	1.14444
8.99	1.14513
8.98	1.14582
8.97	1.14651
8.96	1.1472
8.95	1.1479
8.94	1.1486
8.93	1.1493
8.92	1.15
8.91	1.1507
8.9	1.15141
8.89	1.15212
8.88	1.15283
8.87	1.15354
8.86	1.15426
8.85	1.15498
8.84	1.1557
8.83	1.15642
8.82	1.15715
8.81	1.15788
8.8	1.15861
8.79	1.15934
8.78	1.16007
8.77	1.16081
8.76	1.16155
8.75	1.16229
8.74	1.16304
8.73	1.16379
8.72	1.16454
8.71	1.16529
8.7	1.16605
8.69	1.1668
8.68	1.16756
8.67	1.16833
8.66	1.16909
8.65	1.16986
8.64	1.17063
8.63	1.1714
8.62	1.17218
8.61	1.17296
8.6	1.17374
8.59	1.17452
8.58	1.17531
8.57	1.1761
8.56	1.17689
8.55	1.17769
8.54	1.17848
8.53	1.17928
8.52	1.18009
8.51	1.18089
8.5	1.1817
8.49	1.18251
8.48	1.18333
8.47	1.18414
8.46	1.18496
8.45	1.18579
8.44	1.18661
8.43	1.18744
8.42	1.18827
8.41	1.18911
8.4	1.18994
8.39	1.19078
8.38	1.19163
8.37	1.19247
8.36	1.19332
8.35	1.19418
8.34	1.19503
8.33	1.19589
8.32	1.19675
8.31	1.19762
8.3	1.19848
8.29	1.19936
8.28	1.20023
8.27	1.20111
8.26	1.20199
8.25	1.20287
8.24	1.20376
8.23	1.20465
8.22	1.20554
8.21	1.20644
8.2	1.20734
8.19	1.20824
8.18	1.20915
8.17	1.21006
8.16	1.21097
8.15	1.21189
8.14	1.21281
8.13	1.21373
8.12	1.21466
8.11	1.21559
8.1	1.21652
8.09	1.21746
8.08	1.2184
8.07	1.21934
8.06	1.22029
8.05	1.22124
8.04	1.2222
8.03	1.22316
8.02	1.22412
8.01	1.22509
8	1.22606
7.99	1.22703
7.98	1.22801
7.97	1.22899
7.96	1.22997
7.95	1.23096
7.94	1.23195
7.93	1.23295
7.92	1.23395
7.91	1.23495
7.9	1.23596
7.89	1.23697
7.88	1.23798
7.87	1.239
7.86	1.24003
7.85	1.24105
7.84	1.24209
7.83	1.24312
7.82	1.24416
7.81	1.2452
7.8	1.24625
7.79	1.2473
7.78	1.24836
7.77	1.24942
7.76	1.25048
7.75	1.25155
7.74	1.25262
7.73	1.2537
7.72	1.25478
7.71	1.25587
7.7	1.25696
7.69	1.25805
7.68	1.25915
7.67	1.26025
7.66	1.26136
7.65	1.26248
7.64	1.26359
7.63	1.26471
7.62	1.26584
7.61	1.26697
7.6	1.2681
7.59	1.26924
7.58	1.27039
7.57	1.27154
7.56	1.27269
7.55	1.27385
7.54	1.27501
7.53	1.27618
7.52	1.27736
7.51	1.27853
7.5	1.27972
7.49	1.28091
7.48	1.2821
7.47	1.2833
7.46	1.2845
7.45	1.28571
7.44	1.28692
7.43	1.28814
7.42	1.28936
7.41	1.29059
7.4	1.29183
7.39	1.29307
7.38	1.29431
7.37	1.29556
7.36	1.29682
7.35	1.29808
7.34	1.29934
7.33	1.30061
7.32	1.30189
7.31	1.30317
7.3	1.30446
7.29	1.30576
7.28	1.30706
7.27	1.30836
7.26	1.30967
7.25	1.31099
7.24	1.31231
7.23	1.31364
7.22	1.31498
7.21	1.31632
7.2	1.31766
7.19	1.31901
7.18	1.32037
7.17	1.32174
7.16	1.32311
7.15	1.32448
7.14	1.32587
7.13	1.32726
7.12	1.32865
7.11	1.33005
7.1	1.33146
7.09	1.33288
7.08	1.3343
7.07	1.33573
7.06	1.33716
7.05	1.3386
7.04	1.34005
7.03	1.3415
7.02	1.34296
7.01	1.34443
7	1.3459
6.99	1.34739
6.98	1.34887
6.97	1.35037
6.96	1.35187
6.95	1.35338
6.94	1.3549
6.93	1.35642
6.92	1.35795
6.91	1.35949
6.9	1.36103
6.89	1.36259
6.88	1.36415
6.87	1.36571
6.86	1.36729
6.85	1.36887
6.84	1.37046
6.83	1.37206
6.82	1.37366
6.81	1.37528
6.8	1.3769
6.79	1.37853
6.78	1.38017
6.77	1.38181
6.76	1.38346
6.75	1.38513
6.74	1.38679
6.73	1.38847
6.72	1.39016
6.71	1.39185
6.7	1.39356
6.69	1.39527
6.68	1.39699
6.67	1.39872
6.66	1.40045
6.65	1.4022
6.64	1.40396
6.63	1.40572
6.62	1.40749
6.61	1.40927
6.6	1.41106
6.59	1.41286
6.58	1.41467
6.57	1.41649
6.56	1.41832
6.55	1.42016
6.54	1.422
6.53	1.42386
6.52	1.42573
6.51	1.4276
6.5	1.42949
6.49	1.43139
6.48	1.43329
6.47	1.43521
6.46	1.43713
6.45	1.43907
6.44	1.44101
6.43	1.44297
6.42	1.44494
6.41	1.44692
6.4	1.4489
6.39	1.4509
6.38	1.45291
6.37	1.45493
6.36	1.45696
6.35	1.45901
6.34	1.46106
6.33	1.46313
6.32	1.4652
6.31	1.46729
6.3	1.46939
6.29	1.4715
6.28	1.47362
6.27	1.47576
6.26	1.4779
6.25	1.48006
6.24	1.48223
6.23	1.48441
6.22	1.48661
6.21	1.48882
6.2	1.49103
6.19	1.49327
6.18	1.49551
6.17	1.49777
6.16	1.50004
6.15	1.50232
6.14	1.50462
6.13	1.50693
6.12	1.50925
6.11	1.51159
6.1	1.51394
6.09	1.5163
6.08	1.51868
6.07	1.52107
6.06	1.52348
6.05	1.5259
6.04	1.52833
6.03	1.53078
6.02	1.53325
6.01	1.53572
6	1.53822
5.99	1.54072
5.98	1.54325
5.97	1.54579
5.96	1.54834
5.95	1.55091
5.94	1.55349
5.93	1.55609
5.92	1.55871
5.91	1.56134
5.9	1.56399
5.89	1.56666
5.88	1.56934
5.87	1.57204
5.86	1.57475
5.85	1.57748
5.84	1.58023
5.83	1.583
5.82	1.58578
5.81	1.58858
5.8	1.5914
5.79	1.59424
5.78	1.5971
5.77	1.59997
5.76	1.60286
5.75	1.60577
5.74	1.6087
5.73	1.61165
5.72	1.61462
5.71	1.6176
5.7	1.62061
5.69	1.62364
5.68	1.62668
5.67	1.62975
5.66	1.63284
5.65	1.63595
5.64	1.63907
5.63	1.64222
5.62	1.64539
5.61	1.64858
5.6	1.6518
5.59	1.65503
5.58	1.65829
5.57	1.66157
5.56	1.66487
5.55	1.66819
5.54	1.67154
5.53	1.67491
5.52	1.67831
5.51	1.68172
5.5	1.68517
5.49	1.68863
5.48	1.69212
5.47	1.69564
5.46	1.69918
5.45	1.70274
5.44	1.70633
5.43	1.70995
5.42	1.71359
5.41	1.71726
5.4	1.72095
5.39	1.72467
5.38	1.72842
5.37	1.7322
5.36	1.736
5.35	1.73983
5.34	1.74369
5.33	1.74758
5.32	1.7515
5.31	1.75545
5.3	1.75942
5.29	1.76343
5.28	1.76747
5.27	1.77153
5.26	1.77563
5.25	1.77976
5.24	1.78392
5.23	1.78812
5.22	1.79234
5.21	1.7966
5.2	1.80089
5.19	1.80522
5.18	1.80958
5.17	1.81397
5.16	1.8184
5.15	1.82286
5.14	1.82736
5.13	1.8319
5.12	1.83647
5.11	1.84108
5.1	1.84572
5.09	1.8504
5.08	1.85513
5.07	1.85989
5.06	1.86469
5.05	1.86953
5.04	1.87441
5.03	1.87933
5.02	1.88429
5.01	1.88929
5	1.89433
4.99	1.89942
4.98	1.90455
4.97	1.90973
4.96	1.91495
4.95	1.92021
4.94	1.92552
4.93	1.93088
4.92	1.93628
4.91	1.94173
4.9	1.94723
4.89	1.95278
4.88	1.95837
4.87	1.96402
4.86	1.96971
4.85	1.97546
4.84	1.98126
4.83	1.98711
4.82	1.99302
4.81	1.99898
4.8	2.005
4.79	2.01107
4.78	2.01719
4.77	2.02338
4.76	2.02962
4.75	2.03592
4.74	2.04228
4.73	2.04871
4.72	2.05519
4.71	2.06174
4.7	2.06834
4.69	2.07502
4.68	2.08176
4.67	2.08856
4.66	2.09543
4.65	2.10237
4.64	2.10938
4.63	2.11646
4.62	2.12361
4.61	2.13084
4.6	2.13813
4.59	2.1455
4.58	2.15295
4.57	2.16047
4.56	2.16808
4.55	2.17576
4.54	2.18352
4.53	2.19137
4.52	2.19929
4.51	2.20731
4.5	2.2154
4.49	2.22359
4.48	2.23187
4.47	2.24023
4.46	2.24869
4.45	2.25724
4.44	2.26589
4.43	2.27463
4.42	2.28347
4.41	2.29242
4.4	2.30146
4.39	2.31061
4.38	2.31986
4.37	2.32922
4.36	2.33869
4.35	2.34828
4.34	2.35797
4.33	2.36778
4.32	2.37771
4.31	2.38776
4.3	2.39793
4.29	2.40823
4.28	2.41865
4.27	2.4292
4.26	2.43989
4.25	2.4507
4.24	2.46166
4.23	2.47275
4.22	2.48399
4.21	2.49538
4.2	2.50691
4.19	2.51859
4.18	2.53043
4.17	2.54242
4.16	2.55458
4.15	2.5669
4.14	2.57939
4.13	2.59206
4.12	2.60489
4.11	2.61791
4.1	2.63111
4.09	2.6445
4.08	2.65808
4.07	2.67186
4.06	2.68584
4.05	2.70002
4.04	2.71442
4.03	2.72903
4.02	2.74386
4.01	2.75891
4	2.7742
3.99	2.78973
3.98	2.8055
3.97	2.82152
3.96	2.83779
3.95	2.85433
3.94	2.87114
3.93	2.88823
3.92	2.9056
3.91	2.92326
3.9	2.94122
3.89	2.95949
3.88	2.97808
3.87	2.997
3.86	3.01625
3.85	3.03585
3.84	3.05581
3.83	3.07613
3.82	3.09683
3.81	3.11793
3.8	3.13942
3.79	3.16133
3.78	3.18367
3.77	3.20646
3.76	3.2297
3.75	3.25342
3.74	3.27763
3.73	3.30235
3.72	3.32759
3.71	3.35338
3.7	3.37974
3.69	3.40669
3.68	3.43424
3.67	3.46243
3.66	3.49128
3.65	3.52081
3.64	3.55107
3.63	3.58206
3.62	3.61384
3.61	3.64642
3.6	3.67986
3.59	3.71418
3.58	3.74944
3.57	3.78567
3.56	3.82292
3.55	3.86125
3.54	3.90072
3.53	3.94137
3.52	3.98329
3.51	4.02653
3.5	4.07118
3.49	4.11732
3.48	4.16504
3.47	4.21445
3.46	4.26564
3.45	4.31876
3.44	4.37392
3.43	4.43127
3.42	4.49099
3.41	4.55326
3.4	4.61829
3.39	4.6863
3.38	4.75756
3.37	4.83238
3.36	4.9111
3.35	4.99412
3.34	5.0819
3.33	5.17498
3.32	5.274
3.31	5.37972
3.3	5.49306
3.29	5.61514
3.28	5.74735
3.27	5.89144
3.26	6.04964
3.25	6.2249
3.24	6.42119
3.23	6.64406
3.22	6.90157
3.21	7.20614
3.2	7.57837
3.19	8.05625
3.18	8.72284
3.17	9.82811
3.16	13.7441
-3.16	13.7441
-3.17	9.82811
-3.18	8.72284
-3.19	8.05625
-3.2	7.57837
-3.21	7.20614
-3.22	6.90157
-3.23	6.64406
-3.24	6.42119
-3.25	6.2249
-3.26	6.04964
-3.27	5.89144
-3.28	5.74735
-3.29	5.61514
-3.3	5.49306
-3.31	5.37972
-3.32	5.274
-3.33	5.17498
-3.34	5.0819
-3.35	4.99412
-3.36	4.9111
-3.37	4.83238
-3.38	4.75756
-3.39	4.6863
-3.4	4.61829
-3.41	4.55326
-3.42	4.49099
-3.43	4.43127
-3.44	4.37392
-3.45	4.31876
-3.46	4.26564
-3.47	4.21445
-3.48	4.16504
-3.49	4.11732
-3.5	4.07118
-3.51	4.02653
-3.52	3.98329
-3.53	3.94137
-3.54	3.90072
-3.55	3.86125
-3.56	3.82292
-3.57	3.78567
-3.58	3.74944
-3.59	3.71418
-3.6	3.67986
-3.61	3.64642
-3.62	3.61384
-3.63	3.58206
-3.64	3.55107
-3.65	3.52081
-3.66	3.49128
-3.67	3.46243
-3.68	3.43424
-3.69	3.40669
-3.7	3.37974
-3.71	3.35338
-3.72	3.32759
-3.73	3.30235
-3.74	3.27763
-3.75	3.25342
-3.76	3.2297
-3.77	3.20646
-3.78	3.18367
-3.79	3.16133
-3.8	3.13942
-3.81	3.11793
-3.82	3.09683
-3.83	3.07613
-3.84	3.05581
-3.85	3.03585
-3.86	3.01625
-3.87	2.997
-3.88	2.97808
-3.89	2.95949
-3.9	2.94122
-3.91	2.92326
-3.92	2.9056
-3.93	2.88823
-3.94	2.87114
-3.95	2.85433
-3.96	2.83779
-3.97	2.82152
-3.98	2.8055
-3.99	2.78973
-4	2.7742
-4.01	2.75891
-4.02	2.74386
-4.03	2.72903
-4.04	2.71442
-4.05	2.70002
-4.06	2.68584
-4.07	2.67186
-4.08	2.65808
-4.09	2.6445
-4.1	2.63111
-4.11	2.61791
-4.12	2.60489
-4.13	2.59206
-4.14	2.57939
-4.15	2.5669
-4.16	2.55458
-4.17	2.54242
-4.18	2.53043
-4.19	2.51859
-4.2	2.50691
-4.21	2.49538
-4.22	2.48399
-4.23	2.47275
-4.24	2.46166
-4.25	2.4507
-4.26	2.43989
-4.27	2.4292
-4.28	2.41865
-4.29	2.40823
-4.3	2.39793
-4.31	2.38776
-4.32	2.37771
-4.33	2.36778
-4.34	2.35797
-4.35	2.34828
-4.36	2.33869
-4.37	2.32922
-4.38	2.31986
-4.39	2.31061
-4.4	2.30146
-4.41	2.29242
-4.42	2.28347
-4.43	2.27463
-4.44	2.26589
-4.45	2.25724
-4.46	2.24869
-4.47	2.24023
-4.48	2.23187
-4.49	2.22359
-4.5	2.2154
-4.51	2.20731
-4.52	2.19929
-4.53	2.19137
-4.54	2.18352
-4.55	2.17576
-4.56	2.16808
-4.57	2.16047
-4.58	2.15295
-4.59	2.1455
-4.6	2.13813
-4.61	2.13084
-4.62	2.12361
-4.63	2.11646
-4.64	2.10938
-4.65	2.10237
-4.66	2.09543
-4.67	2.08856
-4.68	2.08176
-4.69	2.07502
-4.7	2.06834
-4.71	2.06174
-4.72	2.05519
-4.73	2.04871
-4.74	2.04228
-4.75	2.03592
-4.76	2.02962
-4.77	2.02338
-4.78	2.01719
-4.79	2.01107
-4.8	2.005
-4.81	1.99898
-4.82	1.99302
-4.83	1.98711
-4.84	1.98126
-4.85	1.97546
-4.86	1.96971
-4.87	1.96402
-4.88	1.95837
-4.89	1.95278
-4.9	1.94723
-4.91	1.94173
-4.92	1.93628
-4.93	1.93088
-4.94	1.92552
-4.95	1.92021
-4.96	1.91495
-4.97	1.90973
-4.98	1.90455
-4.99	1.89942
-5	1.89433
-5.01	1.88929
-5.02	1.88429
-5.03	1.87933
-5.04	1.87441
-5.05	1.86953
-5.06	1.86469
-5.07	1.85989
-5.08	1.85513
-5.09	1.8504
-5.1	1.84572
-5.11	1.84108
-5.12	1.83647
-5.13	1.8319
-5.14	1.82736
-5.15	1.82286
-5.16	1.8184
-5.17	1.81397
-5.18	1.80958
-5.19	1.80522
-5.2	1.80089
-5.21	1.7966
-5.22	1.79234
-5.23	1.78812
-5.24	1.78392
-5.25	1.77976
-5.26	1.77563
-5.27	1.77153
-5.28	1.76747
-5.29	1.76343
-5.3	1.75942
-5.31	1.75545
-5.32	1.7515
-5.33	1.74758
-5.34	1.74369
-5.35	1.73983
-5.36	1.736
-5.37	1.7322
-5.38	1.72842
-5.39	1.72467
-5.4	1.72095
-5.41	1.71726
-5.42	1.71359
-5.43	1.70995
-5.44	1.70633
-5.45	1.70274
-5.46	1.69918
-5.47	1.69564
-5.48	1.69212
-5.49	1.68863
-5.5	1.68517
-5.51	1.68172
-5.52	1.67831
-5.53	1.67491
-5.54	1.67154
-5.55	1.66819
-5.56	1.66487
-5.57	1.66157
-5.58	1.65829
-5.59	1.65503
-5.6	1.6518
-5.61	1.64858
-5.62	1.64539
-5.63	1.64222
-5.64	1.63907
-5.65	1.63595
-5.66	1.63284
-5.67	1.62975
-5.68	1.62668
-5.69	1.62364
-5.7	1.62061
-5.71	1.6176
-5.72	1.61462
-5.73	1.61165
-5.74	1.6087
-5.75	1.60577
-5.76	1.60286
-5.77	1.59997
-5.78	1.5971
-5.79	1.59424
-5.8	1.5914
-5.81	1.58858
-5.82	1.58578
-5.83	1.583
-5.84	1.58023
-5.85	1.57748
-5.86	1.57475
-5.87	1.57204
-5.88	1.56934
-5.89	1.56666
-5.9	1.56399
-5.91	1.56134
-5.92	1.55871
-5.93	1.55609
-5.94	1.55349
-5.95	1.55091
-5.96	1.54834
-5.97	1.54579
-5.98	1.54325
-5.99	1.54072
-6	1.53822
-6.01	1.53572
-6.02	1.53325
-6.03	1.53078
-6.04	1.52833
-6.05	1.5259
-6.06	1.52348
-6.07	1.52107
-6.08	1.51868
-6.09	1.5163
-6.1	1.51394
-6.11	1.51159
-6.12	1.50925
-6.13	1.50693
-6.14	1.50462
-6.15	1.50232
-6.16	1.50004
-6.17	1.49777
-6.18	1.49551
-6.19	1.49327
-6.2	1.49103
-6.21	1.48882
-6.22	1.48661
-6.23	1.48441
-6.24	1.48223
-6.25	1.48006
-6.26	1.4779
-6.27	1.47576
-6.28	1.47362
-6.29	1.4715
-6.3	1.46939
-6.31	1.46729
-6.32	1.4652
-6.33	1.46313
-6.34	1.46106
-6.35	1.45901
-6.36	1.45696
-6.37	1.45493
-6.38	1.45291
-6.39	1.4509
-6.4	1.4489
-6.41	1.44692
-6.42	1.44494
-6.43	1.44297
-6.44	1.44101
-6.45	1.43907
-6.46	1.43713
-6.47	1.43521
-6.48	1.43329
-6.49	1.43139
-6.5	1.42949
-6.51	1.4276
-6.52	1.42573
-6.53	1.42386
-6.54	1.422
-6.55	1.42016
-6.56	1.41832
-6.57	1.41649
-6.58	1.41467
-6.59	1.41286
-6.6	1.41106
-6.61	1.40927
-6.62	1.40749
-6.63	1.40572
-6.64	1.40396
-6.65	1.4022
-6.66	1.40045
-6.67	1.39872
-6.68	1.39699
-6.69	1.39527
-6.7	1.39356
-6.71	1.39185
-6.72	1.39016
-6.73	1.38847
-6.74	1.38679
-6.75	1.38513
-6.76	1.38346
-6.77	1.38181
-6.78	1.38017
-6.79	1.37853
-6.8	1.3769
-6.81	1.37528
-6.82	1.37366
-6.83	1.37206
-6.84	1.37046
-6.85	1.36887
-6.86	1.36729
-6.87	1.36571
-6.88	1.36415
-6.89	1.36259
-6.9	1.36103
-6.91	1.35949
-6.92	1.35795
-6.93	1.35642
-6.94	1.3549
-6.95	1.35338
-6.96	1.35187
-6.97	1.35037
-6.98	1.34887
-6.99	1.34739
-7	1.3459
-7.01	1.34443
-7.02	1.34296
-7.03	1.3415
-7.04	1.34005
-7.05	1.3386
-7.06	1.33716
-7.07	1.33573
-7.08	1.3343
-7.09	1.33288
-7.1	1.33146
-7.11	1.33005
-7.12	1.32865
-7.13	1.32726
-7.14	1.32587
-7.15	1.32448
-7.16	1.32311
-7.17	1.32174
-7.18	1.32037
-7.19	1.31901
-7.2	1.31766
-7.21	1.31632
-7.22	1.31498
-7.23	1.31364
-7.24	1.31231
-7.25	1.31099
-7.26	1.30967
-7.27	1.30836
-7.28	1.30706
-7.29	1.30576
-7.3	1.30446
-7.31	1.30317
-7.32	1.30189
-7.33	1.30061
-7.34	1.29934
-7.35	1.29808
-7.36	1.29682
-7.37	1.29556
-7.38	1.29431
-7.39	1.29307
-7.4	1.29183
-7.41	1.29059
-7.42	1.28936
-7.43	1.28814
-7.44	1.28692
-7.45	1.28571
-7.46	1.2845
-7.47	1.2833
-7.48	1.2821
-7.49	1.28091
-7.5	1.27972
-7.51	1.27853
-7.52	1.27736
-7.53	1.27618
-7.54	1.27501
-7.55	1.27385
-7.56	1.27269
-7.57	1.27154
-7.58	1.27039
-7.59	1.26924
-7.6	1.2681
-7.61	1.26697
-7.62	1.26584
-7.63	1.26471
-7.64	1.26359
-7.65	1.26248
-7.66	1.26136
-7.67	1.26025
-7.68	1.25915
-7.69	1.25805
-7.7	1.25696
-7.71	1.25587
-7.72	1.25478
-7.73	1.2537
-7.74	1.25262
-7.75	1.25155
-7.76	1.25048
-7.77	1.24942
-7.78	1.24836
-7.79	1.2473
-7.8	1.24625
-7.81	1.2452
-7.82	1.24416
-7.83	1.24312
-7.84	1.24209
-7.85	1.24105
-7.86	1.24003
-7.87	1.239
-7.88	1.23798
-7.89	1.23697
-7.9	1.23596
-7.91	1.23495
-7.92	1.23395
-7.93	1.23295
-7.94	1.23195
-7.95	1.23096
-7.96	1.22997
-7.97	1.22899
-7.98	1.22801
-7.99	1.22703
-8	1.22606
-8.01	1.22509
-8.02	1.22412
-8.03	1.22316
-8.04	1.2222
-8.05	1.22124
-8.06	1.22029
-8.07	1.21934
-8.08	1.2184
-8.09	1.21746
-8.1	1.21652
-8.11	1.21559
-8.12	1.21466
-8.13	1.21373
-8.14	1.21281
-8.15	1.21189
-8.16	1.21097
-8.17	1.21006
-8.18	1.20915
-8.19	1.20824
-8.2	1.20734
-8.21	1.20644
-8.22	1.20554
-8.23	1.20465
-8.24	1.20376
-8.25	1.20287
-8.26	1.20199
-8.27	1.20111
-8.28	1.20023
-8.29	1.19936
-8.3	1.19848
-8.31	1.19762
-8.32	1.19675
-8.33	1.19589
-8.34	1.19503
-8.35	1.19418
-8.36	1.19332
-8.37	1.19247
-8.38	1.19163
-8.39	1.19078
-8.4	1.18994
-8.41	1.18911
-8.42	1.18827
-8.43	1.18744
-8.44	1.18661
-8.45	1.18579
-8.46	1.18496
-8.47	1.18414
-8.48	1.18333
-8.49	1.18251
-8.5	1.1817
-8.51	1.18089
-8.52	1.18009
-8.53	1.17928
-8.54	1.17848
-8.55	1.17769
-8.56	1.17689
-8.57	1.1761
-8.58	1.17531
-8.59	1.17452
-8.6	1.17374
-8.61	1.17296
-8.62	1.17218
-8.63	1.1714
-8.64	1.17063
-8.65	1.16986
-8.66	1.16909
-8.67	1.16833
-8.68	1.16756
-8.69	1.1668
-8.7	1.16605
-8.71	1.16529
-8.72	1.16454
-8.73	1.16379
-8.74	1.16304
-8.75	1.16229
-8.76	1.16155
-8.77	1.16081
-8.78	1.16007
-8.79	1.15934
-8.8	1.15861
-8.81	1.15788
-8.82	1.15715
-8.83	1.15642
-8.84	1.1557
-8.85	1.15498
-8.86	1.15426
-8.87	1.15354
-8.88	1.15283
-8.89	1.15212
-8.9	1.15141
-8.91	1.1507
-8.92	1.15
-8.93	1.1493
-8.94	1.1486
-8.95	1.1479
-8.96	1.1472
-8.97	1.14651
-8.98	1.14582
-8.99	1.14513
-9	1.14444
-9.01	1.14376
-9.02	1.14308
-9.03	1.1424
-9.04	1.14172
-9.05	1.14104
-9.06	1.14037
-9.07	1.1397
-9.08	1.13903
-9.09	1.13836
-9.1	1.1377
-9.11	1.13704
-9.12	1.13637
-9.13	1.13572
-9.14	1.13506
-9.15	1.1344
-9.16	1.13375
-9.17	1.1331
-9.18	1.13245
-9.19	1.13181
-9.2	1.13116
-9.21	1.13052
-9.22	1.12988
-9.23	1.12924
-9.24	1.1286
-9.25	1.12797
-9.26	1.12734
-9.27	1.12671
-9.28	1.12608
-9.29	1.12545
-9.3	1.12483
-9.31	1.1242
-9.32	1.12358
-9.33	1.12296
-9.34	1.12235
-9.35	1.12173
-9.36	1.12112
-9.37	1.12051
-9.38	1.1199
-9.39	1.11929
-9.4	1.11868
-9.41	1.11808
-9.42	1.11748
-9.43	1.11687
-9.44	1.11628
-9.45	1.11568
-9.46	1.11508
-9.47	1.11449
-9.48	1.1139
-9.49	1.11331
-9.5	1.11272
-9.51	1.11213
-9.52	1.11155
-9.53	1.11097
-9.54	1.11039
-9.55	1.10981
-9.56	1.10923
-9.57	1.10865
-9.58	1.10808
-9.59	1.1075
-9.6	1.10693
-9.61	1.10636
-9.62	1.1058
-9.63	1.10523
-9.64	1.10467
-9.65	1.1041
-9.66	1.10354
-9.67	1.10298
-9.68	1.10243
-9.69	1.10187
-9.7	1.10131
-9.71	1.10076
-9.72	1.10021
-9.73	1.09966
-9.74	1.09911
-9.75	1.09857
-9.76	1.09802
-9.77	1.09748
-9.78	1.09693
-9.79	1.09639
-9.8	1.09586
-9.81	1.09532
-9.82	1.09478
-9.83	1.09425
-9.84	1.09372
-9.85	1.09318
-9.86	1.09265
-9.87	1.09213
-9.88	1.0916
-9.89	1.09107
-9.9	1.09055
-9.91	1.09003
-9.92	1.08951
-9.93	1.08899
-9.94	1.08847
-9.95	1.08795
-9.96	1.08744
-9.97	1.08692
-9.98	1.08641
-9.99	1.0859
-10	1.08539
-10.01	1.08488
-10.02	1.08438
-10.03	1.08387
-10.04	1.08337
-10.05	1.08287
-10.06	1.08236
-10.07	1.08187
-10.08	1.08137
-10.09	1.08087
-10.1	1.08037
-10.11	1.07988
-10.12	1.07939
-10.13	1.0789
-10.14	1.07841
-10.15	1.07792
-10.16	1.07743
-10.17	1.07694
-10.18	1.07646
-10.19	1.07598
-10.2	1.07549
-10.21	1.07501
-10.22	1.07453
-10.23	1.07405
-10.24	1.07358
-10.25	1.0731
-10.26	1.07263
-10.27	1.07215
-10.28	1.07168
-10.29	1.07121
-10.3	1.07074
-10.31	1.07027
-10.32	1.06981
-10.33	1.06934
-10.34	1.06888
-10.35	1.06841
-10.36	1.06795
-10.37	1.06749
-10.38	1.06703
-10.39	1.06657
-10.4	1.06612
-10.41	1.06566
-10.42	1.0652
-10.43	1.06475
-10.44	1.0643
-10.45	1.06385
-10.46	1.0634
-10.47	1.06295
-10.48	1.0625
-10.49	1.06205
-10.5	1.06161
-10.51	1.06117
-10.52	1.06072
-10.53	1.06028
-10.54	1.05984
-10.55	1.0594
-10.56	1.05896
-10.57	1.05852
-10.58	1.05809
-10.59	1.05765
-10.6	1.05722
-10.61	1.05679
-10.62	1.05635
-10.63	1.05592
-10.64	1.05549
-10.65	1.05507
-10.66	1.05464
-10.67	1.05421
-10.68	1.05379
-10.69	1.05336
-10.7	1.05294
-10.71	1.05252
-10.72	1.0521
-10.73	1.05168
-10.74	1.05126
-10.75	1.05084
-10.76	1.05042
-10.77	1.05001
-10.78	1.04959
-10.79	1.04918
-10.8	1.04877
-10.81	1.04836
-10.82	1.04795
-10.83	1.04754
-10.84	1.04713
-10.85	1.04672
-10.86	1.04631
-10.87	1.04591
-10.88	1.0455
-10.89	1.0451
-10.9	1.0447
-10.91	1.0443
-10.92	1.0439
-10.93	1.0435
-10.94	1.0431
-10.95	1.0427
-10.96	1.04231
-10.97	1.04191
-10.98	1.04152
-10.99	1.04112
-11	1.04073
-11.01	1.04034
-11.02	1.03995
-11.03	1.03956
-11.04	1.03917
-11.05	1.03878
-11.06	1.03839
-11.07	1.03801
-11.08	1.03762
-11.09	1.03724
-11.1	1.03686
-11.11	1.03647
-11.12	1.03609
-11.13	1.03571
-11.14	1.03533
-11.15	1.03495
-11.16	1.03458
-11.17	1.0342
-11.18	1.03382
-11.19	1.03345
-11.2	1.03307
-11.21	1.0327
-11.22	1.03233
-11.23	1.03196
-11.24	1.03159
-11.25	1.03122
-11.26	1.03085
-11.27	1.03048
-11.28	1.03011
-11.29	1.02975
-11.3	1.02938
-11.31	1.02902
-11.32	1.02866
-11.33	1.02829
-11.34	1.02793
-11.35	1.02757
-11.36	1.02721
-11.37	1.02685
-11.38	1.02649
-11.39	1.02613
-11.4	1.02578
-11.41	1.02542
-11.42	1.02507
-11.43	1.02471
-11.44	1.02436
-11.45	1.02401
-11.46	1.02365
-11.47	1.0233
-11.48	1.02295
-11.49	1.0226
-11.5	1.02225
-11.51	1.02191
-11.52	1.02156
-11.53	1.02121
-11.54	1.02087
-11.55	1.02052
-11.56	1.02018
-11.57	1.01984
-11.58	1.01949
-11.59	1.01915
-11.6	1.01881
-11.61	1.01847
-11.62	1.01813
-11.63	1.01779
-11.64	1.01746
-11.65	1.01712
-11.66	1.01678
-11.67	1.01645
-11.68	1.01611
-11.69	1.01578
-11.7	1.01545
-11.71	1.01512
-11.72	1.01478
-11.73	1.01445
-11.74	1.01412
-11.75	1.01379
-11.76	1.01347
-11.77	1.01314
-11.78	1.01281
-11.79	1.01248
-11.8	1.01216
-11.81	1.01183
-11.82	1.01151
-11.83	1.01119
-11.84	1.01086
-11.85	1.01054
-11.86	1.01022
-11.87	1.0099
-11.88	1.00958
-11.89	1.00926
-11.9	1.00894
-11.91	1.00862
-11.92	1.00831
-11.93	1.00799
-11.94	1.00767
-11.95	1.00736
-11.96	1.00704
-11.97	1.00673
-11.98	1.00642
-11.99	1.00611
-12	1.00579
-12.01	1.00548
-12.02	1.00517
-12.03	1.00486
-12.04	1.00455
-12.05	1.00425
-12.06	1.00394
-12.07	1.00363
-12.08	1.00333
-12.09	1.00302
-12.1	1.00272
-12.11	1.00241
-12.12	1.00211
-12.13	1.0018
-12.14	1.0015
-12.15	1.0012
-12.16	1.0009
-12.17	1.0006
-12.18	1.0003
-12.19	1
-12.2	0.999702
-12.21	0.999404
-12.22	0.999107
-12.23	0.998811
-12.24	0.998515
-12.25	0.99822
-12.26	0.997925
-12.27	0.997631
-12.28	0.997338
-12.29	0.997045
-12.3	0.996753
-12.31	0.996461
-12.32	0.99617
-12.33	0.99588
-12.34	0.99559
-12.35	0.995301
-12.36	0.995013
-12.37	0.994725
-12.38	0.994438
-12.39	0.994151
-12.4	0.993865
-12.41	0.99358
-12.42	0.993295
-12.43	0.993011
-12.44	0.992727
-12.45	0.992444
-12.46	0.992161
-12.47	0.991879
-12.48	0.991598
-12.49	0.991317
-12.5	0.991037
-12.51	0.990758
-12.52	0.990479
-12.53	0.9902
-12.54	0.989922
-12.55	0.989645
-12.56	0.989368
-12.57	0.989092
-12.58	0.988817
-12.59	0.988542
-12.6	0.988267
-12.61	0.987993
-12.62	0.98772
-12.63	0.987447
-12.64	0.987175
-12.65	0.986904
-12.66	0.986633
-12.67	0.986362
-12.68	0.986092
-12.69	0.985823
-12.7	0.985554
-12.71	0.985285
-12.72	0.985018
-12.73	0.98475
-12.74	0.984484
-12.75	0.984217
-12.76	0.983952
-12.77	0.983687
-12.78	0.983422
-12.79	0.983158
-12.8	0.982895
-12.81	0.982632
-12.82	0.982369
-12.83	0.982107
-12.84	0.981846
-12.85	0.981585
-12.86	0.981325
-12.87	0.981065
-12.88	0.980806
-12.89	0.980547
-12.9	0.980288
-12.91	0.980031
-12.92	0.979773
-12.93	0.979517
-12.94	0.97926
-12.95	0.979005
-12.96	0.978749
-12.97	0.978495
-12.98	0.978241
-12.99	0.977987
-13	0.977734
-13.01	0.977481
-13.02	0.977229
-13.03	0.976977
-13.04	0.976726
-13.05	0.976475
-13.06	0.976225
-13.07	0.975975
-13.08	0.975726
-13.09	0.975477
-13.1	0.975229
-13.11	0.974981
-13.12	0.974734
-13.13	0.974487
-13.14	0.97424
-13.15	0.973994
-13.16	0.973749
-13.17	0.973504
-13.18	0.97326
-13.19	0.973016
-13.2	0.972772
-13.21	0.972529
-13.22	0.972287
-13.23	0.972044
-13.24	0.971803
-13.25	0.971562
-13.26	0.971321
-13.27	0.971081
-13.28	0.970841
-13.29	0.970602
-13.3	0.970363
-13.31	0.970124
-13.32	0.969886
-13.33	0.969649
-13.34	0.969412
-13.35	0.969175
-13.36	0.968939
-13.37	0.968703
-13.38	0.968468
-13.39	0.968233
-13.4	0.967999
-13.41	0.967765
-13.42	0.967532
-13.43	0.967299
-13.44	0.967066
-13.45	0.966834
-13.46	0.966602
-13.47	0.966371
-13.48	0.96614
-13.49	0.96591
-13.5	0.96568
-13.51	0.96545
-13.52	0.965221
-13.53	0.964992
-13.54	0.964764
-13.55	0.964536
-13.56	0.964309
-13.57	0.964082
-13.58	0.963855
-13.59	0.963629
-13.6	0.963404
-13.61	0.963178
-13.62	0.962954
-13.63	0.962729
-13.64	0.962505
-13.65	0.962281
-13.66	0.962058
-13.67	0.961835
-13.68	0.961613
-13.69	0.961391
-13.7	0.96117
-13.71	0.960948
-13.72	0.960728
-13.73	0.960507
-13.74	0.960287
-13.75	0.960068
-13.76	0.959849
-13.77	0.95963
-13.78	0.959412
-13.79	0.959194
-13.8	0.958976
-13.81	0.958759
-13.82	0.958543
-13.83	0.958326
-13.84	0.95811
-13.85	0.957895
-13.86	0.95768
-13.87	0.957465
-13.88	0.95725
-13.89	0.957036
-13.9	0.956823
-13.91	0.95661
-13.92	0.956397
-13.93	0.956184
-13.94	0.955972
-13.95	0.955761
-13.96	0.955549
-13.97	0.955339
-13.98	0.955128
-13.99	0.954918
-14	0.954708
-14.01	0.954499
-14.02	0.95429
-14.03	0.954081
-14.04	0.953873
-14.05	0.953665
-14.06	0.953457
-14.07	0.95325
-14.08	0.953043
-14.09	0.952837
-14.1	0.952631
-14.11	0.952425
-14.12	0.95222
-14.13	0.952015
-14.14	0.95181
-14.15	0.951606
-14.16	0.951402
-14.17	0.951199
-14.18	0.950996
-14.19	0.950793
-14.2	0.950591
-14.21	0.950388
-14.22	0.950187
-14.23	0.949985
-14.24	0.949784
-14.25	0.949584
-14.26	0.949383
-14.27	0.949184
-14.28	0.948984
-14.29	0.948785
-14.3	0.948586
-14.31	0.948387
-14.32	0.948189
-14.33	0.947991
-14.34	0.947794
-14.35	0.947597
-14.36	0.9474
-14.37	0.947203
-14.38	0.947007
-14.39	0.946811
-14.4	0.946616
-14.41	0.946421
-14.42	0.946226
-14.43	0.946032
-14.44	0.945837
-14.45	0.945644
-14.46	0.94545
-14.47	0.945257
-14.48	0.945064
-14.49	0.944872
-14.5	0.94468
-14.51	0.944488
-14.52	0.944297
-14.53	0.944105
-14.54	0.943915
-14.55	0.943724
-14.56	0.943534
-14.57	0.943344
-14.58	0.943155
-14.59	0.942966
-14.6	0.942777
-14.61	0.942588
-14.62	0.9424
-14.63	0.942212
-14.64	0.942025
-14.65	0.941837
-14.66	0.94165
-14.67	0.941464
-14.68	0.941278
-14.69	0.941092
-14.7	0.940906
-14.71	0.940721
-14.72	0.940536
-14.73	0.940351
-14.74	0.940166
-14.75	0.939982
-14.76	0.939799
-14.77	0.939615
-14.78	0.939432
-14.79	0.939249
-14.8	0.939066
-14.81	0.938884
-14.82	0.938702
-14.83	0.938521
-14.84	0.938339
-14.85	0.938158
-14.86	0.937978
-14.87	0.937797
-14.88	0.937617
-14.89	0.937437
-14.9	0.937258
-14.91	0.937078
-14.92	0.936899
-14.93	0.936721
-14.94	0.936543
-14.95	0.936364
-14.96	0.936187
-14.97	0.936009
-14.98	0.935832
-14.99	0.935655
-15	0.935479
-15.01	0.935302
-15.02	0.935126
-15.03	0.934951
-15.04	0.934775
-15.05	0.9346
-15.06	0.934425
-15.07	0.934251
-15.08	0.934076
-15.09	0.933903
-15.1	0.933729
-15.11	0.933555
-15.12	0.933382
-15.13	0.933209
-15.14	0.933037
-15.15	0.932865
-15.16	0.932693
-15.17	0.932521
-15.18	0.932349
-15.19	0.932178
-15.2	0.932007
-15.21	0.931837
-15.22	0.931666
-15.23	0.931496
-15.24	0.931327
-15.25	0.931157
-15.26	0.930988
-15.27	0.930819
-15.28	0.93065
-15.29	0.930482
-15.3	0.930314
-15.31	0.930146
-15.32	0.929978
-15.33	0.929811
-15.34	0.929644
-15.35	0.929477
-15.36	0.92931
-15.37	0.929144
-15.38	0.928978
-15.39	0.928812
-15.4	0.928647
-15.41	0.928482
-15.42	0.928317
-15.43	0.928152
-15.44	0.927988
-15.45	0.927824
-15.46	0.92766
-15.47	0.927496
-15.48	0.927333
-15.49	0.92717
-15.5	0.927007
-15.51	0.926844
-15.52	0.926682
-15.53	0.92652
-15.54	0.926358
-15.55	0.926196
-15.56	0.926035
-15.57	0.925874
-15.58	0.925713
-15.59	0.925553
-15.6	0.925392
-15.61	0.925232
-15.62	0.925072
-15.63	0.924913
-15.64	0.924754
-15.65	0.924595
-15.66	0.924436
-15.67	0.924277
-15.68	0.924119
-15.69	0.923961
-15.7	0.923803
-15.71	0.923646
-15.72	0.923488
-15.73	0.923331
-15.74	0.923174
-15.75	0.923018
-15.76	0.922861
-15.77	0.922705
-15.78	0.922549
-15.79	0.922394
-15.8	0.922239
-15.81	0.922083
-15.82	0.921928
-15.83	0.921774
-15.84	0.921619
-15.85	0.921465
-15.86	0.921311
-15.87	0.921158
-15.88	0.921004
-15.89	0.920851
-15.9	0.920698
-15.91	0.920545
-15.92	0.920393
-15.93	0.92024
-15.94	0.920088
-15.95	0.919937
-15.96	0.919785
-15.97	0.919634
-15.98	0.919482
-15.99	0.919332
-16	0.919181
-16.01	0.91903
-16.02	0.91888
-16.03	0.91873
-16.04	0.918581
-16.05	0.918431
-16.06	0.918282
-16.07	0.918133
-16.08	0.917984
-16.09	0.917835
-16.1	0.917687
-16.11	0.917539
-16.12	0.917391
-16.13	0.917243
-16.14	0.917096
-16.15	0.916948
-16.16	0.916801
-16.17	0.916654
-16.18	0.916508
-16.19	0.916361
-16.2	0.916215
-16.21	0.916069
-16.22	0.915924
-16.23	0.915778
-16.24	0.915633
-16.25	0.915488
-16.26	0.915343
-16.27	0.915198
-16.28	0.915054
-16.29	0.91491
-16.3	0.914766
-16.31	0.914622
-16.32	0.914478
-16.33	0.914335
-16.34	0.914192
-16.35	0.914049
-16.36	0.913906
-16.37	0.913764
-16.38	0.913621
-16.39	0.913479
-16.4	0.913337
-16.41	0.913196
-16.42	0.913054
-16.43	0.912913
-16.44	0.912772
-16.45	0.912631
-16.46	0.912491
-16.47	0.91235
-16.48	0.91221
-16.49	0.91207
-16.5	0.91193
-16.51	0.911791
-16.52	0.911651
-16.53	0.911512
-16.54	0.911373
-16.55	0.911234
-16.56	0.911096
-16.57	0.910958
-16.58	0.910819
-16.59	0.910681
-16.6	0.910544
-16.61	0.910406
-16.62	0.910269
-16.63	0.910132
-16.64	0.909995
-16.65	0.909858
-16.66	0.909721
-16.67	0.909585
-16.68	0.909449
-16.69	0.909313
-16.7	0.909177
-16.71	0.909042
-16.72	0.908906
-16.73	0.908771
-16.74	0.908636
-16.75	0.908501
-16.76	0.908367
-16.77	0.908232
-16.78	0.908098
-16.79	0.907964
-16.8	0.90783
-16.81	0.907697
-16.82	0.907563
-16.83	0.90743
-16.84	0.907297
-16.85	0.907164
-16.86	0.907031
-16.87	0.906899
-16.88	0.906767
-16.89	0.906635
-16.9	0.906503
-16.91	0.906371
-16.92	0.906239
-16.93	0.906108
-16.94	0.905977
-16.95	0.905846
-16.96	0.905715
-16.97	0.905585
-16.98	0.905454
-16.99	0.905324
-17	0.905194
-17.01	0.905064
-17.02	0.904934
-17.03	0.904805
-17.04	0.904675
-17.05	0.904546
-17.06	0.904417
-17.07	0.904289
-17.08	0.90416
-17.09	0.904032
-17.1	0.903903
-17.11	0.903775
-17.12	0.903648
-17.13	0.90352
-17.14	0.903392
-17.15	0.903265
-17.16	0.903138
-17.17	0.903011
-17.18	0.902884
-17.19	0.902758
-17.2	0.902631
-17.21	0.902505
-17.22	0.902379
-17.23	0.902253
-17.24	0.902127
-17.25	0.902002
-17.26	0.901876
-17.27	0.901751
-17.28	0.901626
-17.29	0.901501
-17.3	0.901377
-17.31	0.901252
-17.32	0.901128
-17.33	0.901004
-17.34	0.90088
-17.35	0.900756
-17.36	0.900632
-17.37	0.900509
-17.38	0.900385
-17.39	0.900262
-17.4	0.900139
-17.41	0.900016
-17.42	0.899894
-17.43	0.899771
-17.44	0.899649
-17.45	0.899527
-17.46	0.899405
-17.47	0.899283
-17.48	0.899162
-17.49	0.89904
-17.5	0.898919
-17.51	0.898798
-17.52	0.898677
-17.53	0.898556
-17.54	0.898435
-17.55	0.898315
-17.56	0.898195
-17.57	0.898075
-17.58	0.897955
-17.59	0.897835
-17.6	0.897715
-17.61	0.897596
-17.62	0.897476
-17.63	0.897357
-17.64	0.897238
-17.65	0.897119
-17.66	0.897001
-17.67	0.896882
-17.68	0.896764
-17.69	0.896646
-17.7	0.896528
-17.71	0.89641
-17.72	0.896292
-17.73	0.896175
-17.74	0.896057
-17.75	0.89594
-17.76	0.895823
-17.77	0.895706
-17.78	0.895589
-17.79	0.895473
-17.8	0.895356
-17.81	0.89524
-17.82	0.895124
-17.83	0.895008
-17.84	0.894892
-17.85	0.894776
-17.86	0.894661
-17.87	0.894545
-17.88	0.89443
-17.89	0.894315
-17.9	0.8942
-17.91	0.894086
-17.92	0.893971
-17.93	0.893857
-17.94	0.893742
-17.95	0.893628
-17.96	0.893514
-17.97	0.8934
-17.98	0.893287
-17.99	0.893173
-18	0.89306
-18.01	0.892946
-18.02	0.892833
-18.03	0.89272
-18.04	0.892608
-18.05	0.892495
-18.06	0.892383
-18.07	0.89227
-18.08	0.892158
-18.09	0.892046
-18.1	0.891934
-18.11	0.891822
-18.12	0.891711
-18.13	0.891599
-18.14	0.891488
-18.15	0.891377
-18.16	0.891266
-18.17	0.891155
-18.18	0.891044
-18.19	0.890934
-18.2	0.890823
-18.21	0.890713
-18.22	0.890603
-18.23	0.890493
-18.24	0.890383
-18.25	0.890273
-18.26	0.890164
-18.27	0.890054
-18.28	0.889945
-18.29	0.889836
-18.3	0.889727
-18.31	0.889618
-18.32	0.889509
-18.33	0.889401
-18.34	0.889292
-18.35	0.889184
-18.36	0.889076
-18.37	0.888968
-18.38	0.88886
-18.39	0.888752
-18.4	0.888645
-18.41	0.888537
-18.42	0.88843
-18.43	0.888323
-18.44	0.888216
-18.45	0.888109
-18.46	0.888002
-18.47	0.887895
-18.48	0.887789
-18.49	0.887683
-18.5	0.887576
-18.51	0.88747
-18.52	0.887364
-18.53	0.887259
-18.54	0.887153
-18.55	0.887047
-18.56	0.886942
-18.57	0.886837
-18.58	0.886732
-18.59	0.886627
-18.6	0.886522
-18.61	0.886417
-18.62	0.886312
-18.63	0.886208
-18.64	0.886104
-18.65	0.885999
-18.66	0.885895
-18.67	0.885791
-18.68	0.885688
-18.69	0.885584
-18.7	0.88548
-18.71	0.885377
-18.72	0.885274
-18.73	0.885171
-18.74	0.885068
-18.75	0.884965
-18.76	0.884862
-18.77	0.884759
-18.78	0.884657
-18.79	0.884554
-18.8	0.884452
-18.81	0.88435
-18.82	0.884248
-18.83	0.884146
-18.84	0.884045
-18.85	0.883943
-18.86	0.883841
-18.87	0.88374
-18.88	0.883639
-18.89	0.883538
-18.9	0.883437
-18.91	0.883336
-18.92	0.883235
-18.93	0.883135
-18.94	0.883034
-18.95	0.882934
-18.96	0.882834
-18.97	0.882734
-18.98	0.882634
-18.99	0.882534
-19	0.882434
-19.01	0.882335
-19.02	0.882235
-19.03	0.882136
-19.04	0.882037
-19.05	0.881937
-19.06	0.881838
-19.07	0.88174
-19.08	0.881641
-19.09	0.881542
-19.1	0.881444
-19.11	0.881345
-19.12	0.881247
-19.13	0.881149
-19.14	0.881051
-19.15	0.880953
-19.16	0.880855
-19.17	0.880758
-19.18	0.88066
-19.19	0.880563
-19.2	0.880466
-19.21	0.880368
-19.22	0.880271
-19.23	0.880174
-19.24	0.880078
-19.25	0.879981
-19.26	0.879884
-19.27	0.879788
-19.28	0.879692
-19.29	0.879595
-19.3	0.879499
-19.31	0.879403
-19.32	0.879308
-19.33	0.879212
-19.34	0.879116
-19.35	0.879021
-19.36	0.878925
-19.37	0.87883
-19.38	0.878735
-19.39	0.87864
-19.4	0.878545
-19.41	0.87845
-19.42	0.878355
-19.43	0.878261
-19.44	0.878166
-19.45	0.878072
-19.46	0.877978
-19.47	0.877884
-19.48	0.87779
-19.49	0.877696
-19.5	0.877602
-19.51	0.877508
-19.52	0.877415
-19.53	0.877321
-19.54	0.877228
-19.55	0.877135
-19.56	0.877042
-19.57	0.876949
-19.58	0.876856
-19.59	0.876763
-19.6	0.87667
-19.61	0.876578
-19.62	0.876485
-19.63	0.876393
-19.64	0.876301
-19.65	0.876209
-19.66	0.876117
-19.67	0.876025
-19.68	0.875933
-19.69	0.875841
-19.7	0.87575
-19.71	0.875658
-19.72	0.875567
-19.73	0.875476
-19.74	0.875385
-19.75	0.875293
-19.76	0.875203
-19.77	0.875112
-19.78	0.875021
-19.79	0.874931
-19.8	0.87484
-19.81	0.87475
-19.82	0.874659
-19.83	0.874569
-19.84	0.874479
-19.85	0.874389
-19.86	0.874299
-19.87	0.87421
-19.88	0.87412
-19.89	0.874031
-19.9	0.873941
-19.91	0.873852
-19.92	0.873763
-19.93	0.873673
-19.94	0.873585
-19.95	0.873496
-19.96	0.873407
-19.97	0.873318
-19.98	0.87323
-19.99	0.873141
-20	0.873053
-20.01	0.872964
-20.02	0.872876
-20.03	0.872788
-20.04	0.8727
-20.05	0.872612
-20.06	0.872525
-20.07	0.872437
-20.08	0.872349
-20.09	0.872262
-20.1	0.872175
-20.11	0.872087
-20.12	0.872
-20.13	0.871913
-20.14	0.871826
-20.15	0.871739
-20.16	0.871653
-20.17	0.871566
-20.18	0.87148
-20.19	0.871393
-20.2	0.871307
-20.21	0.871221
-20.22	0.871134
-20.23	0.871048
-20.24	0.870962
-20.25	0.870877
-20.26	0.870791
-20.27	0.870705
-20.28	0.87062
-20.29	0.870534
-20.3	0.870449
-20.31	0.870364
-20.32	0.870278
-20.33	0.870193
-20.34	0.870108
-20.35	0.870024
-20.36	0.869939
-20.37	0.869854
-20.38	0.86977
-20.39	0.869685
-20.4	0.869601
-20.41	0.869517
-20.42	0.869432
-20.43	0.869348
-20.44	0.869264
-20.45	0.86918
-20.46	0.869097
-20.47	0.869013
-20.48	0.868929
-20.49	0.868846
-20.5	0.868762
-20.51	0.868679
-20.52	0.868596
-20.53	0.868513
-20.54	0.86843
-20.55	0.868347
-20.56	0.868264
-20.57	0.868181
-20.58	0.868098
-20.59	0.868016
-20.6	0.867934
-20.61	0.867851
-20.62	0.867769
-20.63	0.867687
-20.64	0.867605
-20.65	0.867523
-20.66	0.867441
-20.67	0.867359
-20.68	0.867277
-20.69	0.867195
-20.7	0.867114
-20.71	0.867032
-20.72	0.866951
-20.73	0.86687
-20.74	0.866789
-20.75	0.866708
-20.76	0.866627
-20.77	0.866546
-20.78	0.866465
-20.79	0.866384
-20.8	0.866303
-20.81	0.866223
-20.82	0.866142
-20.83	0.866062
-20.84	0.865982
-20.85	0.865902
-20.86	0.865822
-20.87	0.865742
-20.88	0.865662
-20.89	0.865582
-20.9	0.865502
-20.91	0.865422
-20.92	0.865343
-20.93	0.865263
-20.94	0.865184
-20.95	0.865105
-20.96	0.865026
-20.97	0.864946
-20.98	0.864867
-20.99	0.864788
-21	0.86471
-21.01	0.864631
-21.02	0.864552
-21.03	0.864474
-21.04	0.864395
-21.05	0.864317
-21.06	0.864238
-21.07	0.86416
-21.08	0.864082
-21.09	0.864004
-21.1	0.863926
-21.11	0.863848
-21.12	0.86377
-21.13	0.863692
-21.14	0.863615
-21.15	0.863537
-21.16	0.86346
-21.17	0.863382
-21.18	0.863305
-21.19	0.863228
-21.2	0.863151
-21.21	0.863073
-21.22	0.862997
-21.23	0.86292
-21.24	0.862843
-21.25	0.862766
-21.26	0.862689
-21.27	0.862613
-21.28	0.862536
-21.29	0.86246
-21.3	0.862384
-21.31	0.862308
-21.32	0.862231
-21.33	0.862155
-21.34	0.862079
-21.35	0.862004
-21.36	0.861928
-21.37	0.861852
-21.38	0.861776
-21.39	0.861701
-21.4	0.861625
-21.41	0.86155
-21.42	0.861475
-21.43	0.861399
-21.44	0.861324
-21.45	0.861249
-21.46	0.861174
-21.47	0.861099
-21.48	0.861024
-21.49	0.86095
-21.5	0.860875
-21.51	0.8608
-21.52	0.860726
-21.53	0.860651
-21.54	0.860577
-21.55	0.860503
-21.56	0.860429
-21.57	0.860355
-21.58	0.860281
-21.59	0.860207
-21.6	0.860133
-21.61	0.860059
-21.62	0.859985
-21.63	0.859912
-21.64	0.859838
-21.65	0.859765
-21.66	0.859691
-21.67	0.859618
-21.68	0.859545
-21.69	0.859471
-21.7	0.859398
-21.71	0.859325
-21.72	0.859252
-21.73	0.85918
-21.74	0.859107
-21.75	0.859034
-21.76	0.858962
-21.77	0.858889
-21.78	0.858817
-21.79	0.858744
-21.8	0.858672
-21.81	0.8586
-21.82	0.858527
-21.83	0.858455
-21.84	0.858383
-21.85	0.858311
-21.86	0.85824
-21.87	0.858168
-21.88	0.858096
-21.89	0.858024
-21.9	0.857953
-21.91	0.857881
-21.92	0.85781
-21.93	0.857739
-21.94	0.857668
-21.95	0.857596
-21.96	0.857525
-21.97	0.857454
-21.98	0.857383
-21.99	0.857312
-22	0.857242
-22.01	0.857171
-22.02	0.8571
-22.03	0.85703
-22.04	0.856959
-22.05	0.856889
-22.06	0.856818
-22.07	0.856748
-22.08	0.856678
-22.09	0.856608
-22.1	0.856538
-22.11	0.856468
-22.12	0.856398
-22.13	0.856328
-22.14	0.856258
-22.15	0.856188
-22.16	0.856119
-22.17	0.856049
-22.18	0.85598
-22.19	0.85591
-22.2	0.855841
-22.21	0.855772
-22.22	0.855703
-22.23	0.855633
-22.24	0.855564
-22.25	0.855495
-22.26	0.855426
-22.27	0.855358
-22.28	0.855289
-22.29	0.85522
-22.3	0.855152
-22.31	0.855083
-22.32	0.855015
-22.33	0.854946
-22.34	0.854878
-22.35	0.85481
-22.36	0.854741
-22.37	0.854673
-22.38	0.854605
-22.39	0.854537
-22.4	0.854469
-22.41	0.854401
-22.42	0.854334
-22.43	0.854266
-22.44	0.854198
-22.45	0.854131
-22.46	0.854063
-22.47	0.853996
-22.48	0.853928
-22.49	0.853861
-22.5	0.853794
-22.51	0.853727
-22.52	0.85366
-22.53	0.853593
-22.54	0.853526
-22.55	0.853459
-22.56	0.853392
-22.57	0.853325
-22.58	0.853259
-22.59	0.853192
-22.6	0.853125
-22.61	0.853059
-22.62	0.852993
-22.63	0.852926
-22.64	0.85286
-22.65	0.852794
-22.66	0.852728
-22.67	0.852662
-22.68	0.852596
-22.69	0.85253
-22.7	0.852464
-22.71	0.852398
-22.72	0.852332
-22.73	0.852266
-22.74	0.852201
-22.75	0.852135
-22.76	0.85207
-22.77	0.852004
-22.78	0.851939
-22.79	0.851874
-22.8	0.851809
-22.81	0.851744
-22.82	0.851678
-22.83	0.851613
-22.84	0.851548
-22.85	0.851484
-22.86	0.851419
-22.87	0.851354
-22.88	0.851289
-22.89	0.851225
-22.9	0.85116
-22.91	0.851096
-22.92	0.851031
-22.93	0.850967
-22.94	0.850903
-22.95	0.850838
-22.96	0.850774
-22.97	0.85071
-22.98	0.850646
-22.99	0.850582
-23	0.850518
-23.01	0.850454
-23.02	0.85039
-23.03	0.850327
-23.04	0.850263
-23.05	0.8502
-23.06	0.850136
-23.07	0.850073
-23.08	0.850009
-23.09	0.849946
-23.1	0.849882
-23.11	0.849819
-23.12	0.849756
-23.13	0.849693
-23.14	0.84963
-23.15	0.849567
-23.16	0.849504
-23.17	0.849441
-23.18	0.849379
-23.19	0.849316
-23.2	0.849253
-23.21	0.849191
-23.22	0.849128
-23.23	0.849066
-23.24	0.849003
-23.25	0.848941
-23.26	0.848879
-23.27	0.848816
-23.28	0.848754
-23.29	0.848692
-23.3	0.84863
-23.31	0.848568
-23.32	0.848506
-23.33	0.848444
-23.34	0.848382
-23.35	0.848321
-23.36	0.848259
-23.37	0.848197
-23.38	0.848136
-23.39	0.848074
-23.4	0.848013
-23.41	0.847951
-23.42	0.84789
-23.43	0.847829
-23.44	0.847768
-23.45	0.847707
-23.46	0.847646
-23.47	0.847584
-23.48	0.847524
-23.49	0.847463
-23.5	0.847402
-23.51	0.847341
-23.52	0.84728
-23.53	0.84722
-23.54	0.847159
-23.55	0.847098
-23.56	0.847038
-23.57	0.846978
-23.58	0.846917
-23.59	0.846857
-23.6	0.846797
-23.61	0.846736
-23.62	0.846676
-23.63	0.846616
-23.64	0.846556
-23.65	0.846496
-23.66	0.846436
-23.67	0.846376
-23.68	0.846317
-23.69	0.846257
-23.7	0.846197
-23.71	0.846138
-23.72	0.846078
-23.73	0.846019
-23.74	0.845959
-23.75	0.8459
-23.76	0.84584
-23.77	0.845781
-23.78	0.845722
-23.79	0.845663
-23.8	0.845604
-23.81	0.845545
-23.82	0.845486
-23.83	0.845427
-23.84	0.845368
-23.85	0.845309
-23.86	0.84525
-23.87	0.845192
-23.88	0.845133
-23.89	0.845074
-23.9	0.845016
-23.91	0.844957
-23.92	0.844899
-23.93	0.84484
-23.94	0.844782
-23.95	0.844724
-23.96	0.844666
-23.97	0.844608
-23.98	0.844549
-23.99	0.844491
-24	0.844433
-24.01	0.844375
-24.02	0.844318
-24.03	0.84426
-24.04	0.844202
-24.05	0.844144
-24.06	0.844087
-24.07	0.844029
-24.08	0.843972
-24.09	0.843914
-24.1	0.843857
-24.11	0.843799
-24.12	0.843742
-24.13	0.843685
-24.14	0.843627
-24.15	0.84357
-24.16	0.843513
-24.17	0.843456
-24.18	0.843399
-24.19	0.843342
-24.2	0.843285
-24.21	0.843228
-24.22	0.843172
-24.23	0.843115
-24.24	0.843058
-24.25	0.843001
-24.26	0.842945
-24.27	0.842888
-24.28	0.842832
-24.29	0.842776
-24.3	0.842719
-24.31	0.842663
-24.32	0.842607
-24.33	0.84255
-24.34	0.842494
-24.35	0.842438
-24.36	0.842382
-24.37	0.842326
-24.38	0.84227
-24.39	0.842214
-24.4	0.842158
-24.41	0.842103
-24.42	0.842047
-24.43	0.841991
-24.44	0.841936
-24.45	0.84188
-24.46	0.841824
-24.47	0.841769
-24.48	0.841714
-24.49	0.841658
-24.5	0.841603
-24.51	0.841548
-24.52	0.841492
-24.53	0.841437
-24.54	0.841382
-24.55	0.841327
-24.56	0.841272
-24.57	0.841217
-24.58	0.841162
-24.59	0.841107
-24.6	0.841052
-24.61	0.840998
-24.62	0.840943
-24.63	0.840888
-24.64	0.840834
-24.65	0.840779
-24.66	0.840725
-24.67	0.84067
-24.68	0.840616
-24.69	0.840561
-24.7	0.840507
-24.71	0.840453
-24.72	0.840399
-24.73	0.840344
-24.74	0.84029
-24.75	0.840236
-24.76	0.840182
-24.77	0.840128
-24.78	0.840074
-24.79	0.84002
-24.8	0.839967
-24.81	0.839913
-24.82	0.839859
-24.83	0.839805
-24.84	0.839752
-24.85	0.839698
-24.86	0.839645
-24.87	0.839591
-24.88	0.839538
-24.89	0.839485
-24.9	0.839431
-24.91	0.839378
-24.92	0.839325
-24.93	0.839272
-24.94	0.839218
-24.95	0.839165
-24.96	0.839112
-24.97	0.839059
-24.98	0.839006
-24.99	0.838953
-25	0.838901
-25.01	0.838848
-25.02	0.838795
-25.03	0.838742
-25.04	0.83869
-25.05	0.838637
-25.06	0.838585
-25.07	0.838532
-25.08	0.83848
-25.09	0.838427
-25.1	0.838375
-25.11	0.838323
-25.12	0.83827
-25.13	0.838218
-25.14	0.838166
-25.15	0.838114
-25.16	0.838062
-25.17	0.83801
-25.18	0.837958
-25.19	0.837906
-25.2	0.837854
-25.21	0.837802
-25.22	0.83775
-25.23	0.837698
-25.24	0.837647
-25.25	0.837595
-25.26	0.837543
-25.27	0.837492
-25.28	0.83744
-25.29	0.837389
-25.3	0.837337
-25.31	0.837286
-25.32	0.837235
-25.33	0.837183
-25.34	0.837132
-25.35	0.837081
-25.36	0.83703
-25.37	0.836979
-25.38	0.836927
-25.39	0.836876
-25.4	0.836825
-25.41	0.836775
-25.42	0.836724
-25.43	0.836673
-25.44	0.836622
-25.45	0.836571
-25.46	0.836521
-25.47	0.83647
-25.48	0.836419
-25.49	0.836369
-25.5	0.836318
-25.51	0.836268
-25.52	0.836217
-25.53	0.836167
-25.54	0.836117
-25.55	0.836066
-25.56	0.836016
-25.57	0.835966
-25.58	0.835916
-25.59	0.835866
-25.6	0.835815
-25.61	0.835765
-25.62	0.835715
-25.63	0.835665
-25.64	0.835616
-25.65	0.835566
-25.66	0.835516
-25.67	0.835466
-25.68	0.835416
-25.69	0.835367
-25.7	0.835317
-25.71	0.835267
-25.72	0.835218
-25.73	0.835168
-25.74	0.835119
-25.75	0.83507
-25.76	0.83502
-25.77	0.834971
-25.78	0.834922
-25.79	0.834872
-25.8	0.834823
-25.81	0.834774
-25.82	0.834725
-25.83	0.834676
-25.84	0.834627
-25.85	0.834578
-25.86	0.834529
-25.87	0.83448
-25.88	0.834431
-25.89	0.834382
-25.9	0.834333
-25.91	0.834285
-25.92	0.834236
-25.93	0.834187
-25.94	0.834139
-25.95	0.83409
-25.96	0.834042
-25.97	0.833993
-25.98	0.833945
-25.99	0.833896
-26	0.833848
-26.01	0.8338
-26.02	0.833751
-26.03	0.833703
-26.04	0.833655
-26.05	0.833607
-26.06	0.833559
-26.07	0.833511
-26.08	0.833463
-26.09	0.833415
-26.1	0.833367
-26.11	0.833319
-26.12	0.833271
-26.13	0.833223
-26.14	0.833175
-26.15	0.833128
-26.16	0.83308
-26.17	0.833032
-26.18	0.832985
-26.19	0.832937
-26.2	0.83289
-26.21	0.832842
-26.22	0.832795
-26.23	0.832747
-26.24	0.8327
-26.25	0.832653
-26.26	0.832605
-26.27	0.832558
-26.28	0.832511
-26.29	0.832464
-26.3	0.832417
-26.31	0.83237
-26.32	0.832322
-26.33	0.832275
-26.34	0.832229
-26.35	0.832182
-26.36	0.832135
-26.37	0.832088
-26.38	0.832041
-26.39	0.831994
-26.4	0.831948
-26.41	0.831901
-26.42	0.831854
-26.43	0.831808
-26.44	0.831761
-26.45	0.831715
-26.46	0.831668
-26.47	0.831622
-26.48	0.831575
-26.49	0.831529
-26.5	0.831483
-26.51	0.831436
-26.52	0.83139
-26.53	0.831344
-26.54	0.831298
-26.55	0.831252
-26.56	0.831205
-26.57	0.831159
-26.58	0.831113
-26.59	0.831068
-26.6	0.831022
-26.61	0.830976
-26.62	0.83093
-26.63	0.830884
-26.64	0.830838
-26.65	0.830792
-26.66	0.830747
-26.67	0.830701
-26.68	0.830656
-26.69	0.83061
-26.7	0.830564
-26.71	0.830519
-26.72	0.830473
-26.73	0.830428
-26.74	0.830383
-26.75	0.830337
-26.76	0.830292
-26.77	0.830247
-26.78	0.830201
-26.79	0.830156
-26.8	0.830111
-26.81	0.830066
-26.82	0.830021
-26.83	0.829976
-26.84	0.829931
-26.85	0.829886
-26.86	0.829841
-26.87	0.829796
-26.88	0.829751
-26.89	0.829706
-26.9	0.829661
-26.91	0.829617
-26.92	0.829572
-26.93	0.829527
-26.94	0.829483
-26.95	0.829438
-26.96	0.829394
-26.97	0.829349
-26.98	0.829305
-26.99	0.82926
-27	0.829216
-27.01	0.829171
-27.02	0.829127
-27.03	0.829083
-27.04	0.829038
-27.05	0.828994
-27.06	0.82895
-27.07	0.828906
-27.08	0.828862
-27.09	0.828818
-27.1	0.828774
-27.11	0.82873
-27.12	0.828686
-27.13	0.828642
-27.14	0.828598
-27.15	0.828554
-27.16	0.82851
-27.17	0.828466
-27.18	0.828422
-27.19	0.828379
-27.2	0.828335
-27.21	0.828291
-27.22	0.828248
-27.23	0.828204
-27.24	0.828161
-27.25	0.828117
-27.26	0.828074
-27.27	0.82803
-27.28	0.827987
-27.29	0.827944
-27.3	0.8279
-27.31	0.827857
-27.32	0.827814
-27.33	0.82777
-27.34	0.827727
-27.35	0.827684
-27.36	0.827641
-27.37	0.827598
-27.38	0.827555
-27.39	0.827512
-27.4	0.827469
-27.41	0.827426
-27.42	0.827383
-27.43	0.82734
-27.44	0.827297
-27.45	0.827255
-27.46	0.827212
-27.47	0.827169
-27.48	0.827126
-27.49	0.827084
-27.5	0.827041
-27.51	0.826999
-27.52	0.826956
-27.53	0.826913
-27.54	0.826871
-27.55	0.826829
-27.56	0.826786
-27.57	0.826744
-27.58	0.826701
-27.59	0.826659
-27.6	0.826617
-27.61	0.826575
-27.62	0.826532
-27.63	0.82649
-27.64	0.826448
-27.65	0.826406
-27.66	0.826364
-27.67	0.826322
-27.68	0.82628
-27.69	0.826238
-27.7	0.826196
-27.71	0.826154
-27.72	0.826112
-27.73	0.82607
-27.74	0.826029
-27.75	0.825987
-27.76	0.825945
-27.77	0.825903
-27.78	0.825862
-27.79	0.82582
-27.8	0.825778
-27.81	0.825737
-27.82	0.825695
-27.83	0.825654
-27.84	0.825612
-27.85	0.825571
-27.86	0.82553
-27.87	0.825488
-27.88	0.825447
-27.89	0.825406
-27.9	0.825364
-27.91	0.825323
-27.92	0.825282
-27.93	0.825241
-27.94	0.8252
-27.95	0.825158
-27.96	0.825117
-27.97	0.825076
-27.98	0.825035
-27.99	0.824994
-28	0.824953
-28.01	0.824913
-28.02	0.824872
-28.03	0.824831
-28.04	0.82479
-28.05	0.824749
-28.06	0.824708
-28.07	0.824668
-28.08	0.824627
-28.09	0.824586
-28.1	0.824546
-28.11	0.824505
-28.12	0.824465
-28.13	0.824424
-28.14	0.824384
-28.15	0.824343
-28.16	0.824303
-28.17	0.824262
-28.18	0.824222
-28.19	0.824182
-28.2	0.824142
-28.21	0.824101
-28.22	0.824061
-28.23	0.824021
-28.24	0.823981
-28.25	0.823941
-28.26	0.8239
-28.27	0.82386
-28.28	0.82382
-28.29	0.82378
-28.3	0.82374
-28.31	0.8237
-28.32	0.82366
-28.33	0.823621
-28.34	0.823581
-28.35	0.823541
-28.36	0.823501
-28.37	0.823461
-28.38	0.823422
-28.39	0.823382
-28.4	0.823342
-28.41	0.823303
-28.42	0.823263
-28.43	0.823224
-28.44	0.823184
-28.45	0.823145
-28.46	0.823105
-28.47	0.823066
-28.48	0.823026
-28.49	0.822987
-28.5	0.822948
-28.51	0.822908
-28.52	0.822869
-28.53	0.82283
-28.54	0.82279
-28.55	0.822751
-28.56	0.822712
-28.57	0.822673
-28.58	0.822634
-28.59	0.822595
-28.6	0.822556
-28.61	0.822517
-28.62	0.822478
-28.63	0.822439
-28.64	0.8224
-28.65	0.822361
-28.66	0.822322
-28.67	0.822283
-28.68	0.822244
-28.69	0.822206
-28.7	0.822167
-28.71	0.822128
-28.72	0.82209
-28.73	0.822051
-28.74	0.822012
-28.75	0.821974
-28.76	0.821935
-28.77	0.821897
-28.78	0.821858
-28.79	0.82182
-28.8	0.821781
-28.81	0.821743
-28.82	0.821704
-28.83	0.821666
-28.84	0.821628
-28.85	0.821589
-28.86	0.821551
-28.87	0.821513
-28.88	0.821475
-28.89	0.821437
-28.9	0.821398
-28.91	0.82136
-28.92	0.821322
-28.93	0.821284
-28.94	0.821246
-28.95	0.821208
-28.96	0.82117
-28.97	0.821132
-28.98	0.821094
-28.99	0.821056
-29	0.821019
-29.01	0.820981
-29.02	0.820943
-29.03	0.820905
-29.04	0.820868
-29.05	0.82083
-29.06	0.820792
-29.07	0.820754
-29.08	0.820717
-29.09	0.820679
-29.1	0.820642
-29.11	0.820604
-29.12	0.820567
-29.13	0.820529
-29.14	0.820492
-29.15	0.820454
-29.16	0.820417
-29.17	0.82038
-29.18	0.820342
-29.19	0.820305
-29.2	0.820268
-29.21	0.82023
-29.22	0.820193
-29.23	0.820156
-29.24	0.820119
-29.25	0.820082
-29.26	0.820045
-29.27	0.820008
-29.28	0.81997
-29.29	0.819933
-29.3	0.819896
-29.31	0.81986
-29.32	0.819823
-29.33	0.819786
-29.34	0.819749
-29.35	0.819712
-29.36	0.819675
-29.37	0.819638
-29.38	0.819602
-29.39	0.819565
-29.4	0.819528
-29.41	0.819491
-29.42	0.819455
-29.43	0.819418
-29.44	0.819382
-29.45	0.819345
-29.46	0.819308
-29.47	0.819272
-29.48	0.819235
-29.49	0.819199
-29.5	0.819162
-29.51	0.819126
-29.52	0.81909
-29.53	0.819053
-29.54	0.819017
-29.55	0.818981
-29.56	0.818944
-29.57	0.818908
-29.58	0.818872
-29.59	0.818836
-29.6	0.8188
-29.61	0.818763
-29.62	0.818727
-29.63	0.818691
-29.64	0.818655
-29.65	0.818619
-29.66	0.818583
-29.67	0.818547
-29.68	0.818511
-29.69	0.818475
-29.7	0.818439
-29.71	0.818404
-29.72	0.818368
-29.73	0.818332
-29.74	0.818296
-29.75	0.81826
-29.76	0.818225
-29.77	0.818189
-29.78	0.818153
-29.79	0.818118
-29.8	0.818082
-29.81	0.818046
-29.82	0.818011
-29.83	0.817975
-29.84	0.81794
-29.85	0.817904
-29.86	0.817869
-29.87	0.817833
-29.88	0.817798
-29.89	0.817763
-29.9	0.817727
-29.91	0.817692
-29.92	0.817657
-29.93	0.817621
-29.94	0.817586
-29.95	0.817551
-29.96	0.817516
-29.97	0.81748
-29.98	0.817445
-29.99	0.81741
-30	0.817375
