x	y
30	0.710068
29.99	0.710096
29.98	0.710123
29.97	0.710151
29.96	0.710178
29.95	0.710206
29.94	0.710234
29.93	0.710261
29.92	0.710289
29.91	0.710317
29.9	0.710344
29.89	0.710372
29.88	0.7104
29.87	0.710428
29.86	0.710455
29.85	0.710483
29.84	0.710511
29.83	0.710539
29.82	0.710567
29.81	0.710595
29.8	0.710623
29.79	0.710651
29.78	0.710679
29.77	0.710707
29.76	0.710735
29.75	0.710763
29.74	0.710791
29.73	0.710819
29.72	0.710847
29.71	0.710875
29.7	0.710903
29.69	0.710931
29.68	0.710959
29.67	0.710988
29.66	0.711016
29.65	0.711044
29.64	0.711072
29.63	0.711101
29.62	0.711129
29.61	0.711157
29.6	0.711186
29.59	0.711214
29.58	0.711242
29.57	0.711271
29.56	0.711299
29.55	0.711328
29.54	0.711356
29.53	0.711385
29.52	0.711413
29.51	0.711442
29.5	0.71147
29.49	0.711499
29.48	0.711527
29.47	0.711556
29.46	0.711585
29.45	0.711613
29.44	0.711642
29.43	0.711671
29.42	0.711699
29.41	0.711728
29.4	0.711757
29.39	0.711786
29.38	0.711815
29.37	0.711843
29.36	0.711872
29.35	0.711901
29.34	0.71193
29.33	0.711959
29.32	0.711988
29.31	0.712017
29.3	0.712046
29.29	0.712075
29.28	0.712104
29.27	0.712133
29.26	0.712162
29.25	0.712191
29.24	0.71222
29.23	0.712249
29.22	0.712279
29.21	0.712308
29.2	0.712337
29.19	0.712366
29.18	0.712395
29.17	0.712425
29.16	0.712454
29.15	0.712483
29.14	0.712513
29.13	0.712542
29.12	0.712572
29.11	0.712601
29.1	0.71263
29.09	0.71266
29.08	0.712689
29.07	0.712719
29.06	0.712748
29.05	0.712778
29.04	0.712807
29.03	0.712837
29.02	0.712867
29.01	0.712896
29	0.712926
28.99	0.712956
28.98	0.712985
28.97	0.713015
28.96	0.713045
28.95	0.713075
28.94	0.713104
28.93	0.713134
28.92	0.713164
28.91	0.713194
28.9	0.713224
28.89	0.713254
28.88	0.713284
28.87	0.713314
28.86	0.713343
28.85	0.713373
28.84	0.713403
28.83	0.713434
28.82	0.713464
28.81	0.713494
28.8	0.713524
28.79	0.713554
28.78	0.713584
28.77	0.713614
28.76	0.713645
28.75	0.713675
28.74	0.713705
28.73	0.713735
28.72	0.713766
28.71	0.713796
28.7	0.713826
28.69	0.713857
28.68	0.713887
28.67	0.713917
28.66	0.713948
28.65	0.713978
28.64	0.714009
28.63	0.714039
28.62	0.71407
28.61	0.7141
28.6	0.714131
28.59	0.714162
28.58	0.714192
28.57	0.714223
28.56	0.714254
28.55	0.714284
28.54	0.714315
28.53	0.714346
28.52	0.714376
28.51	0.714407
28.5	0.714438
28.49	0.714469
28.48	0.7145
28.47	0.714531
28.46	0.714562
28.45	0.714593
28.44	0.714624
28.43	0.714655
28.42	0.714685
28.41	0.714717
28.4	0.714748
28.39	0.714779
28.38	0.71481
28.37	0.714841
28.36	0.714872
28.35	0.714903
28.34	0.714934
28.33	0.714966
28.32	0.714997
28.31	0.715028
28.3	0.71506
28.29	0.715091
28.28	0.715122
28.27	0.715154
28.26	0.715185
28.25	0.715216
28.24	0.715248
28.23	0.715279
28.22	0.715311
28.21	0.715342
28.2	0.715374
28.19	0.715405
28.18	0.715437
28.17	0.715469
28.16	0.7155
28.15	0.715532
28.14	0.715564
28.13	0.715595
28.12	0.715627
28.11	0.715659
28.1	0.715691
28.09	0.715723
28.08	0.715754
28.07	0.715786
28.06	0.715818
28.05	0.71585
28.04	0.715882
28.03	0.715914
28.02	0.715946
28.01	0.715978
28	0.71601
27.99	0.716042
27.98	0.716074
27.97	0.716106
27.96	0.716139
27.95	0.716171
27.94	0.716203
27.93	0.716235
27.92	0.716267
27.91	0.7163
27.9	0.716332
27.89	0.716364
27.88	0.716397
27.87	0.716429
27.86	0.716462
27.85	0.716494
27.84	0.716526
27.83	0.716559
27.82	0.716591
27.81	0.716624
27.8	0.716657
27.79	0.716689
27.78	0.716722
27.77	0.716754
27.76	0.716787
27.75	0.71682
27.74	0.716852
27.73	0.716885
27.72	0.716918
27.71	0.716951
27.7	0.716984
27.69	0.717017
27.68	0.717049
27.67	0.717082
27.66	0.717115
27.65	0.717148
27.64	0.717181
27.63	0.717214
27.62	0.717247
27.61	0.71728
27.6	0.717313
27.59	0.717346
27.58	0.71738
27.57	0.717413
27.56	0.717446
27.55	0.717479
27.54	0.717512
27.53	0.717546
27.52	0.717579
27.51	0.717612
27.5	0.717646
27.49	0.717679
27.48	0.717713
27.47	0.717746
27.46	0.717779
27.45	0.717813
27.44	0.717846
27.43	0.71788
27.42	0.717914
27.41	0.717947
27.4	0.717981
27.39	0.718014
27.38	0.718048
27.37	0.718082
27.36	0.718116
27.35	0.718149
27.34	0.718183
27.33	0.718217
27.32	0.718251
27.31	0.718285
27.3	0.718319
27.29	0.718353
27.28	0.718387
27.27	0.718421
27.26	0.718455
27.25	0.718489
27.24	0.718523
27.23	0.718557
27.22	0.718591
27.21	0.718625
27.2	0.718659
27.19	0.718693
27.18	0.718728
27.17	0.718762
27.16	0.718796
27.15	0.718831
27.14	0.718865
27.13	0.718899
27.12	0.718934
27.11	0.718968
27.1	0.719003
27.09	0.719037
27.08	0.719072
27.07	0.719106
27.06	0.719141
27.05	0.719175
27.04	0.71921
27.03	0.719245
27.02	0.719279
27.01	0.719314
27	0.719349
26.99	0.719384
26.98	0.719418
26.97	0.719453
26.96	0.719488
26.95	0.719523
26.94	0.719558
26.93	0.719593
26.92	0.719628
26.91	0.719663
26.9	0.719698
26.89	0.719733
26.88	0.719768
26.87	0.719803
26.86	0.719838
26.85	0.719873
26.84	0.719909
26.83	0.719944
26.82	0.719979
26.81	0.720015
26.8	0.72005
26.79	0.720085
26.78	0.720121
26.77	0.720156
26.76	0.720191
26.75	0.720227
26.74	0.720262
26.73	0.720298
26.72	0.720334
26.71	0.720369
26.7	0.720405
26.69	0.72044
26.68	0.720476
26.67	0.720512
26.66	0.720548
26.65	0.720583
26.64	0.720619
26.63	0.720655
26.62	0.720691
26.61	0.720727
26.6	0.720763
26.59	0.720799
26.58	0.720835
26.57	0.720871
26.56	0.720907
26.55	0.720943
26.54	0.720979
26.53	0.721015
26.52	0.721051
26.51	0.721087
26.5	0.721124
26.49	0.72116
26.48	0.721196
26.47	0.721232
26.46	0.721269
26.45	0.721305
26.44	0.721342
26.43	0.721378
26.42	0.721414
26.41	0.721451
26.4	0.721487
26.39	0.721524
26.38	0.721561
26.37	0.721597
26.36	0.721634
26.35	0.721671
26.34	0.721707
26.33	0.721744
26.32	0.721781
26.31	0.721818
26.3	0.721855
26.29	0.721891
26.28	0.721928
26.27	0.721965
26.26	0.722002
26.25	0.722039
26.24	0.722076
26.23	0.722113
26.22	0.72215
26.21	0.722188
26.2	0.722225
26.19	0.722262
26.18	0.722299
26.17	0.722336
26.16	0.722374
26.15	0.722411
26.14	0.722448
26.13	0.722486
26.12	0.722523
26.11	0.722561
26.1	0.722598
26.09	0.722636
26.08	0.722673
26.07	0.722711
26.06	0.722748
26.05	0.722786
26.04	0.722824
26.03	0.722861
26.02	0.722899
26.01	0.722937
26	0.722975
25.99	0.723012
25.98	0.72305
25.97	0.723088
25.96	0.723126
25.95	0.723164
25.94	0.723202
25.93	0.72324
25.92	0.723278
25.91	0.723316
25.9	0.723354
25.89	0.723393
25.88	0.723431
25.87	0.723469
25.86	0.723507
25.85	0.723545
25.84	0.723584
25.83	0.723622
25.82	0.723661
25.81	0.723699
25.8	0.723737
25.79	0.723776
25.78	0.723814
25.77	0.723853
25.76	0.723892
25.75	0.72393
25.74	0.723969
25.73	0.724008
25.72	0.724046
25.71	0.724085
25.7	0.724124
25.69	0.724163
25.68	0.724202
25.67	0.72424
25.66	0.724279
25.65	0.724318
25.64	0.724357
25.63	0.724396
25.62	0.724436
25.61	0.724475
25.6	0.724514
25.59	0.724553
25.58	0.724592
25.57	0.724631
25.56	0.724671
25.55	0.72471
25.54	0.724749
25.53	0.724789
25.52	0.724828
25.51	0.724867
25.5	0.724907
25.49	0.724946
25.48	0.724986
25.47	0.725026
25.46	0.725065
25.45	0.725105
25.44	0.725145
25.43	0.725184
25.42	0.725224
25.41	0.725264
25.4	0.725304
25.39	0.725344
25.38	0.725383
25.37	0.725423
25.36	0.725463
25.35	0.725503
25.34	0.725543
25.33	0.725583
25.32	0.725624
25.31	0.725664
25.3	0.725704
25.29	0.725744
25.28	0.725784
25.27	0.725825
25.26	0.725865
25.25	0.725905
25.24	0.725946
25.23	0.725986
25.22	0.726027
25.21	0.726067
25.2	0.726108
25.19	0.726148
25.18	0.726189
25.17	0.72623
25.16	0.72627
25.15	0.726311
25.14	0.726352
25.13	0.726393
25.12	0.726433
25.11	0.726474
25.1	0.726515
25.09	0.726556
25.08	0.726597
25.07	0.726638
25.06	0.726679
25.05	0.72672
25.04	0.726761
25.03	0.726802
25.02	0.726844
25.01	0.726885
25	0.726926
24.99	0.726968
24.98	0.727009
24.97	0.72705
24.96	0.727092
24.95	0.727133
24.94	0.727175
24.93	0.727216
24.92	0.727258
24.91	0.727299
24.9	0.727341
24.89	0.727383
24.88	0.727424
24.87	0.727466
24.86	0.727508
24.85	0.72755
24.84	0.727592
24.83	0.727634
24.82	0.727675
24.81	0.727717
24.8	0.727759
24.79	0.727802
24.78	0.727844
24.77	0.727886
24.76	0.727928
24.75	0.72797
24.74	0.728012
24.73	0.728055
24.72	0.728097
24.71	0.728139
24.7	0.728182
24.69	0.728224
24.68	0.728267
24.67	0.728309
24.66	0.728352
24.65	0.728394
24.64	0.728437
24.63	0.72848
24.62	0.728522
24.61	0.728565
24.6	0.728608
24.59	0.728651
24.58	0.728694
24.57	0.728737
24.56	0.72878
24.55	0.728823
24.54	0.728866
24.53	0.728909
24.52	0.728952
24.51	0.728995
24.5	0.729038
24.49	0.729081
24.48	0.729125
24.47	0.729168
24.46	0.729211
24.45	0.729255
24.44	0.729298
24.43	0.729342
24.42	0.729385
24.41	0.729429
24.4	0.729472
24.39	0.729516
24.38	0.72956
24.37	0.729603
24.36	0.729647
24.35	0.729691
24.34	0.729735
24.33	0.729779
24.32	0.729822
24.31	0.729866
24.3	0.72991
24.29	0.729954
24.28	0.729999
24.27	0.730043
24.26	0.730087
24.25	0.730131
24.24	0.730175
24.23	0.73022
24.22	0.730264
24.21	0.730308
24.2	0.730353
24.19	0.730397
24.18	0.730442
24.17	0.730486
24.16	0.730531
24.15	0.730575
24.14	0.73062
24.13	0.730665
24.12	0.730709
24.11	0.730754
24.1	0.730799
24.09	0.730844
24.08	0.730889
24.07	0.730934
24.06	0.730979
24.05	0.731024
24.04	0.731069
24.03	0.731114
24.02	0.731159
24.01	0.731204
24	0.73125
23.99	0.731295
23.98	0.73134
23.97	0.731386
23.96	0.731431
23.95	0.731476
23.94	0.731522
23.93	0.731567
23.92	0.731613
23.91	0.731659
23.9	0.731704
23.89	0.73175
23.88	0.731796
23.87	0.731842
23.86	0.731887
23.85	0.731933
23.84	0.731979
23.83	0.732025
23.82	0.732071
23.81	0.732117
23.8	0.732163
23.79	0.73221
23.78	0.732256
23.77	0.732302
23.76	0.732348
23.75	0.732395
23.74	0.732441
23.73	0.732487
23.72	0.732534
23.71	0.73258
23.7	0.732627
23.69	0.732674
23.68	0.73272
23.67	0.732767
23.66	0.732814
23.65	0.73286
23.64	0.732907
23.63	0.732954
23.62	0.733001
23.61	0.733048
23.6	0.733095
23.59	0.733142
23.58	0.733189
23.57	0.733236
23.56	0.733283
23.55	0.733331
23.54	0.733378
23.53	0.733425
23.52	0.733473
23.51	0.73352
23.5	0.733567
23.49	0.733615
23.48	0.733662
23.47	0.73371
23.46	0.733758
23.45	0.733805
23.44	0.733853
23.43	0.733901
23.42	0.733949
23.41	0.733997
23.4	0.734044
23.39	0.734092
23.38	0.73414
23.37	0.734188
23.36	0.734236
23.35	0.734285
23.34	0.734333
23.33	0.734381
23.32	0.734429
23.31	0.734478
23.3	0.734526
23.29	0.734574
23.28	0.734623
23.27	0.734671
23.26	0.73472
23.25	0.734769
23.24	0.734817
23.23	0.734866
23.22	0.734915
23.21	0.734964
23.2	0.735012
23.19	0.735061
23.18	0.73511
23.17	0.735159
23.16	0.735208
23.15	0.735257
23.14	0.735307
23.13	0.735356
23.12	0.735405
23.11	0.735454
23.1	0.735504
23.09	0.735553
23.08	0.735602
23.07	0.735652
23.06	0.735701
23.05	0.735751
23.04	0.735801
23.03	0.73585
23.02	0.7359
23.01	0.73595
23	0.736
22.99	0.736049
22.98	0.736099
22.97	0.736149
22.96	0.736199
22.95	0.736249
22.94	0.7363
22.93	0.73635
22.92	0.7364
22.91	0.73645
22.9	0.736501
22.89	0.736551
22.88	0.736601
22.87	0.736652
22.86	0.736702
22.85	0.736753
22.84	0.736803
22.83	0.736854
22.82	0.736905
22.81	0.736956
22.8	0.737006
22.79	0.737057
22.78	0.737108
22.77	0.737159
22.76	0.73721
22.75	0.737261
22.74	0.737312
22.73	0.737364
22.72	0.737415
22.71	0.737466
22.7	0.737517
22.69	0.737569
22.68	0.73762
22.67	0.737672
22.66	0.737723
22.65	0.737775
22.64	0.737826
22.63	0.737878
22.62	0.73793
22.61	0.737982
22.6	0.738033
22.59	0.738085
22.58	0.738137
22.57	0.738189
22.56	0.738241
22.55	0.738294
22.54	0.738346
22.53	0.738398
22.52	0.73845
22.51	0.738502
22.5	0.738555
22.49	0.738607
22.48	0.73866
22.47	0.738712
22.46	0.738765
22.45	0.738818
22.44	0.73887
22.43	0.738923
22.42	0.738976
22.41	0.739029
22.4	0.739082
22.39	0.739134
22.38	0.739187
22.37	0.739241
22.36	0.739294
22.35	0.739347
22.34	0.7394
22.33	0.739453
22.32	0.739507
22.31	0.73956
22.3	0.739614
22.29	0.739667
22.28	0.739721
22.27	0.739774
22.26	0.739828
22.25	0.739882
22.24	0.739935
22.23	0.739989
22.22	0.740043
22.21	0.740097
22.2	0.740151
22.19	0.740205
22.18	0.740259
22.17	0.740313
22.16	0.740368
22.15	0.740422
22.14	0.740476
22.13	0.740531
22.12	0.740585
22.11	0.740639
22.1	0.740694
22.09	0.740749
22.08	0.740803
22.07	0.740858
22.06	0.740913
22.05	0.740968
22.04	0.741023
22.03	0.741077
22.02	0.741132
22.01	0.741188
22	0.741243
21.99	0.741298
21.98	0.741353
21.97	0.741408
21.96	0.741464
21.95	0.741519
21.94	0.741575
21.93	0.74163
21.92	0.741686
21.91	0.741741
21.9	0.741797
21.89	0.741853
21.88	0.741909
21.87	0.741965
21.86	0.74202
21.85	0.742076
21.84	0.742133
21.83	0.742189
21.82	0.742245
21.81	0.742301
21.8	0.742357
21.79	0.742414
21.78	0.74247
21.77	0.742527
21.76	0.742583
21.75	0.74264
21.74	0.742696
21.73	0.742753
21.72	0.74281
21.71	0.742867
21.7	0.742923
21.69	0.74298
21.68	0.743037
21.67	0.743094
21.66	0.743152
21.65	0.743209
21.64	0.743266
21.63	0.743323
21.62	0.743381
21.61	0.743438
21.6	0.743496
21.59	0.743553
21.58	0.743611
21.57	0.743668
21.56	0.743726
21.55	0.743784
21.54	0.743842
21.53	0.7439
21.52	0.743958
21.51	0.744016
21.5	0.744074
21.49	0.744132
21.48	0.74419
21.47	0.744248
21.46	0.744307
21.45	0.744365
21.44	0.744424
21.43	0.744482
21.42	0.744541
21.41	0.744599
21.4	0.744658
21.39	0.744717
21.38	0.744776
21.37	0.744835
21.36	0.744894
21.35	0.744953
21.34	0.745012
21.33	0.745071
21.32	0.74513
21.31	0.745189
21.3	0.745249
21.29	0.745308
21.28	0.745368
21.27	0.745427
21.26	0.745487
21.25	0.745547
21.24	0.745606
21.23	0.745666
21.22	0.745726
21.21	0.745786
21.2	0.745846
21.19	0.745906
21.18	0.745966
21.17	0.746026
21.16	0.746087
21.15	0.746147
21.14	0.746207
21.13	0.746268
21.12	0.746328
21.11	0.746389
21.1	0.74645
21.09	0.74651
21.08	0.746571
21.07	0.746632
21.06	0.746693
21.05	0.746754
21.04	0.746815
21.03	0.746876
21.02	0.746937
21.01	0.746998
21	0.74706
20.99	0.747121
20.98	0.747183
20.97	0.747244
20.96	0.747306
20.95	0.747367
20.94	0.747429
20.93	0.747491
20.92	0.747553
20.91	0.747615
20.9	0.747677
20.89	0.747739
20.88	0.747801
20.87	0.747863
20.86	0.747925
20.85	0.747988
20.84	0.74805
20.83	0.748112
20.82	0.748175
20.81	0.748238
20.8	0.7483
20.79	0.748363
20.78	0.748426
20.77	0.748489
20.76	0.748552
20.75	0.748615
20.74	0.748678
20.73	0.748741
20.72	0.748804
20.71	0.748868
20.7	0.748931
20.69	0.748994
20.68	0.749058
20.67	0.749122
20.66	0.749185
20.65	0.749249
20.64	0.749313
20.63	0.749377
20.62	0.749441
20.61	0.749505
20.6	0.749569
20.59	0.749633
20.58	0.749697
20.57	0.749761
20.56	0.749826
20.55	0.74989
20.54	0.749955
20.53	0.750019
20.52	0.750084
20.51	0.750149
20.5	0.750214
20.49	0.750279
20.48	0.750344
20.47	0.750409
20.46	0.750474
20.45	0.750539
20.44	0.750604
20.43	0.750669
20.42	0.750735
20.41	0.7508
20.4	0.750866
20.39	0.750931
20.38	0.750997
20.37	0.751063
20.36	0.751129
20.35	0.751195
20.34	0.751261
20.33	0.751327
20.32	0.751393
20.31	0.751459
20.3	0.751525
20.29	0.751592
20.28	0.751658
20.27	0.751725
20.26	0.751791
20.25	0.751858
20.24	0.751925
20.23	0.751992
20.22	0.752059
20.21	0.752126
20.2	0.752193
20.19	0.75226
20.18	0.752327
20.17	0.752394
20.16	0.752462
20.15	0.752529
20.14	0.752597
20.13	0.752664
20.12	0.752732
20.11	0.7528
20.1	0.752867
20.09	0.752935
20.08	0.753003
20.07	0.753071
20.06	0.75314
20.05	0.753208
20.04	0.753276
20.03	0.753344
20.02	0.753413
20.01	0.753482
20	0.75355
19.99	0.753619
19.98	0.753688
19.97	0.753756
19.96	0.753825
19.95	0.753894
19.94	0.753964
19.93	0.754033
19.92	0.754102
19.91	0.754171
19.9	0.754241
19.89	0.75431
19.88	0.75438
19.87	0.754449
19.86	0.754519
19.85	0.754589
19.84	0.754659
19.83	0.754729
19.82	0.754799
19.81	0.754869
19.8	0.754939
19.79	0.75501
19.78	0.75508
19.77	0.755151
19.76	0.755221
19.75	0.755292
19.74	0.755363
19.73	0.755433
19.72	0.755504
19.71	0.755575
19.7	0.755646
19.69	0.755717
19.68	0.755789
19.67	0.75586
19.66	0.755931
19.65	0.756003
19.64	0.756074
19.63	0.756146
19.62	0.756218
19.61	0.75629
19.6	0.756362
19.59	0.756434
19.58	0.756506
19.57	0.756578
19.56	0.75665
19.55	0.756722
19.54	0.756795
19.53	0.756867
19.52	0.75694
19.51	0.757013
19.5	0.757085
19.49	0.757158
19.48	0.757231
19.47	0.757304
19.46	0.757377
19.45	0.757451
19.44	0.757524
19.43	0.757597
19.42	0.757671
19.41	0.757744
19.4	0.757818
19.39	0.757892
19.38	0.757965
19.37	0.758039
19.36	0.758113
19.35	0.758187
19.34	0.758262
19.33	0.758336
19.32	0.75841
19.31	0.758485
19.3	0.758559
19.29	0.758634
19.28	0.758709
19.27	0.758783
19.26	0.758858
19.25	0.758933
19.24	0.759008
19.23	0.759083
19.22	0.759159
19.21	0.759234
19.2	0.759309
19.19	0.759385
19.18	0.759461
19.17	0.759536
19.16	0.759612
19.15	0.759688
19.14	0.759764
19.13	0.75984
19.12	0.759916
19.11	0.759993
19.1	0.760069
19.09	0.760145
19.08	0.760222
19.07	0.760299
19.06	0.760375
19.05	0.760452
19.04	0.760529
19.03	0.760606
19.02	0.760683
19.01	0.76076
19	0.760838
18.99	0.760915
18.98	0.760993
18.97	0.76107
18.96	0.761148
18.95	0.761226
18.94	0.761304
18.93	0.761382
18.92	0.76146
18.91	0.761538
18.9	0.761616
18.89	0.761694
18.88	0.761773
18.87	0.761851
18.86	0.76193
18.85	0.762009
18.84	0.762088
18.83	0.762167
18.82	0.762246
18.81	0.762325
18.8	0.762404
18.79	0.762483
18.78	0.762563
18.77	0.762642
18.76	0.762722
18.75	0.762802
18.74	0.762882
18.73	0.762961
18.72	0.763041
18.71	0.763122
18.7	0.763202
18.69	0.763282
18.68	0.763363
18.67	0.763443
18.66	0.763524
18.65	0.763604
18.64	0.763685
18.63	0.763766
18.62	0.763847
18.61	0.763928
18.6	0.76401
18.59	0.764091
18.58	0.764172
18.57	0.764254
18.56	0.764336
18.55	0.764417
18.54	0.764499
18.53	0.764581
18.52	0.764663
18.51	0.764745
18.5	0.764828
18.49	0.76491
18.48	0.764993
18.47	0.765075
18.46	0.765158
18.45	0.765241
18.44	0.765324
18.43	0.765407
18.42	0.76549
18.41	0.765573
18.4	0.765656
18.39	0.76574
18.38	0.765823
18.37	0.765907
18.36	0.765991
18.35	0.766075
18.34	0.766159
18.33	0.766243
18.32	0.766327
18.31	0.766411
18.3	0.766495
18.29	0.76658
18.28	0.766665
18.27	0.766749
18.26	0.766834
18.25	0.766919
18.24	0.767004
18.23	0.767089
18.22	0.767175
18.21	0.76726
18.2	0.767345
18.19	0.767431
18.18	0.767517
18.17	0.767603
18.16	0.767689
18.15	0.767775
18.14	0.767861
18.13	0.767947
18.12	0.768033
18.11	0.76812
18.1	0.768206
18.09	0.768293
18.08	0.76838
18.07	0.768467
18.06	0.768554
18.05	0.768641
18.04	0.768728
18.03	0.768816
18.02	0.768903
18.01	0.768991
18	0.769079
17.99	0.769167
17.98	0.769255
17.97	0.769343
17.96	0.769431
17.95	0.769519
17.94	0.769608
17.93	0.769696
17.92	0.769785
17.91	0.769874
17.9	0.769962
17.89	0.770052
17.88	0.770141
17.87	0.77023
17.86	0.770319
17.85	0.770409
17.84	0.770498
17.83	0.770588
17.82	0.770678
17.81	0.770768
17.8	0.770858
17.79	0.770948
17.78	0.771039
17.77	0.771129
17.76	0.771219
17.75	0.77131
17.74	0.771401
17.73	0.771492
17.72	0.771583
17.71	0.771674
17.7	0.771765
17.69	0.771857
17.68	0.771948
17.67	0.77204
17.66	0.772132
17.65	0.772224
17.64	0.772316
17.63	0.772408
17.62	0.7725
17.61	0.772592
17.6	0.772685
17.59	0.772778
17.58	0.77287
17.57	0.772963
17.56	0.773056
17.55	0.773149
17.54	0.773243
17.53	0.773336
17.52	0.77343
17.51	0.773523
17.5	0.773617
17.49	0.773711
17.48	0.773805
17.47	0.773899
17.46	0.773993
17.45	0.774088
17.44	0.774182
17.43	0.774277
17.42	0.774372
17.41	0.774467
17.4	0.774562
17.39	0.774657
17.38	0.774752
17.37	0.774848
17.36	0.774943
17.35	0.775039
17.34	0.775135
17.33	0.775231
17.32	0.775327
17.31	0.775423
17.3	0.775519
17.29	0.775616
17.28	0.775713
17.27	0.775809
17.26	0.775906
17.25	0.776003
17.24	0.7761
17.23	0.776198
17.22	0.776295
17.21	0.776393
17.2	0.77649
17.19	0.776588
17.18	0.776686
17.17	0.776784
17.16	0.776882
17.15	0.776981
17.14	0.777079
17.13	0.777178
17.12	0.777277
17.11	0.777376
17.1	0.777475
17.09	0.777574
17.08	0.777673
17.07	0.777773
17.06	0.777872
17.05	0.777972
17.04	0.778072
17.03	0.778172
17.02	0.778272
17.01	0.778372
17	0.778473
16.99	0.778573
16.98	0.778674
16.97	0.778775
16.96	0.778876
16.95	0.778977
16.94	0.779078
16.93	0.77918
16.92	0.779281
16.91	0.779383
16.9	0.779485
16.89	0.779587
16.88	0.779689
16.87	0.779791
16.86	0.779894
16.85	0.779996
16.84	0.780099
16.83	0.780202
16.82	0.780305
16.81	0.780408
16.8	0.780511
16.79	0.780615
16.78	0.780719
16.77	0.780822
16.76	0.780926
16.75	0.78103
16.74	0.781134
16.73	0.781239
16.72	0.781343
16.71	0.781448
16.7	0.781553
16.69	0.781658
16.68	0.781763
16.67	0.781868
16.66	0.781973
16.65	0.782079
16.64	0.782185
16.63	0.78229
16.62	0.782396
16.61	0.782503
16.6	0.782609
16.59	0.782715
16.58	0.782822
16.57	0.782929
16.56	0.783036
16.55	0.783143
16.54	0.78325
16.53	0.783357
16.52	0.783465
16.51	0.783572
16.5	0.78368
16.49	0.783788
16.48	0.783896
16.47	0.784005
16.46	0.784113
16.45	0.784222
16.44	0.784331
16.43	0.78444
16.42	0.784549
16.41	0.784658
16.4	0.784767
16.39	0.784877
16.38	0.784987
16.37	0.785097
16.36	0.785207
16.35	0.785317
16.34	0.785427
16.33	0.785538
16.32	0.785649
16.31	0.785759
16.3	0.78587
16.29	0.785982
16.28	0.786093
16.27	0.786205
16.26	0.786316
16.25	0.786428
16.24	0.78654
16.23	0.786652
16.22	0.786765
16.21	0.786877
16.2	0.78699
16.19	0.787103
16.18	0.787216
16.17	0.787329
16.16	0.787442
16.15	0.787556
16.14	0.78767
16.13	0.787783
16.12	0.787897
16.11	0.788012
16.1	0.788126
16.09	0.788241
16.08	0.788355
16.07	0.78847
16.06	0.788585
16.05	0.7887
16.04	0.788816
16.03	0.788931
16.02	0.789047
16.01	0.789163
16	0.789279
15.99	0.789395
15.98	0.789512
15.97	0.789629
15.96	0.789745
15.95	0.789862
15.94	0.789979
15.93	0.790097
15.92	0.790214
15.91	0.790332
15.9	0.79045
15.89	0.790568
15.88	0.790686
15.87	0.790805
15.86	0.790923
15.85	0.791042
15.84	0.791161
15.83	0.79128
15.82	0.791399
15.81	0.791519
15.8	0.791638
15.79	0.791758
15.78	0.791878
15.77	0.791998
15.76	0.792119
15.75	0.792239
15.74	0.79236
15.73	0.792481
15.72	0.792602
15.71	0.792724
15.7	0.792845
15.69	0.792967
15.68	0.793089
15.67	0.793211
15.66	0.793333
15.65	0.793455
15.64	0.793578
15.63	0.793701
15.62	0.793824
15.61	0.793947
15.6	0.794071
15.59	0.794194
15.58	0.794318
15.57	0.794442
15.56	0.794566
15.55	0.79469
15.54	0.794815
15.53	0.79494
15.52	0.795065
15.51	0.79519
15.5	0.795315
15.49	0.795441
15.48	0.795566
15.47	0.795692
15.46	0.795818
15.45	0.795945
15.44	0.796071
15.43	0.796198
15.42	0.796325
15.41	0.796452
15.4	0.796579
15.39	0.796707
15.38	0.796835
15.37	0.796962
15.36	0.797091
15.35	0.797219
15.34	0.797347
15.33	0.797476
15.32	0.797605
15.31	0.797734
15.3	0.797864
15.29	0.797993
15.28	0.798123
15.27	0.798253
15.26	0.798383
15.25	0.798513
15.24	0.798644
15.23	0.798775
15.22	0.798906
15.21	0.799037
15.2	0.799168
15.19	0.7993
15.18	0.799432
15.17	0.799564
15.16	0.799696
15.15	0.799828
15.14	0.799961
15.13	0.800094
15.12	0.800227
15.11	0.800361
15.1	0.800494
15.09	0.800628
15.08	0.800762
15.07	0.800896
15.06	0.80103
15.05	0.801165
15.04	0.8013
15.03	0.801435
15.02	0.80157
15.01	0.801706
15	0.801841
14.99	0.801977
14.98	0.802113
14.97	0.80225
14.96	0.802386
14.95	0.802523
14.94	0.80266
14.93	0.802797
14.92	0.802935
14.91	0.803073
14.9	0.803211
14.89	0.803349
14.88	0.803487
14.87	0.803626
14.86	0.803765
14.85	0.803904
14.84	0.804043
14.83	0.804183
14.82	0.804322
14.81	0.804462
14.8	0.804603
14.79	0.804743
14.78	0.804884
14.77	0.805025
14.76	0.805166
14.75	0.805307
14.74	0.805449
14.73	0.805591
14.72	0.805733
14.71	0.805875
14.7	0.806018
14.69	0.80616
14.68	0.806303
14.67	0.806447
14.66	0.80659
14.65	0.806734
14.64	0.806878
14.63	0.807022
14.62	0.807167
14.61	0.807311
14.6	0.807456
14.59	0.807602
14.58	0.807747
14.57	0.807893
14.56	0.808039
14.55	0.808185
14.54	0.808331
14.53	0.808478
14.52	0.808625
14.51	0.808772
14.5	0.80892
14.49	0.809067
14.48	0.809215
14.47	0.809363
14.46	0.809512
14.45	0.80966
14.44	0.809809
14.43	0.809959
14.42	0.810108
14.41	0.810258
14.4	0.810408
14.39	0.810558
14.38	0.810708
14.37	0.810859
14.36	0.81101
14.35	0.811161
14.34	0.811313
14.33	0.811465
14.32	0.811617
14.31	0.811769
14.3	0.811921
14.29	0.812074
14.28	0.812227
14.27	0.812381
14.26	0.812534
14.25	0.812688
14.24	0.812842
14.23	0.812997
14.22	0.813151
14.21	0.813306
14.2	0.813461
14.19	0.813617
14.18	0.813773
14.17	0.813929
14.16	0.814085
14.15	0.814241
14.14	0.814398
14.13	0.814555
14.12	0.814713
14.11	0.81487
14.1	0.815028
14.09	0.815187
14.08	0.815345
14.07	0.815504
14.06	0.815663
14.05	0.815822
14.04	0.815982
14.03	0.816142
14.02	0.816302
14.01	0.816462
14	0.816623
13.99	0.816784
13.98	0.816945
13.97	0.817107
13.96	0.817269
13.95	0.817431
13.94	0.817593
13.93	0.817756
13.92	0.817919
13.91	0.818082
13.9	0.818246
13.89	0.81841
13.88	0.818574
13.87	0.818738
13.86	0.818903
13.85	0.819068
13.84	0.819234
13.83	0.819399
13.82	0.819565
13.81	0.819731
13.8	0.819898
13.79	0.820065
13.78	0.820232
13.77	0.820399
13.76	0.820567
13.75	0.820735
13.74	0.820904
13.73	0.821072
13.72	0.821241
13.71	0.821411
13.7	0.82158
13.69	0.82175
13.68	0.82192
13.67	0.822091
13.66	0.822262
13.65	0.822433
13.64	0.822604
13.63	0.822776
13.62	0.822948
13.61	0.82312
13.6	0.823293
13.59	0.823466
13.58	0.823639
13.57	0.823813
13.56	0.823987
13.55	0.824161
13.54	0.824336
13.53	0.824511
13.52	0.824686
13.51	0.824862
13.5	0.825037
13.49	0.825214
13.48	0.82539
13.47	0.825567
13.46	0.825744
13.45	0.825922
13.44	0.8261
13.43	0.826278
13.42	0.826456
13.41	0.826635
13.4	0.826814
13.39	0.826994
13.38	0.827174
13.37	0.827354
13.36	0.827535
13.35	0.827715
13.34	0.827897
13.33	0.828078
13.32	0.82826
13.31	0.828442
13.3	0.828625
13.29	0.828808
13.28	0.828991
13.27	0.829175
13.26	0.829359
13.25	0.829543
13.24	0.829728
13.23	0.829913
13.22	0.830098
13.21	0.830284
13.2	0.83047
13.19	0.830656
13.18	0.830843
13.17	0.83103
13.16	0.831217
13.15	0.831405
13.14	0.831593
13.13	0.831782
13.12	0.831971
13.11	0.83216
13.1	0.83235
13.09	0.83254
13.08	0.83273
13.07	0.832921
13.06	0.833112
13.05	0.833303
13.04	0.833495
13.03	0.833687
13.02	0.83388
13.01	0.834073
13	0.834266
12.99	0.83446
12.98	0.834654
12.97	0.834848
12.96	0.835043
12.95	0.835238
12.94	0.835434
12.93	0.83563
12.92	0.835826
12.91	0.836023
12.9	0.83622
12.89	0.836418
12.88	0.836615
12.87	0.836814
12.86	0.837012
12.85	0.837211
12.84	0.837411
12.83	0.837611
12.82	0.837811
12.81	0.838011
12.8	0.838212
12.79	0.838414
12.78	0.838616
12.77	0.838818
12.76	0.83902
12.75	0.839224
12.74	0.839427
12.73	0.839631
12.72	0.839835
12.71	0.84004
12.7	0.840245
12.69	0.84045
12.68	0.840656
12.67	0.840862
12.66	0.841069
12.65	0.841276
12.64	0.841483
12.63	0.841691
12.62	0.8419
12.61	0.842108
12.6	0.842318
12.59	0.842527
12.58	0.842737
12.57	0.842948
12.56	0.843158
12.55	0.84337
12.54	0.843581
12.53	0.843794
12.52	0.844006
12.51	0.844219
12.5	0.844433
12.49	0.844646
12.48	0.844861
12.47	0.845075
12.46	0.845291
12.45	0.845506
12.44	0.845722
12.43	0.845939
12.42	0.846156
12.41	0.846373
12.4	0.846591
12.39	0.846809
12.38	0.847028
12.37	0.847247
12.36	0.847467
12.35	0.847687
12.34	0.847907
12.33	0.848128
12.32	0.84835
12.31	0.848572
12.3	0.848794
12.29	0.849017
12.28	0.84924
12.27	0.849464
12.26	0.849688
12.25	0.849913
12.24	0.850138
12.23	0.850364
12.22	0.85059
12.21	0.850816
12.2	0.851043
12.19	0.851271
12.18	0.851499
12.17	0.851727
12.16	0.851956
12.15	0.852186
12.14	0.852416
12.13	0.852646
12.12	0.852877
12.11	0.853108
12.1	0.85334
12.09	0.853573
12.08	0.853806
12.07	0.854039
12.06	0.854273
12.05	0.854507
12.04	0.854742
12.03	0.854977
12.02	0.855213
12.01	0.855449
12	0.855686
11.99	0.855924
11.98	0.856162
11.97	0.8564
11.96	0.856639
11.95	0.856878
11.94	0.857118
11.93	0.857359
11.92	0.857599
11.91	0.857841
11.9	0.858083
11.89	0.858325
11.88	0.858569
11.87	0.858812
11.86	0.859056
11.85	0.859301
11.84	0.859546
11.83	0.859792
11.82	0.860038
11.81	0.860285
11.8	0.860532
11.79	0.86078
11.78	0.861028
11.77	0.861277
11.76	0.861527
11.75	0.861777
11.74	0.862027
11.73	0.862278
11.72	0.86253
11.71	0.862782
11.7	0.863035
11.69	0.863288
11.68	0.863542
11.67	0.863797
11.66	0.864052
11.65	0.864307
11.64	0.864564
11.63	0.86482
11.62	0.865078
11.61	0.865336
11.6	0.865594
11.59	0.865853
11.58	0.866113
11.57	0.866373
11.56	0.866634
11.55	0.866895
11.54	0.867157
11.53	0.86742
11.52	0.867683
11.51	0.867946
11.5	0.868211
11.49	0.868476
11.48	0.868741
11.47	0.869007
11.46	0.869274
11.45	0.869541
11.44	0.869809
11.43	0.870078
11.42	0.870347
11.41	0.870617
11.4	0.870887
11.39	0.871158
11.38	0.87143
11.37	0.871702
11.36	0.871975
11.35	0.872248
11.34	0.872522
11.33	0.872797
11.32	0.873073
11.31	0.873349
11.3	0.873625
11.29	0.873903
11.28	0.87418
11.27	0.874459
11.26	0.874738
11.25	0.875018
11.24	0.875299
11.23	0.87558
11.22	0.875862
11.21	0.876144
11.2	0.876427
11.19	0.876711
11.18	0.876996
11.17	0.877281
11.16	0.877567
11.15	0.877853
11.14	0.87814
11.13	0.878428
11.12	0.878717
11.11	0.879006
11.1	0.879296
11.09	0.879586
11.08	0.879877
11.07	0.880169
11.06	0.880462
11.05	0.880755
11.04	0.881049
11.03	0.881344
11.02	0.881639
11.01	0.881936
11	0.882232
10.99	0.88253
10.98	0.882828
10.97	0.883127
10.96	0.883427
10.95	0.883727
10.94	0.884028
10.93	0.88433
10.92	0.884633
10.91	0.884936
10.9	0.88524
10.89	0.885545
10.88	0.88585
10.87	0.886157
10.86	0.886464
10.85	0.886772
10.84	0.88708
10.83	0.887389
10.82	0.887699
10.81	0.88801
10.8	0.888322
10.79	0.888634
10.78	0.888947
10.77	0.889261
10.76	0.889575
10.75	0.889891
10.74	0.890207
10.73	0.890524
10.72	0.890841
10.71	0.89116
10.7	0.891479
10.69	0.891799
10.68	0.89212
10.67	0.892442
10.66	0.892764
10.65	0.893088
10.64	0.893412
10.63	0.893736
10.62	0.894062
10.61	0.894389
10.6	0.894716
10.59	0.895044
10.58	0.895373
10.57	0.895703
10.56	0.896034
10.55	0.896365
10.54	0.896697
10.53	0.89703
10.52	0.897364
10.51	0.897699
10.5	0.898035
10.49	0.898371
10.48	0.898709
10.47	0.899047
10.46	0.899386
10.45	0.899726
10.44	0.900067
10.43	0.900409
10.42	0.900751
10.41	0.901095
10.4	0.901439
10.39	0.901784
10.38	0.90213
10.37	0.902478
10.36	0.902825
10.35	0.903174
10.34	0.903524
10.33	0.903875
10.32	0.904226
10.31	0.904579
10.3	0.904932
10.29	0.905286
10.28	0.905641
10.27	0.905998
10.26	0.906355
10.25	0.906713
10.24	0.907072
10.23	0.907431
10.22	0.907792
10.21	0.908154
10.2	0.908517
10.19	0.908881
10.18	0.909245
10.17	0.909611
10.16	0.909977
10.15	0.910345
10.14	0.910713
10.13	0.911083
10.12	0.911454
10.11	0.911825
10.1	0.912197
10.09	0.912571
10.08	0.912945
10.07	0.913321
10.06	0.913697
10.05	0.914075
10.04	0.914453
10.03	0.914833
10.02	0.915214
10.01	0.915595
10	0.915978
9.99	0.916361
9.98	0.916746
9.97	0.917132
9.96	0.917519
9.95	0.917906
9.94	0.918295
9.93	0.918685
9.92	0.919076
9.91	0.919468
9.9	0.919862
9.89	0.920256
9.88	0.920651
9.87	0.921048
9.86	0.921445
9.85	0.921844
9.84	0.922243
9.83	0.922644
9.82	0.923046
9.81	0.923449
9.8	0.923853
9.79	0.924259
9.78	0.924665
9.77	0.925073
9.76	0.925481
9.75	0.925891
9.74	0.926302
9.73	0.926714
9.72	0.927128
9.71	0.927542
9.7	0.927958
9.69	0.928375
9.68	0.928793
9.67	0.929212
9.66	0.929632
9.65	0.930054
9.64	0.930476
9.63	0.9309
9.62	0.931325
9.61	0.931752
9.6	0.932179
9.59	0.932608
9.58	0.933038
9.57	0.933469
9.56	0.933902
9.55	0.934336
9.54	0.934771
9.53	0.935207
9.52	0.935644
9.51	0.936083
9.5	0.936523
9.49	0.936965
9.48	0.937407
9.47	0.937851
9.46	0.938296
9.45	0.938743
9.44	0.939191
9.43	0.93964
9.42	0.94009
9.41	0.940542
9.4	0.940995
9.39	0.941449
9.38	0.941905
9.37	0.942362
9.36	0.94282
9.35	0.94328
9.34	0.943741
9.33	0.944204
9.32	0.944668
9.31	0.945133
9.3	0.9456
9.29	0.946068
9.28	0.946537
9.27	0.947008
9.26	0.94748
9.25	0.947954
9.24	0.948429
9.23	0.948906
9.22	0.949384
9.21	0.949863
9.2	0.950344
9.19	0.950826
9.18	0.95131
9.17	0.951795
9.16	0.952282
9.15	0.95277
9.14	0.95326
9.13	0.953751
9.12	0.954244
9.11	0.954738
9.1	0.955234
9.09	0.955731
9.08	0.95623
9.07	0.95673
9.06	0.957232
9.05	0.957736
9.04	0.958241
9.03	0.958747
9.02	0.959255
9.01	0.959765
9	0.960276
8.99	0.960789
8.98	0.961304
8.97	0.96182
8.96	0.962337
8.95	0.962857
8.94	0.963378
8.93	0.963901
8.92	0.964425
8.91	0.964951
8.9	0.965478
8.89	0.966008
8.88	0.966538
8.87	0.967071
8.86	0.967605
8.85	0.968142
8.84	0.968679
8.83	0.969219
8.82	0.96976
8.81	0.970303
8.8	0.970848
8.79	0.971394
8.78	0.971942
8.77	0.972492
8.76	0.973044
8.75	0.973597
8.74	0.974153
8.73	0.97471
8.72	0.975269
8.71	0.97583
8.7	0.976392
8.69	0.976957
8.68	0.977523
8.67	0.978091
8.66	0.978661
8.65	0.979233
8.64	0.979807
8.63	0.980382
8.62	0.98096
8.61	0.981539
8.6	0.982121
8.59	0.982704
8.58	0.983289
8.57	0.983877
8.56	0.984466
8.55	0.985057
8.54	0.98565
8.53	0.986245
8.52	0.986842
8.51	0.987442
8.5	0.988043
8.49	0.988646
8.48	0.989251
8.47	0.989858
8.46	0.990468
8.45	0.991079
8.44	0.991693
8.43	0.992308
8.42	0.992926
8.41	0.993546
8.4	0.994168
8.39	0.994792
8.38	0.995418
8.37	0.996046
8.36	0.996677
8.35	0.99731
8.34	0.997945
8.33	0.998582
8.32	0.999221
8.31	0.999863
8.3	1.00051
8.29	1.00115
8.28	1.0018
8.27	1.00245
8.26	1.0031
8.25	1.00376
8.24	1.00442
8.23	1.00508
8.22	1.00574
8.21	1.0064
8.2	1.00707
8.19	1.00774
8.18	1.00841
8.17	1.00908
8.16	1.00976
8.15	1.01044
8.14	1.01112
8.13	1.0118
8.12	1.01249
8.11	1.01318
8.1	1.01387
8.09	1.01456
8.08	1.01526
8.07	1.01596
8.06	1.01666
8.05	1.01736
8.04	1.01807
8.03	1.01878
8.02	1.01949
8.01	1.0202
8	1.02092
7.99	1.02164
7.98	1.02236
7.97	1.02309
7.96	1.02381
7.95	1.02454
7.94	1.02528
7.93	1.02601
7.92	1.02675
7.91	1.02749
7.9	1.02823
7.89	1.02898
7.88	1.02973
7.87	1.03048
7.86	1.03124
7.85	1.03199
7.84	1.03276
7.83	1.03352
7.82	1.03428
7.81	1.03505
7.8	1.03583
7.79	1.0366
7.78	1.03738
7.77	1.03816
7.76	1.03894
7.75	1.03973
7.74	1.04052
7.73	1.04132
7.72	1.04211
7.71	1.04291
7.7	1.04371
7.69	1.04452
7.68	1.04533
7.67	1.04614
7.66	1.04695
7.65	1.04777
7.64	1.04859
7.63	1.04942
7.62	1.05025
7.61	1.05108
7.6	1.05191
7.59	1.05275
7.58	1.05359
7.57	1.05444
7.56	1.05528
7.55	1.05613
7.54	1.05699
7.53	1.05785
7.52	1.05871
7.51	1.05957
7.5	1.06044
7.49	1.06131
7.48	1.06219
7.47	1.06307
7.46	1.06395
7.45	1.06484
7.44	1.06573
7.43	1.06662
7.42	1.06752
7.41	1.06842
7.4	1.06932
7.39	1.07023
7.38	1.07114
7.37	1.07206
7.36	1.07298
7.35	1.0739
7.34	1.07483
7.33	1.07576
7.32	1.07669
7.31	1.07763
7.3	1.07857
7.29	1.07952
7.28	1.08047
7.27	1.08143
7.26	1.08238
7.25	1.08335
7.24	1.08431
7.23	1.08528
7.22	1.08626
7.21	1.08724
7.2	1.08822
7.19	1.08921
7.18	1.0902
7.17	1.0912
7.16	1.0922
7.15	1.0932
7.14	1.09421
7.13	1.09523
7.12	1.09624
7.11	1.09727
7.1	1.09829
7.09	1.09932
7.08	1.10036
7.07	1.1014
7.06	1.10244
7.05	1.10349
7.04	1.10455
7.03	1.10561
7.02	1.10667
7.01	1.10774
7	1.10881
6.99	1.10989
6.98	1.11097
6.97	1.11206
6.96	1.11315
6.95	1.11425
6.94	1.11535
6.93	1.11646
6.92	1.11757
6.91	1.11869
6.9	1.11981
6.89	1.12094
6.88	1.12207
6.87	1.12321
6.86	1.12435
6.85	1.1255
6.84	1.12665
6.83	1.12781
6.82	1.12898
6.81	1.13015
6.8	1.13132
6.79	1.1325
6.78	1.13369
6.77	1.13488
6.76	1.13608
6.75	1.13728
6.74	1.13849
6.73	1.13971
6.72	1.14093
6.71	1.14215
6.7	1.14338
6.69	1.14462
6.68	1.14587
6.67	1.14712
6.66	1.14837
6.65	1.14963
6.64	1.1509
6.63	1.15218
6.62	1.15346
6.61	1.15474
6.6	1.15603
6.59	1.15733
6.58	1.15864
6.57	1.15995
6.56	1.16127
6.55	1.16259
6.54	1.16393
6.53	1.16526
6.52	1.16661
6.51	1.16796
6.5	1.16932
6.49	1.17068
6.48	1.17205
6.47	1.17343
6.46	1.17482
6.45	1.17621
6.44	1.17761
6.43	1.17902
6.42	1.18043
6.41	1.18185
6.4	1.18328
6.39	1.18471
6.38	1.18616
6.37	1.18761
6.36	1.18907
6.35	1.19053
6.34	1.192
6.33	1.19349
6.32	1.19497
6.31	1.19647
6.3	1.19797
6.29	1.19949
6.28	1.20101
6.27	1.20253
6.26	1.20407
6.25	1.20561
6.24	1.20717
6.23	1.20873
6.22	1.2103
6.21	1.21187
6.2	1.21346
6.19	1.21505
6.18	1.21666
6.17	1.21827
6.16	1.21989
6.15	1.22152
6.14	1.22316
6.13	1.2248
6.12	1.22646
6.11	1.22813
6.1	1.2298
6.09	1.23148
6.08	1.23318
6.07	1.23488
6.06	1.23659
6.05	1.23831
6.04	1.24005
6.03	1.24179
6.02	1.24354
6.01	1.2453
6	1.24707
5.99	1.24885
5.98	1.25064
5.97	1.25244
5.96	1.25425
5.95	1.25607
5.94	1.25791
5.93	1.25975
5.92	1.2616
5.91	1.26347
5.9	1.26534
5.89	1.26723
5.88	1.26913
5.87	1.27104
5.86	1.27295
5.85	1.27489
5.84	1.27683
5.83	1.27878
5.82	1.28075
5.81	1.28272
5.8	1.28471
5.79	1.28672
5.78	1.28873
5.77	1.29075
5.76	1.29279
5.75	1.29484
5.74	1.2969
5.73	1.29898
5.72	1.30107
5.71	1.30317
5.7	1.30528
5.69	1.30741
5.68	1.30955
5.67	1.3117
5.66	1.31387
5.65	1.31605
5.64	1.31824
5.63	1.32045
5.62	1.32267
5.61	1.3249
5.6	1.32715
5.59	1.32942
5.58	1.3317
5.57	1.33399
5.56	1.3363
5.55	1.33862
5.54	1.34096
5.53	1.34331
5.52	1.34568
5.51	1.34806
5.5	1.35046
5.49	1.35287
5.48	1.35531
5.47	1.35775
5.46	1.36022
5.45	1.36269
5.44	1.36519
5.43	1.3677
5.42	1.37023
5.41	1.37278
5.4	1.37534
5.39	1.37792
5.38	1.38052
5.37	1.38314
5.36	1.38577
5.35	1.38843
5.34	1.3911
5.33	1.39379
5.32	1.39649
5.31	1.39922
5.3	1.40197
5.29	1.40473
5.28	1.40751
5.27	1.41032
5.26	1.41314
5.25	1.41599
5.24	1.41885
5.23	1.42173
5.22	1.42464
5.21	1.42757
5.2	1.43051
5.19	1.43348
5.18	1.43647
5.17	1.43948
5.16	1.44252
5.15	1.44557
5.14	1.44865
5.13	1.45175
5.12	1.45488
5.11	1.45802
5.1	1.46119
5.09	1.46439
5.08	1.46761
5.07	1.47085
5.06	1.47412
5.05	1.47741
5.04	1.48073
5.03	1.48407
5.02	1.48744
5.01	1.49084
5	1.49426
4.99	1.49771
4.98	1.50118
4.97	1.50468
4.96	1.50821
4.95	1.51177
4.94	1.51535
4.93	1.51897
4.92	1.52261
4.91	1.52628
4.9	1.52998
4.89	1.53372
4.88	1.53748
4.87	1.54127
4.86	1.54509
4.85	1.54895
4.84	1.55283
4.83	1.55675
4.82	1.5607
4.81	1.56469
4.8	1.5687
4.79	1.57275
4.78	1.57684
4.77	1.58096
4.76	1.58511
4.75	1.5893
4.74	1.59353
4.73	1.59779
4.72	1.60209
4.71	1.60642
4.7	1.6108
4.69	1.61521
4.68	1.61966
4.67	1.62415
4.66	1.62868
4.65	1.63325
4.64	1.63786
4.63	1.64252
4.62	1.64721
4.61	1.65195
4.6	1.65673
4.59	1.66155
4.58	1.66642
4.57	1.67133
4.56	1.67629
4.55	1.68129
4.54	1.68634
4.53	1.69144
4.52	1.69659
4.51	1.70178
4.5	1.70702
4.49	1.71232
4.48	1.71766
4.47	1.72306
4.46	1.72851
4.45	1.73401
4.44	1.73957
4.43	1.74518
4.42	1.75084
4.41	1.75656
4.4	1.76234
4.39	1.76818
4.38	1.77407
4.37	1.78003
4.36	1.78604
4.35	1.79212
4.34	1.79826
4.33	1.80446
4.32	1.81072
4.31	1.81706
4.3	1.82345
4.29	1.82992
4.28	1.83645
4.27	1.84306
4.26	1.84973
4.25	1.85647
4.24	1.86329
4.23	1.87019
4.22	1.87715
4.21	1.8842
4.2	1.89132
4.19	1.89852
4.18	1.9058
4.17	1.91316
4.16	1.92061
4.15	1.92814
4.14	1.93576
4.13	1.94346
4.12	1.95126
4.11	1.95914
4.1	1.96712
4.09	1.97518
4.08	1.98335
4.07	1.99161
4.06	1.99997
4.05	2.00843
4.04	2.017
4.03	2.02567
4.02	2.03444
4.01	2.04333
4	2.05232
3.99	2.06143
3.98	2.07065
3.97	2.07998
3.96	2.08944
3.95	2.09902
3.94	2.10872
3.93	2.11855
3.92	2.1285
3.91	2.13859
3.9	2.14881
3.89	2.15917
3.88	2.16967
3.87	2.18031
3.86	2.19109
3.85	2.20203
3.84	2.21311
3.83	2.22435
3.82	2.23575
3.81	2.24731
3.8	2.25903
3.79	2.27093
3.78	2.28299
3.77	2.29524
3.76	2.30766
3.75	2.32027
3.74	2.33306
3.73	2.34605
3.72	2.35924
3.71	2.37263
3.7	2.38622
3.69	2.40003
3.68	2.41406
3.67	2.42831
3.66	2.44279
3.65	2.4575
3.64	2.47246
3.63	2.48766
3.62	2.50311
3.61	2.51882
3.6	2.5348
3.59	2.55106
3.58	2.56759
3.57	2.58442
3.56	2.60154
3.55	2.61897
3.54	2.63671
3.53	2.65477
3.52	2.67317
3.51	2.69191
3.5	2.71101
3.49	2.73047
3.48	2.75031
3.47	2.77053
3.46	2.79115
3.45	2.81219
3.44	2.83365
3.43	2.85556
3.42	2.87792
3.41	2.90075
3.4	2.92407
3.39	2.94789
3.38	2.97224
3.37	2.99713
3.36	3.02258
3.35	3.04861
3.34	3.07526
3.33	3.10253
3.32	3.13046
3.31	3.15908
3.3	3.1884
3.29	3.21847
3.28	3.24931
3.27	3.28096
3.26	3.31345
3.25	3.34683
3.24	3.38113
3.23	3.41641
3.22	3.4527
3.21	3.49006
3.2	3.52855
3.19	3.56822
3.18	3.60915
3.17	3.6514
3.16	3.69504
3.15	3.74017
3.14	3.78687
3.13	3.83525
3.12	3.8854
3.11	3.93745
3.1	3.99154
3.09	4.04781
3.08	4.10643
3.07	4.16757
3.06	4.23144
3.05	4.29828
3.04	4.36834
3.03	4.44192
3.02	4.51936
3.01	4.60106
3	4.68746
2.99	4.77909
2.98	4.87659
2.97	4.9807
2.96	5.09231
2.95	5.21253
2.94	5.34269
2.93	5.48451
2.92	5.64015
2.91	5.81247
2.9	6.00528
2.89	6.2239
2.88	6.47603
2.87	6.77345
2.86	7.13543
2.85	7.59706
2.84	8.23312
2.83	9.25704
2.82	12.1301
-2.82	12.1301
-2.83	9.25704
-2.84	8.23312
-2.85	7.59706
-2.86	7.13543
-2.87	6.77345
-2.88	6.47603
-2.89	6.2239
-2.9	6.00528
-2.91	5.81247
-2.92	5.64015
-2.93	5.48451
-2.94	5.34269
-2.95	5.21253
-2.96	5.09231
-2.97	4.9807
-2.98	4.87659
-2.99	4.77909
-3	4.68746
-3.01	4.60106
-3.02	4.51936
-3.03	4.44192
-3.04	4.36834
-3.05	4.29828
-3.06	4.23144
-3.07	4.16757
-3.08	4.10643
-3.09	4.04781
-3.1	3.99154
-3.11	3.93745
-3.12	3.8854
-3.13	3.83525
-3.14	3.78687
-3.15	3.74017
-3.16	3.69504
-3.17	3.6514
-3.18	3.60915
-3.19	3.56822
-3.2	3.52855
-3.21	3.49006
-3.22	3.4527
-3.23	3.41641
-3.24	3.38113
-3.25	3.34683
-3.26	3.31345
-3.27	3.28096
-3.28	3.24931
-3.29	3.21847
-3.3	3.1884
-3.31	3.15908
-3.32	3.13046
-3.33	3.10253
-3.34	3.07526
-3.35	3.04861
-3.36	3.02258
-3.37	2.99713
-3.38	2.97224
-3.39	2.94789
-3.4	2.92407
-3.41	2.90075
-3.42	2.87792
-3.43	2.85556
-3.44	2.83365
-3.45	2.81219
-3.46	2.79115
-3.47	2.77053
-3.48	2.75031
-3.49	2.73047
-3.5	2.71101
-3.51	2.69191
-3.52	2.67317
-3.53	2.65477
-3.54	2.63671
-3.55	2.61897
-3.56	2.60154
-3.57	2.58442
-3.58	2.56759
-3.59	2.55106
-3.6	2.5348
-3.61	2.51882
-3.62	2.50311
-3.63	2.48766
-3.64	2.47246
-3.65	2.4575
-3.66	2.44279
-3.67	2.42831
-3.68	2.41406
-3.69	2.40003
-3.7	2.38622
-3.71	2.37263
-3.72	2.35924
-3.73	2.34605
-3.74	2.33306
-3.75	2.32027
-3.76	2.30766
-3.77	2.29524
-3.78	2.28299
-3.79	2.27093
-3.8	2.25903
-3.81	2.24731
-3.82	2.23575
-3.83	2.22435
-3.84	2.21311
-3.85	2.20203
-3.86	2.19109
-3.87	2.18031
-3.88	2.16967
-3.89	2.15917
-3.9	2.14881
-3.91	2.13859
-3.92	2.1285
-3.93	2.11855
-3.94	2.10872
-3.95	2.09902
-3.96	2.08944
-3.97	2.07998
-3.98	2.07065
-3.99	2.06143
-4	2.05232
-4.01	2.04333
-4.02	2.03444
-4.03	2.02567
-4.04	2.017
-4.05	2.00843
-4.06	1.99997
-4.07	1.99161
-4.08	1.98335
-4.09	1.97518
-4.1	1.96712
-4.11	1.95914
-4.12	1.95126
-4.13	1.94346
-4.14	1.93576
-4.15	1.92814
-4.16	1.92061
-4.17	1.91316
-4.18	1.9058
-4.19	1.89852
-4.2	1.89132
-4.21	1.8842
-4.22	1.87715
-4.23	1.87019
-4.24	1.86329
-4.25	1.85647
-4.26	1.84973
-4.27	1.84306
-4.28	1.83645
-4.29	1.82992
-4.3	1.82345
-4.31	1.81706
-4.32	1.81072
-4.33	1.80446
-4.34	1.79826
-4.35	1.79212
-4.36	1.78604
-4.37	1.78003
-4.38	1.77407
-4.39	1.76818
-4.4	1.76234
-4.41	1.75656
-4.42	1.75084
-4.43	1.74518
-4.44	1.73957
-4.45	1.73401
-4.46	1.72851
-4.47	1.72306
-4.48	1.71766
-4.49	1.71232
-4.5	1.70702
-4.51	1.70178
-4.52	1.69659
-4.53	1.69144
-4.54	1.68634
-4.55	1.68129
-4.56	1.67629
-4.57	1.67133
-4.58	1.66642
-4.59	1.66155
-4.6	1.65673
-4.61	1.65195
-4.62	1.64721
-4.63	1.64252
-4.64	1.63786
-4.65	1.63325
-4.66	1.62868
-4.67	1.62415
-4.68	1.61966
-4.69	1.61521
-4.7	1.6108
-4.71	1.60642
-4.72	1.60209
-4.73	1.59779
-4.74	1.59353
-4.75	1.5893
-4.76	1.58511
-4.77	1.58096
-4.78	1.57684
-4.79	1.57275
-4.8	1.5687
-4.81	1.56469
-4.82	1.5607
-4.83	1.55675
-4.84	1.55283
-4.85	1.54895
-4.86	1.54509
-4.87	1.54127
-4.88	1.53748
-4.89	1.53372
-4.9	1.52998
-4.91	1.52628
-4.92	1.52261
-4.93	1.51897
-4.94	1.51535
-4.95	1.51177
-4.96	1.50821
-4.97	1.50468
-4.98	1.50118
-4.99	1.49771
-5	1.49426
-5.01	1.49084
-5.02	1.48744
-5.03	1.48407
-5.04	1.48073
-5.05	1.47741
-5.06	1.47412
-5.07	1.47085
-5.08	1.46761
-5.09	1.46439
-5.1	1.46119
-5.11	1.45802
-5.12	1.45488
-5.13	1.45175
-5.14	1.44865
-5.15	1.44557
-5.16	1.44252
-5.17	1.43948
-5.18	1.43647
-5.19	1.43348
-5.2	1.43051
-5.21	1.42757
-5.22	1.42464
-5.23	1.42173
-5.24	1.41885
-5.25	1.41599
-5.26	1.41314
-5.27	1.41032
-5.28	1.40751
-5.29	1.40473
-5.3	1.40197
-5.31	1.39922
-5.32	1.39649
-5.33	1.39379
-5.34	1.3911
-5.35	1.38843
-5.36	1.38577
-5.37	1.38314
-5.38	1.38052
-5.39	1.37792
-5.4	1.37534
-5.41	1.37278
-5.42	1.37023
-5.43	1.3677
-5.44	1.36519
-5.45	1.36269
-5.46	1.36022
-5.47	1.35775
-5.48	1.35531
-5.49	1.35287
-5.5	1.35046
-5.51	1.34806
-5.52	1.34568
-5.53	1.34331
-5.54	1.34096
-5.55	1.33862
-5.56	1.3363
-5.57	1.33399
-5.58	1.3317
-5.59	1.32942
-5.6	1.32715
-5.61	1.3249
-5.62	1.32267
-5.63	1.32045
-5.64	1.31824
-5.65	1.31605
-5.66	1.31387
-5.67	1.3117
-5.68	1.30955
-5.69	1.30741
-5.7	1.30528
-5.71	1.30317
-5.72	1.30107
-5.73	1.29898
-5.74	1.2969
-5.75	1.29484
-5.76	1.29279
-5.77	1.29075
-5.78	1.28873
-5.79	1.28672
-5.8	1.28471
-5.81	1.28272
-5.82	1.28075
-5.83	1.27878
-5.84	1.27683
-5.85	1.27489
-5.86	1.27295
-5.87	1.27104
-5.88	1.26913
-5.89	1.26723
-5.9	1.26534
-5.91	1.26347
-5.92	1.2616
-5.93	1.25975
-5.94	1.25791
-5.95	1.25607
-5.96	1.25425
-5.97	1.25244
-5.98	1.25064
-5.99	1.24885
-6	1.24707
-6.01	1.2453
-6.02	1.24354
-6.03	1.24179
-6.04	1.24005
-6.05	1.23831
-6.06	1.23659
-6.07	1.23488
-6.08	1.23318
-6.09	1.23148
-6.1	1.2298
-6.11	1.22813
-6.12	1.22646
-6.13	1.2248
-6.14	1.22316
-6.15	1.22152
-6.16	1.21989
-6.17	1.21827
-6.18	1.21666
-6.19	1.21505
-6.2	1.21346
-6.21	1.21187
-6.22	1.2103
-6.23	1.20873
-6.24	1.20717
-6.25	1.20561
-6.26	1.20407
-6.27	1.20253
-6.28	1.20101
-6.29	1.19949
-6.3	1.19797
-6.31	1.19647
-6.32	1.19497
-6.33	1.19349
-6.34	1.192
-6.35	1.19053
-6.36	1.18907
-6.37	1.18761
-6.38	1.18616
-6.39	1.18471
-6.4	1.18328
-6.41	1.18185
-6.42	1.18043
-6.43	1.17902
-6.44	1.17761
-6.45	1.17621
-6.46	1.17482
-6.47	1.17343
-6.48	1.17205
-6.49	1.17068
-6.5	1.16932
-6.51	1.16796
-6.52	1.16661
-6.53	1.16526
-6.54	1.16393
-6.55	1.16259
-6.56	1.16127
-6.57	1.15995
-6.58	1.15864
-6.59	1.15733
-6.6	1.15603
-6.61	1.15474
-6.62	1.15346
-6.63	1.15218
-6.64	1.1509
-6.65	1.14963
-6.66	1.14837
-6.67	1.14712
-6.68	1.14587
-6.69	1.14462
-6.7	1.14338
-6.71	1.14215
-6.72	1.14093
-6.73	1.13971
-6.74	1.13849
-6.75	1.13728
-6.76	1.13608
-6.77	1.13488
-6.78	1.13369
-6.79	1.1325
-6.8	1.13132
-6.81	1.13015
-6.82	1.12898
-6.83	1.12781
-6.84	1.12665
-6.85	1.1255
-6.86	1.12435
-6.87	1.12321
-6.88	1.12207
-6.89	1.12094
-6.9	1.11981
-6.91	1.11869
-6.92	1.11757
-6.93	1.11646
-6.94	1.11535
-6.95	1.11425
-6.96	1.11315
-6.97	1.11206
-6.98	1.11097
-6.99	1.10989
-7	1.10881
-7.01	1.10774
-7.02	1.10667
-7.03	1.10561
-7.04	1.10455
-7.05	1.10349
-7.06	1.10244
-7.07	1.1014
-7.08	1.10036
-7.09	1.09932
-7.1	1.09829
-7.11	1.09727
-7.12	1.09624
-7.13	1.09523
-7.14	1.09421
-7.15	1.0932
-7.16	1.0922
-7.17	1.0912
-7.18	1.0902
-7.19	1.08921
-7.2	1.08822
-7.21	1.08724
-7.22	1.08626
-7.23	1.08528
-7.24	1.08431
-7.25	1.08335
-7.26	1.08238
-7.27	1.08143
-7.28	1.08047
-7.29	1.07952
-7.3	1.07857
-7.31	1.07763
-7.32	1.07669
-7.33	1.07576
-7.34	1.07483
-7.35	1.0739
-7.36	1.07298
-7.37	1.07206
-7.38	1.07114
-7.39	1.07023
-7.4	1.06932
-7.41	1.06842
-7.42	1.06752
-7.43	1.06662
-7.44	1.06573
-7.45	1.06484
-7.46	1.06395
-7.47	1.06307
-7.48	1.06219
-7.49	1.06131
-7.5	1.06044
-7.51	1.05957
-7.52	1.05871
-7.53	1.05785
-7.54	1.05699
-7.55	1.05613
-7.56	1.05528
-7.57	1.05444
-7.58	1.05359
-7.59	1.05275
-7.6	1.05191
-7.61	1.05108
-7.62	1.05025
-7.63	1.04942
-7.64	1.04859
-7.65	1.04777
-7.66	1.04695
-7.67	1.04614
-7.68	1.04533
-7.69	1.04452
-7.7	1.04371
-7.71	1.04291
-7.72	1.04211
-7.73	1.04132
-7.74	1.04052
-7.75	1.03973
-7.76	1.03894
-7.77	1.03816
-7.78	1.03738
-7.79	1.0366
-7.8	1.03583
-7.81	1.03505
-7.82	1.03428
-7.83	1.03352
-7.84	1.03276
-7.85	1.03199
-7.86	1.03124
-7.87	1.03048
-7.88	1.02973
-7.89	1.02898
-7.9	1.02823
-7.91	1.02749
-7.92	1.02675
-7.93	1.02601
-7.94	1.02528
-7.95	1.02454
-7.96	1.02381
-7.97	1.02309
-7.98	1.02236
-7.99	1.02164
-8	1.02092
-8.01	1.0202
-8.02	1.01949
-8.03	1.01878
-8.04	1.01807
-8.05	1.01736
-8.06	1.01666
-8.07	1.01596
-8.08	1.01526
-8.09	1.01456
-8.1	1.01387
-8.11	1.01318
-8.12	1.01249
-8.13	1.0118
-8.14	1.01112
-8.15	1.01044
-8.16	1.00976
-8.17	1.00908
-8.18	1.00841
-8.19	1.00774
-8.2	1.00707
-8.21	1.0064
-8.22	1.00574
-8.23	1.00508
-8.24	1.00442
-8.25	1.00376
-8.26	1.0031
-8.27	1.00245
-8.28	1.0018
-8.29	1.00115
-8.3	1.00051
-8.31	0.999863
-8.32	0.999221
-8.33	0.998582
-8.34	0.997945
-8.35	0.99731
-8.36	0.996677
-8.37	0.996046
-8.38	0.995418
-8.39	0.994792
-8.4	0.994168
-8.41	0.993546
-8.42	0.992926
-8.43	0.992308
-8.44	0.991693
-8.45	0.991079
-8.46	0.990468
-8.47	0.989858
-8.48	0.989251
-8.49	0.988646
-8.5	0.988043
-8.51	0.987442
-8.52	0.986842
-8.53	0.986245
-8.54	0.98565
-8.55	0.985057
-8.56	0.984466
-8.57	0.983877
-8.58	0.983289
-8.59	0.982704
-8.6	0.982121
-8.61	0.981539
-8.62	0.98096
-8.63	0.980382
-8.64	0.979807
-8.65	0.979233
-8.66	0.978661
-8.67	0.978091
-8.68	0.977523
-8.69	0.976957
-8.7	0.976392
-8.71	0.97583
-8.72	0.975269
-8.73	0.97471
-8.74	0.974153
-8.75	0.973597
-8.76	0.973044
-8.77	0.972492
-8.78	0.971942
-8.79	0.971394
-8.8	0.970848
-8.81	0.970303
-8.82	0.96976
-8.83	0.969219
-8.84	0.968679
-8.85	0.968142
-8.86	0.967605
-8.87	0.967071
-8.88	0.966538
-8.89	0.966008
-8.9	0.965478
-8.91	0.964951
-8.92	0.964425
-8.93	0.963901
-8.94	0.963378
-8.95	0.962857
-8.96	0.962337
-8.97	0.96182
-8.98	0.961304
-8.99	0.960789
-9	0.960276
-9.01	0.959765
-9.02	0.959255
-9.03	0.958747
-9.04	0.958241
-9.05	0.957736
-9.06	0.957232
-9.07	0.95673
-9.08	0.95623
-9.09	0.955731
-9.1	0.955234
-9.11	0.954738
-9.12	0.954244
-9.13	0.953751
-9.14	0.95326
-9.15	0.95277
-9.16	0.952282
-9.17	0.951795
-9.18	0.95131
-9.19	0.950826
-9.2	0.950344
-9.21	0.949863
-9.22	0.949384
-9.23	0.948906
-9.24	0.948429
-9.25	0.947954
-9.26	0.94748
-9.27	0.947008
-9.28	0.946537
-9.29	0.946068
-9.3	0.9456
-9.31	0.945133
-9.32	0.944668
-9.33	0.944204
-9.34	0.943741
-9.35	0.94328
-9.36	0.94282
-9.37	0.942362
-9.38	0.941905
-9.39	0.941449
-9.4	0.940995
-9.41	0.940542
-9.42	0.94009
-9.43	0.93964
-9.44	0.939191
-9.45	0.938743
-9.46	0.938296
-9.47	0.937851
-9.48	0.937407
-9.49	0.936965
-9.5	0.936523
-9.51	0.936083
-9.52	0.935644
-9.53	0.935207
-9.54	0.934771
-9.55	0.934336
-9.56	0.933902
-9.57	0.933469
-9.58	0.933038
-9.59	0.932608
-9.6	0.932179
-9.61	0.931752
-9.62	0.931325
-9.63	0.9309
-9.64	0.930476
-9.65	0.930054
-9.66	0.929632
-9.67	0.929212
-9.68	0.928793
-9.69	0.928375
-9.7	0.927958
-9.71	0.927542
-9.72	0.927128
-9.73	0.926714
-9.74	0.926302
-9.75	0.925891
-9.76	0.925481
-9.77	0.925073
-9.78	0.924665
-9.79	0.924259
-9.8	0.923853
-9.81	0.923449
-9.82	0.923046
-9.83	0.922644
-9.84	0.922243
-9.85	0.921844
-9.86	0.921445
-9.87	0.921048
-9.88	0.920651
-9.89	0.920256
-9.9	0.919862
-9.91	0.919468
-9.92	0.919076
-9.93	0.918685
-9.94	0.918295
-9.95	0.917906
-9.96	0.917519
-9.97	0.917132
-9.98	0.916746
-9.99	0.916361
-10	0.915978
-10.01	0.915595
-10.02	0.915214
-10.03	0.914833
-10.04	0.914453
-10.05	0.914075
-10.06	0.913697
-10.07	0.913321
-10.08	0.912945
-10.09	0.912571
-10.1	0.912197
-10.11	0.911825
-10.12	0.911454
-10.13	0.911083
-10.14	0.910713
-10.15	0.910345
-10.16	0.909977
-10.17	0.909611
-10.18	0.909245
-10.19	0.908881
-10.2	0.908517
-10.21	0.908154
-10.22	0.907792
-10.23	0.907431
-10.24	0.907072
-10.25	0.906713
-10.26	0.906355
-10.27	0.905998
-10.28	0.905641
-10.29	0.905286
-10.3	0.904932
-10.31	0.904579
-10.32	0.904226
-10.33	0.903875
-10.34	0.903524
-10.35	0.903174
-10.36	0.902825
-10.37	0.902478
-10.38	0.90213
-10.39	0.901784
-10.4	0.901439
-10.41	0.901095
-10.42	0.900751
-10.43	0.900409
-10.44	0.900067
-10.45	0.899726
-10.46	0.899386
-10.47	0.899047
-10.48	0.898709
-10.49	0.898371
-10.5	0.898035
-10.51	0.897699
-10.52	0.897364
-10.53	0.89703
-10.54	0.896697
-10.55	0.896365
-10.56	0.896034
-10.57	0.895703
-10.58	0.895373
-10.59	0.895044
-10.6	0.894716
-10.61	0.894389
-10.62	0.894062
-10.63	0.893736
-10.64	0.893412
-10.65	0.893088
-10.66	0.892764
-10.67	0.892442
-10.68	0.89212
-10.69	0.891799
-10.7	0.891479
-10.71	0.89116
-10.72	0.890841
-10.73	0.890524
-10.74	0.890207
-10.75	0.889891
-10.76	0.889575
-10.77	0.889261
-10.78	0.888947
-10.79	0.888634
-10.8	0.888322
-10.81	0.88801
-10.82	0.887699
-10.83	0.887389
-10.84	0.88708
-10.85	0.886772
-10.86	0.886464
-10.87	0.886157
-10.88	0.88585
-10.89	0.885545
-10.9	0.88524
-10.91	0.884936
-10.92	0.884633
-10.93	0.88433
-10.94	0.884028
-10.95	0.883727
-10.96	0.883427
-10.97	0.883127
-10.98	0.882828
-10.99	0.88253
-11	0.882232
-11.01	0.881936
-11.02	0.881639
-11.03	0.881344
-11.04	0.881049
-11.05	0.880755
-11.06	0.880462
-11.07	0.880169
-11.08	0.879877
-11.09	0.879586
-11.1	0.879296
-11.11	0.879006
-11.12	0.878717
-11.13	0.878428
-11.14	0.87814
-11.15	0.877853
-11.16	0.877567
-11.17	0.877281
-11.18	0.876996
-11.19	0.876711
-11.2	0.876427
-11.21	0.876144
-11.22	0.875862
-11.23	0.87558
-11.24	0.875299
-11.25	0.875018
-11.26	0.874738
-11.27	0.874459
-11.28	0.87418
-11.29	0.873903
-11.3	0.873625
-11.31	0.873349
-11.32	0.873073
-11.33	0.872797
-11.34	0.872522
-11.35	0.872248
-11.36	0.871975
-11.37	0.871702
-11.38	0.87143
-11.39	0.871158
-11.4	0.870887
-11.41	0.870617
-11.42	0.870347
-11.43	0.870078
-11.44	0.869809
-11.45	0.869541
-11.46	0.869274
-11.47	0.869007
-11.48	0.868741
-11.49	0.868476
-11.5	0.868211
-11.51	0.867946
-11.52	0.867683
-11.53	0.86742
-11.54	0.867157
-11.55	0.866895
-11.56	0.866634
-11.57	0.866373
-11.58	0.866113
-11.59	0.865853
-11.6	0.865594
-11.61	0.865336
-11.62	0.865078
-11.63	0.86482
-11.64	0.864564
-11.65	0.864307
-11.66	0.864052
-11.67	0.863797
-11.68	0.863542
-11.69	0.863288
-11.7	0.863035
-11.71	0.862782
-11.72	0.86253
-11.73	0.862278
-11.74	0.862027
-11.75	0.861777
-11.76	0.861527
-11.77	0.861277
-11.78	0.861028
-11.79	0.86078
-11.8	0.860532
-11.81	0.860285
-11.82	0.860038
-11.83	0.859792
-11.84	0.859546
-11.85	0.859301
-11.86	0.859056
-11.87	0.858812
-11.88	0.858569
-11.89	0.858325
-11.9	0.858083
-11.91	0.857841
-11.92	0.857599
-11.93	0.857359
-11.94	0.857118
-11.95	0.856878
-11.96	0.856639
-11.97	0.8564
-11.98	0.856162
-11.99	0.855924
-12	0.855686
-12.01	0.855449
-12.02	0.855213
-12.03	0.854977
-12.04	0.854742
-12.05	0.854507
-12.06	0.854273
-12.07	0.854039
-12.08	0.853806
-12.09	0.853573
-12.1	0.85334
-12.11	0.853108
-12.12	0.852877
-12.13	0.852646
-12.14	0.852416
-12.15	0.852186
-12.16	0.851956
-12.17	0.851727
-12.18	0.851499
-12.19	0.851271
-12.2	0.851043
-12.21	0.850816
-12.22	0.85059
-12.23	0.850364
-12.24	0.850138
-12.25	0.849913
-12.26	0.849688
-12.27	0.849464
-12.28	0.84924
-12.29	0.849017
-12.3	0.848794
-12.31	0.848572
-12.32	0.84835
-12.33	0.848128
-12.34	0.847907
-12.35	0.847687
-12.36	0.847467
-12.37	0.847247
-12.38	0.847028
-12.39	0.846809
-12.4	0.846591
-12.41	0.846373
-12.42	0.846156
-12.43	0.845939
-12.44	0.845722
-12.45	0.845506
-12.46	0.845291
-12.47	0.845075
-12.48	0.844861
-12.49	0.844646
-12.5	0.844433
-12.51	0.844219
-12.52	0.844006
-12.53	0.843794
-12.54	0.843581
-12.55	0.84337
-12.56	0.843158
-12.57	0.842948
-12.58	0.842737
-12.59	0.842527
-12.6	0.842318
-12.61	0.842108
-12.62	0.8419
-12.63	0.841691
-12.64	0.841483
-12.65	0.841276
-12.66	0.841069
-12.67	0.840862
-12.68	0.840656
-12.69	0.84045
-12.7	0.840245
-12.71	0.84004
-12.72	0.839835
-12.73	0.839631
-12.74	0.839427
-12.75	0.839224
-12.76	0.83902
-12.77	0.838818
-12.78	0.838616
-12.79	0.838414
-12.8	0.838212
-12.81	0.838011
-12.82	0.837811
-12.83	0.837611
-12.84	0.837411
-12.85	0.837211
-12.86	0.837012
-12.87	0.836814
-12.88	0.836615
-12.89	0.836418
-12.9	0.83622
-12.91	0.836023
-12.92	0.835826
-12.93	0.83563
-12.94	0.835434
-12.95	0.835238
-12.96	0.835043
-12.97	0.834848
-12.98	0.834654
-12.99	0.83446
-13	0.834266
-13.01	0.834073
-13.02	0.83388
-13.03	0.833687
-13.04	0.833495
-13.05	0.833303
-13.06	0.833112
-13.07	0.832921
-13.08	0.83273
-13.09	0.83254
-13.1	0.83235
-13.11	0.83216
-13.12	0.831971
-13.13	0.831782
-13.14	0.831593
-13.15	0.831405
-13.16	0.831217
-13.17	0.83103
-13.18	0.830843
-13.19	0.830656
-13.2	0.83047
-13.21	0.830284
-13.22	0.830098
-13.23	0.829913
-13.24	0.829728
-13.25	0.829543
-13.26	0.829359
-13.27	0.829175
-13.28	0.828991
-13.29	0.828808
-13.3	0.828625
-13.31	0.828442
-13.32	0.82826
-13.33	0.828078
-13.34	0.827897
-13.35	0.827715
-13.36	0.827535
-13.37	0.827354
-13.38	0.827174
-13.39	0.826994
-13.4	0.826814
-13.41	0.826635
-13.42	0.826456
-13.43	0.826278
-13.44	0.8261
-13.45	0.825922
-13.46	0.825744
-13.47	0.825567
-13.48	0.82539
-13.49	0.825214
-13.5	0.825037
-13.51	0.824862
-13.52	0.824686
-13.53	0.824511
-13.54	0.824336
-13.55	0.824161
-13.56	0.823987
-13.57	0.823813
-13.58	0.823639
-13.59	0.823466
-13.6	0.823293
-13.61	0.82312
-13.62	0.822948
-13.63	0.822776
-13.64	0.822604
-13.65	0.822433
-13.66	0.822262
-13.67	0.822091
-13.68	0.82192
-13.69	0.82175
-13.7	0.82158
-13.71	0.821411
-13.72	0.821241
-13.73	0.821072
-13.74	0.820904
-13.75	0.820735
-13.76	0.820567
-13.77	0.820399
-13.78	0.820232
-13.79	0.820065
-13.8	0.819898
-13.81	0.819731
-13.82	0.819565
-13.83	0.819399
-13.84	0.819234
-13.85	0.819068
-13.86	0.818903
-13.87	0.818738
-13.88	0.818574
-13.89	0.81841
-13.9	0.818246
-13.91	0.818082
-13.92	0.817919
-13.93	0.817756
-13.94	0.817593
-13.95	0.817431
-13.96	0.817269
-13.97	0.817107
-13.98	0.816945
-13.99	0.816784
-14	0.816623
-14.01	0.816462
-14.02	0.816302
-14.03	0.816142
-14.04	0.815982
-14.05	0.815822
-14.06	0.815663
-14.07	0.815504
-14.08	0.815345
-14.09	0.815187
-14.1	0.815028
-14.11	0.81487
-14.12	0.814713
-14.13	0.814555
-14.14	0.814398
-14.15	0.814241
-14.16	0.814085
-14.17	0.813929
-14.18	0.813773
-14.19	0.813617
-14.2	0.813461
-14.21	0.813306
-14.22	0.813151
-14.23	0.812997
-14.24	0.812842
-14.25	0.812688
-14.26	0.812534
-14.27	0.812381
-14.28	0.812227
-14.29	0.812074
-14.3	0.811921
-14.31	0.811769
-14.32	0.811617
-14.33	0.811465
-14.34	0.811313
-14.35	0.811161
-14.36	0.81101
-14.37	0.810859
-14.38	0.810708
-14.39	0.810558
-14.4	0.810408
-14.41	0.810258
-14.42	0.810108
-14.43	0.809959
-14.44	0.809809
-14.45	0.80966
-14.46	0.809512
-14.47	0.809363
-14.48	0.809215
-14.49	0.809067
-14.5	0.80892
-14.51	0.808772
-14.52	0.808625
-14.53	0.808478
-14.54	0.808331
-14.55	0.808185
-14.56	0.808039
-14.57	0.807893
-14.58	0.807747
-14.59	0.807602
-14.6	0.807456
-14.61	0.807311
-14.62	0.807167
-14.63	0.807022
-14.64	0.806878
-14.65	0.806734
-14.66	0.80659
-14.67	0.806447
-14.68	0.806303
-14.69	0.80616
-14.7	0.806018
-14.71	0.805875
-14.72	0.805733
-14.73	0.805591
-14.74	0.805449
-14.75	0.805307
-14.76	0.805166
-14.77	0.805025
-14.78	0.804884
-14.79	0.804743
-14.8	0.804603
-14.81	0.804462
-14.82	0.804322
-14.83	0.804183
-14.84	0.804043
-14.85	0.803904
-14.86	0.803765
-14.87	0.803626
-14.88	0.803487
-14.89	0.803349
-14.9	0.803211
-14.91	0.803073
-14.92	0.802935
-14.93	0.802797
-14.94	0.80266
-14.95	0.802523
-14.96	0.802386
-14.97	0.80225
-14.98	0.802113
-14.99	0.801977
-15	0.801841
-15.01	0.801706
-15.02	0.80157
-15.03	0.801435
-15.04	0.8013
-15.05	0.801165
-15.06	0.80103
-15.07	0.800896
-15.08	0.800762
-15.09	0.800628
-15.1	0.800494
-15.11	0.800361
-15.12	0.800227
-15.13	0.800094
-15.14	0.799961
-15.15	0.799828
-15.16	0.799696
-15.17	0.799564
-15.18	0.799432
-15.19	0.7993
-15.2	0.799168
-15.21	0.799037
-15.22	0.798906
-15.23	0.798775
-15.24	0.798644
-15.25	0.798513
-15.26	0.798383
-15.27	0.798253
-15.28	0.798123
-15.29	0.797993
-15.3	0.797864
-15.31	0.797734
-15.32	0.797605
-15.33	0.797476
-15.34	0.797347
-15.35	0.797219
-15.36	0.797091
-15.37	0.796962
-15.38	0.796835
-15.39	0.796707
-15.4	0.796579
-15.41	0.796452
-15.42	0.796325
-15.43	0.796198
-15.44	0.796071
-15.45	0.795945
-15.46	0.795818
-15.47	0.795692
-15.48	0.795566
-15.49	0.795441
-15.5	0.795315
-15.51	0.79519
-15.52	0.795065
-15.53	0.79494
-15.54	0.794815
-15.55	0.79469
-15.56	0.794566
-15.57	0.794442
-15.58	0.794318
-15.59	0.794194
-15.6	0.794071
-15.61	0.793947
-15.62	0.793824
-15.63	0.793701
-15.64	0.793578
-15.65	0.793455
-15.66	0.793333
-15.67	0.793211
-15.68	0.793089
-15.69	0.792967
-15.7	0.792845
-15.71	0.792724
-15.72	0.792602
-15.73	0.792481
-15.74	0.79236
-15.75	0.792239
-15.76	0.792119
-15.77	0.791998
-15.78	0.791878
-15.79	0.791758
-15.8	0.791638
-15.81	0.791519
-15.82	0.791399
-15.83	0.79128
-15.84	0.791161
-15.85	0.791042
-15.86	0.790923
-15.87	0.790805
-15.88	0.790686
-15.89	0.790568
-15.9	0.79045
-15.91	0.790332
-15.92	0.790214
-15.93	0.790097
-15.94	0.789979
-15.95	0.789862
-15.96	0.789745
-15.97	0.789629
-15.98	0.789512
-15.99	0.789395
-16	0.789279
-16.01	0.789163
-16.02	0.789047
-16.03	0.788931
-16.04	0.788816
-16.05	0.7887
-16.06	0.788585
-16.07	0.78847
-16.08	0.788355
-16.09	0.788241
-16.1	0.788126
-16.11	0.788012
-16.12	0.787897
-16.13	0.787783
-16.14	0.78767
-16.15	0.787556
-16.16	0.787442
-16.17	0.787329
-16.18	0.787216
-16.19	0.787103
-16.2	0.78699
-16.21	0.786877
-16.22	0.786765
-16.23	0.786652
-16.24	0.78654
-16.25	0.786428
-16.26	0.786316
-16.27	0.786205
-16.28	0.786093
-16.29	0.785982
-16.3	0.78587
-16.31	0.785759
-16.32	0.785649
-16.33	0.785538
-16.34	0.785427
-16.35	0.785317
-16.36	0.785207
-16.37	0.785097
-16.38	0.784987
-16.39	0.784877
-16.4	0.784767
-16.41	0.784658
-16.42	0.784549
-16.43	0.78444
-16.44	0.784331
-16.45	0.784222
-16.46	0.784113
-16.47	0.784005
-16.48	0.783896
-16.49	0.783788
-16.5	0.78368
-16.51	0.783572
-16.52	0.783465
-16.53	0.783357
-16.54	0.78325
-16.55	0.783143
-16.56	0.783036
-16.57	0.782929
-16.58	0.782822
-16.59	0.782715
-16.6	0.782609
-16.61	0.782503
-16.62	0.782396
-16.63	0.78229
-16.64	0.782185
-16.65	0.782079
-16.66	0.781973
-16.67	0.781868
-16.68	0.781763
-16.69	0.781658
-16.7	0.781553
-16.71	0.781448
-16.72	0.781343
-16.73	0.781239
-16.74	0.781134
-16.75	0.78103
-16.76	0.780926
-16.77	0.780822
-16.78	0.780719
-16.79	0.780615
-16.8	0.780511
-16.81	0.780408
-16.82	0.780305
-16.83	0.780202
-16.84	0.780099
-16.85	0.779996
-16.86	0.779894
-16.87	0.779791
-16.88	0.779689
-16.89	0.779587
-16.9	0.779485
-16.91	0.779383
-16.92	0.779281
-16.93	0.77918
-16.94	0.779078
-16.95	0.778977
-16.96	0.778876
-16.97	0.778775
-16.98	0.778674
-16.99	0.778573
-17	0.778473
-17.01	0.778372
-17.02	0.778272
-17.03	0.778172
-17.04	0.778072
-17.05	0.777972
-17.06	0.777872
-17.07	0.777773
-17.08	0.777673
-17.09	0.777574
-17.1	0.777475
-17.11	0.777376
-17.12	0.777277
-17.13	0.777178
-17.14	0.777079
-17.15	0.776981
-17.16	0.776882
-17.17	0.776784
-17.18	0.776686
-17.19	0.776588
-17.2	0.77649
-17.21	0.776393
-17.22	0.776295
-17.23	0.776198
-17.24	0.7761
-17.25	0.776003
-17.26	0.775906
-17.27	0.775809
-17.28	0.775713
-17.29	0.775616
-17.3	0.775519
-17.31	0.775423
-17.32	0.775327
-17.33	0.775231
-17.34	0.775135
-17.35	0.775039
-17.36	0.774943
-17.37	0.774848
-17.38	0.774752
-17.39	0.774657
-17.4	0.774562
-17.41	0.774467
-17.42	0.774372
-17.43	0.774277
-17.44	0.774182
-17.45	0.774088
-17.46	0.773993
-17.47	0.773899
-17.48	0.773805
-17.49	0.773711
-17.5	0.773617
-17.51	0.773523
-17.52	0.77343
-17.53	0.773336
-17.54	0.773243
-17.55	0.773149
-17.56	0.773056
-17.57	0.772963
-17.58	0.77287
-17.59	0.772778
-17.6	0.772685
-17.61	0.772592
-17.62	0.7725
-17.63	0.772408
-17.64	0.772316
-17.65	0.772224
-17.66	0.772132
-17.67	0.77204
-17.68	0.771948
-17.69	0.771857
-17.7	0.771765
-17.71	0.771674
-17.72	0.771583
-17.73	0.771492
-17.74	0.771401
-17.75	0.77131
-17.76	0.771219
-17.77	0.771129
-17.78	0.771039
-17.79	0.770948
-17.8	0.770858
-17.81	0.770768
-17.82	0.770678
-17.83	0.770588
-17.84	0.770498
-17.85	0.770409
-17.86	0.770319
-17.87	0.77023
-17.88	0.770141
-17.89	0.770052
-17.9	0.769962
-17.91	0.769874
-17.92	0.769785
-17.93	0.769696
-17.94	0.769608
-17.95	0.769519
-17.96	0.769431
-17.97	0.769343
-17.98	0.769255
-17.99	0.769167
-18	0.769079
-18.01	0.768991
-18.02	0.768903
-18.03	0.768816
-18.04	0.768728
-18.05	0.768641
-18.06	0.768554
-18.07	0.768467
-18.08	0.76838
-18.09	0.768293
-18.1	0.768206
-18.11	0.76812
-18.12	0.768033
-18.13	0.767947
-18.14	0.767861
-18.15	0.767775
-18.16	0.767689
-18.17	0.767603
-18.18	0.767517
-18.19	0.767431
-18.2	0.767345
-18.21	0.76726
-18.22	0.767175
-18.23	0.767089
-18.24	0.767004
-18.25	0.766919
-18.26	0.766834
-18.27	0.766749
-18.28	0.766665
-18.29	0.76658
-18.3	0.766495
-18.31	0.766411
-18.32	0.766327
-18.33	0.766243
-18.34	0.766159
-18.35	0.766075
-18.36	0.765991
-18.37	0.765907
-18.38	0.765823
-18.39	0.76574
-18.4	0.765656
-18.41	0.765573
-18.42	0.76549
-18.43	0.765407
-18.44	0.765324
-18.45	0.765241
-18.46	0.765158
-18.47	0.765075
-18.48	0.764993
-18.49	0.76491
-18.5	0.764828
-18.51	0.764745
-18.52	0.764663
-18.53	0.764581
-18.54	0.764499
-18.55	0.764417
-18.56	0.764336
-18.57	0.764254
-18.58	0.764172
-18.59	0.764091
-18.6	0.76401
-18.61	0.763928
-18.62	0.763847
-18.63	0.763766
-18.64	0.763685
-18.65	0.763604
-18.66	0.763524
-18.67	0.763443
-18.68	0.763363
-18.69	0.763282
-18.7	0.763202
-18.71	0.763122
-18.72	0.763041
-18.73	0.762961
-18.74	0.762882
-18.75	0.762802
-18.76	0.762722
-18.77	0.762642
-18.78	0.762563
-18.79	0.762483
-18.8	0.762404
-18.81	0.762325
-18.82	0.762246
-18.83	0.762167
-18.84	0.762088
-18.85	0.762009
-18.86	0.76193
-18.87	0.761851
-18.88	0.761773
-18.89	0.761694
-18.9	0.761616
-18.91	0.761538
-18.92	0.76146
-18.93	0.761382
-18.94	0.761304
-18.95	0.761226
-18.96	0.761148
-18.97	0.76107
-18.98	0.760993
-18.99	0.760915
-19	0.760838
-19.01	0.76076
-19.02	0.760683
-19.03	0.760606
-19.04	0.760529
-19.05	0.760452
-19.06	0.760375
-19.07	0.760299
-19.08	0.760222
-19.09	0.760145
-19.1	0.760069
-19.11	0.759993
-19.12	0.759916
-19.13	0.75984
-19.14	0.759764
-19.15	0.759688
-19.16	0.759612
-19.17	0.759536
-19.18	0.759461
-19.19	0.759385
-19.2	0.759309
-19.21	0.759234
-19.22	0.759159
-19.23	0.759083
-19.24	0.759008
-19.25	0.758933
-19.26	0.758858
-19.27	0.758783
-19.28	0.758709
-19.29	0.758634
-19.3	0.758559
-19.31	0.758485
-19.32	0.75841
-19.33	0.758336
-19.34	0.758262
-19.35	0.758187
-19.36	0.758113
-19.37	0.758039
-19.38	0.757965
-19.39	0.757892
-19.4	0.757818
-19.41	0.757744
-19.42	0.757671
-19.43	0.757597
-19.44	0.757524
-19.45	0.757451
-19.46	0.757377
-19.47	0.757304
-19.48	0.757231
-19.49	0.757158
-19.5	0.757085
-19.51	0.757013
-19.52	0.75694
-19.53	0.756867
-19.54	0.756795
-19.55	0.756722
-19.56	0.75665
-19.57	0.756578
-19.58	0.756506
-19.59	0.756434
-19.6	0.756362
-19.61	0.75629
-19.62	0.756218
-19.63	0.756146
-19.64	0.756074
-19.65	0.756003
-19.66	0.755931
-19.67	0.75586
-19.68	0.755789
-19.69	0.755717
-19.7	0.755646
-19.71	0.755575
-19.72	0.755504
-19.73	0.755433
-19.74	0.755363
-19.75	0.755292
-19.76	0.755221
-19.77	0.755151
-19.78	0.75508
-19.79	0.75501
-19.8	0.754939
-19.81	0.754869
-19.82	0.754799
-19.83	0.754729
-19.84	0.754659
-19.85	0.754589
-19.86	0.754519
-19.87	0.754449
-19.88	0.75438
-19.89	0.75431
-19.9	0.754241
-19.91	0.754171
-19.92	0.754102
-19.93	0.754033
-19.94	0.753964
-19.95	0.753894
-19.96	0.753825
-19.97	0.753756
-19.98	0.753688
-19.99	0.753619
-20	0.75355
-20.01	0.753482
-20.02	0.753413
-20.03	0.753344
-20.04	0.753276
-20.05	0.753208
-20.06	0.75314
-20.07	0.753071
-20.08	0.753003
-20.09	0.752935
-20.1	0.752867
-20.11	0.7528
-20.12	0.752732
-20.13	0.752664
-20.14	0.752597
-20.15	0.752529
-20.16	0.752462
-20.17	0.752394
-20.18	0.752327
-20.19	0.75226
-20.2	0.752193
-20.21	0.752126
-20.22	0.752059
-20.23	0.751992
-20.24	0.751925
-20.25	0.751858
-20.26	0.751791
-20.27	0.751725
-20.28	0.751658
-20.29	0.751592
-20.3	0.751525
-20.31	0.751459
-20.32	0.751393
-20.33	0.751327
-20.34	0.751261
-20.35	0.751195
-20.36	0.751129
-20.37	0.751063
-20.38	0.750997
-20.39	0.750931
-20.4	0.750866
-20.41	0.7508
-20.42	0.750735
-20.43	0.750669
-20.44	0.750604
-20.45	0.750539
-20.46	0.750474
-20.47	0.750409
-20.48	0.750344
-20.49	0.750279
-20.5	0.750214
-20.51	0.750149
-20.52	0.750084
-20.53	0.750019
-20.54	0.749955
-20.55	0.74989
-20.56	0.749826
-20.57	0.749761
-20.58	0.749697
-20.59	0.749633
-20.6	0.749569
-20.61	0.749505
-20.62	0.749441
-20.63	0.749377
-20.64	0.749313
-20.65	0.749249
-20.66	0.749185
-20.67	0.749122
-20.68	0.749058
-20.69	0.748994
-20.7	0.748931
-20.71	0.748868
-20.72	0.748804
-20.73	0.748741
-20.74	0.748678
-20.75	0.748615
-20.76	0.748552
-20.77	0.748489
-20.78	0.748426
-20.79	0.748363
-20.8	0.7483
-20.81	0.748238
-20.82	0.748175
-20.83	0.748112
-20.84	0.74805
-20.85	0.747988
-20.86	0.747925
-20.87	0.747863
-20.88	0.747801
-20.89	0.747739
-20.9	0.747677
-20.91	0.747615
-20.92	0.747553
-20.93	0.747491
-20.94	0.747429
-20.95	0.747367
-20.96	0.747306
-20.97	0.747244
-20.98	0.747183
-20.99	0.747121
-21	0.74706
-21.01	0.746998
-21.02	0.746937
-21.03	0.746876
-21.04	0.746815
-21.05	0.746754
-21.06	0.746693
-21.07	0.746632
-21.08	0.746571
-21.09	0.74651
-21.1	0.74645
-21.11	0.746389
-21.12	0.746328
-21.13	0.746268
-21.14	0.746207
-21.15	0.746147
-21.16	0.746087
-21.17	0.746026
-21.18	0.745966
-21.19	0.745906
-21.2	0.745846
-21.21	0.745786
-21.22	0.745726
-21.23	0.745666
-21.24	0.745606
-21.25	0.745547
-21.26	0.745487
-21.27	0.745427
-21.28	0.745368
-21.29	0.745308
-21.3	0.745249
-21.31	0.745189
-21.32	0.74513
-21.33	0.745071
-21.34	0.745012
-21.35	0.744953
-21.36	0.744894
-21.37	0.744835
-21.38	0.744776
-21.39	0.744717
-21.4	0.744658
-21.41	0.744599
-21.42	0.744541
-21.43	0.744482
-21.44	0.744424
-21.45	0.744365
-21.46	0.744307
-21.47	0.744248
-21.48	0.74419
-21.49	0.744132
-21.5	0.744074
-21.51	0.744016
-21.52	0.743958
-21.53	0.7439
-21.54	0.743842
-21.55	0.743784
-21.56	0.743726
-21.57	0.743668
-21.58	0.743611
-21.59	0.743553
-21.6	0.743496
-21.61	0.743438
-21.62	0.743381
-21.63	0.743323
-21.64	0.743266
-21.65	0.743209
-21.66	0.743152
-21.67	0.743094
-21.68	0.743037
-21.69	0.74298
-21.7	0.742923
-21.71	0.742867
-21.72	0.74281
-21.73	0.742753
-21.74	0.742696
-21.75	0.74264
-21.76	0.742583
-21.77	0.742527
-21.78	0.74247
-21.79	0.742414
-21.8	0.742357
-21.81	0.742301
-21.82	0.742245
-21.83	0.742189
-21.84	0.742133
-21.85	0.742076
-21.86	0.74202
-21.87	0.741965
-21.88	0.741909
-21.89	0.741853
-21.9	0.741797
-21.91	0.741741
-21.92	0.741686
-21.93	0.74163
-21.94	0.741575
-21.95	0.741519
-21.96	0.741464
-21.97	0.741408
-21.98	0.741353
-21.99	0.741298
-22	0.741243
-22.01	0.741188
-22.02	0.741132
-22.03	0.741077
-22.04	0.741023
-22.05	0.740968
-22.06	0.740913
-22.07	0.740858
-22.08	0.740803
-22.09	0.740749
-22.1	0.740694
-22.11	0.740639
-22.12	0.740585
-22.13	0.740531
-22.14	0.740476
-22.15	0.740422
-22.16	0.740368
-22.17	0.740313
-22.18	0.740259
-22.19	0.740205
-22.2	0.740151
-22.21	0.740097
-22.22	0.740043
-22.23	0.739989
-22.24	0.739935
-22.25	0.739882
-22.26	0.739828
-22.27	0.739774
-22.28	0.739721
-22.29	0.739667
-22.3	0.739614
-22.31	0.73956
-22.32	0.739507
-22.33	0.739453
-22.34	0.7394
-22.35	0.739347
-22.36	0.739294
-22.37	0.739241
-22.38	0.739187
-22.39	0.739134
-22.4	0.739082
-22.41	0.739029
-22.42	0.738976
-22.43	0.738923
-22.44	0.73887
-22.45	0.738818
-22.46	0.738765
-22.47	0.738712
-22.48	0.73866
-22.49	0.738607
-22.5	0.738555
-22.51	0.738502
-22.52	0.73845
-22.53	0.738398
-22.54	0.738346
-22.55	0.738294
-22.56	0.738241
-22.57	0.738189
-22.58	0.738137
-22.59	0.738085
-22.6	0.738033
-22.61	0.737982
-22.62	0.73793
-22.63	0.737878
-22.64	0.737826
-22.65	0.737775
-22.66	0.737723
-22.67	0.737672
-22.68	0.73762
-22.69	0.737569
-22.7	0.737517
-22.71	0.737466
-22.72	0.737415
-22.73	0.737364
-22.74	0.737312
-22.75	0.737261
-22.76	0.73721
-22.77	0.737159
-22.78	0.737108
-22.79	0.737057
-22.8	0.737006
-22.81	0.736956
-22.82	0.736905
-22.83	0.736854
-22.84	0.736803
-22.85	0.736753
-22.86	0.736702
-22.87	0.736652
-22.88	0.736601
-22.89	0.736551
-22.9	0.736501
-22.91	0.73645
-22.92	0.7364
-22.93	0.73635
-22.94	0.7363
-22.95	0.736249
-22.96	0.736199
-22.97	0.736149
-22.98	0.736099
-22.99	0.736049
-23	0.736
-23.01	0.73595
-23.02	0.7359
-23.03	0.73585
-23.04	0.735801
-23.05	0.735751
-23.06	0.735701
-23.07	0.735652
-23.08	0.735602
-23.09	0.735553
-23.1	0.735504
-23.11	0.735454
-23.12	0.735405
-23.13	0.735356
-23.14	0.735307
-23.15	0.735257
-23.16	0.735208
-23.17	0.735159
-23.18	0.73511
-23.19	0.735061
-23.2	0.735012
-23.21	0.734964
-23.22	0.734915
-23.23	0.734866
-23.24	0.734817
-23.25	0.734769
-23.26	0.73472
-23.27	0.734671
-23.28	0.734623
-23.29	0.734574
-23.3	0.734526
-23.31	0.734478
-23.32	0.734429
-23.33	0.734381
-23.34	0.734333
-23.35	0.734285
-23.36	0.734236
-23.37	0.734188
-23.38	0.73414
-23.39	0.734092
-23.4	0.734044
-23.41	0.733997
-23.42	0.733949
-23.43	0.733901
-23.44	0.733853
-23.45	0.733805
-23.46	0.733758
-23.47	0.73371
-23.48	0.733662
-23.49	0.733615
-23.5	0.733567
-23.51	0.73352
-23.52	0.733473
-23.53	0.733425
-23.54	0.733378
-23.55	0.733331
-23.56	0.733283
-23.57	0.733236
-23.58	0.733189
-23.59	0.733142
-23.6	0.733095
-23.61	0.733048
-23.62	0.733001
-23.63	0.732954
-23.64	0.732907
-23.65	0.73286
-23.66	0.732814
-23.67	0.732767
-23.68	0.73272
-23.69	0.732674
-23.7	0.732627
-23.71	0.73258
-23.72	0.732534
-23.73	0.732487
-23.74	0.732441
-23.75	0.732395
-23.76	0.732348
-23.77	0.732302
-23.78	0.732256
-23.79	0.73221
-23.8	0.732163
-23.81	0.732117
-23.82	0.732071
-23.83	0.732025
-23.84	0.731979
-23.85	0.731933
-23.86	0.731887
-23.87	0.731842
-23.88	0.731796
-23.89	0.73175
-23.9	0.731704
-23.91	0.731659
-23.92	0.731613
-23.93	0.731567
-23.94	0.731522
-23.95	0.731476
-23.96	0.731431
-23.97	0.731386
-23.98	0.73134
-23.99	0.731295
-24	0.73125
-24.01	0.731204
-24.02	0.731159
-24.03	0.731114
-24.04	0.731069
-24.05	0.731024
-24.06	0.730979
-24.07	0.730934
-24.08	0.730889
-24.09	0.730844
-24.1	0.730799
-24.11	0.730754
-24.12	0.730709
-24.13	0.730665
-24.14	0.73062
-24.15	0.730575
-24.16	0.730531
-24.17	0.730486
-24.18	0.730442
-24.19	0.730397
-24.2	0.730353
-24.21	0.730308
-24.22	0.730264
-24.23	0.73022
-24.24	0.730175
-24.25	0.730131
-24.26	0.730087
-24.27	0.730043
-24.28	0.729999
-24.29	0.729954
-24.3	0.72991
-24.31	0.729866
-24.32	0.729822
-24.33	0.729779
-24.34	0.729735
-24.35	0.729691
-24.36	0.729647
-24.37	0.729603
-24.38	0.72956
-24.39	0.729516
-24.4	0.729472
-24.41	0.729429
-24.42	0.729385
-24.43	0.729342
-24.44	0.729298
-24.45	0.729255
-24.46	0.729211
-24.47	0.729168
-24.48	0.729125
-24.49	0.729081
-24.5	0.729038
-24.51	0.728995
-24.52	0.728952
-24.53	0.728909
-24.54	0.728866
-24.55	0.728823
-24.56	0.72878
-24.57	0.728737
-24.58	0.728694
-24.59	0.728651
-24.6	0.728608
-24.61	0.728565
-24.62	0.728522
-24.63	0.72848
-24.64	0.728437
-24.65	0.728394
-24.66	0.728352
-24.67	0.728309
-24.68	0.728267
-24.69	0.728224
-24.7	0.728182
-24.71	0.728139
-24.72	0.728097
-24.73	0.728055
-24.74	0.728012
-24.75	0.72797
-24.76	0.727928
-24.77	0.727886
-24.78	0.727844
-24.79	0.727802
-24.8	0.727759
-24.81	0.727717
-24.82	0.727675
-24.83	0.727634
-24.84	0.727592
-24.85	0.72755
-24.86	0.727508
-24.87	0.727466
-24.88	0.727424
-24.89	0.727383
-24.9	0.727341
-24.91	0.727299
-24.92	0.727258
-24.93	0.727216
-24.94	0.727175
-24.95	0.727133
-24.96	0.727092
-24.97	0.72705
-24.98	0.727009
-24.99	0.726968
-25	0.726926
-25.01	0.726885
-25.02	0.726844
-25.03	0.726802
-25.04	0.726761
-25.05	0.72672
-25.06	0.726679
-25.07	0.726638
-25.08	0.726597
-25.09	0.726556
-25.1	0.726515
-25.11	0.726474
-25.12	0.726433
-25.13	0.726393
-25.14	0.726352
-25.15	0.726311
-25.16	0.72627
-25.17	0.72623
-25.18	0.726189
-25.19	0.726148
-25.2	0.726108
-25.21	0.726067
-25.22	0.726027
-25.23	0.725986
-25.24	0.725946
-25.25	0.725905
-25.26	0.725865
-25.27	0.725825
-25.28	0.725784
-25.29	0.725744
-25.3	0.725704
-25.31	0.725664
-25.32	0.725624
-25.33	0.725583
-25.34	0.725543
-25.35	0.725503
-25.36	0.725463
-25.37	0.725423
-25.38	0.725383
-25.39	0.725344
-25.4	0.725304
-25.41	0.725264
-25.42	0.725224
-25.43	0.725184
-25.44	0.725145
-25.45	0.725105
-25.46	0.725065
-25.47	0.725026
-25.48	0.724986
-25.49	0.724946
-25.5	0.724907
-25.51	0.724867
-25.52	0.724828
-25.53	0.724789
-25.54	0.724749
-25.55	0.72471
-25.56	0.724671
-25.57	0.724631
-25.58	0.724592
-25.59	0.724553
-25.6	0.724514
-25.61	0.724475
-25.62	0.724436
-25.63	0.724396
-25.64	0.724357
-25.65	0.724318
-25.66	0.724279
-25.67	0.72424
-25.68	0.724202
-25.69	0.724163
-25.7	0.724124
-25.71	0.724085
-25.72	0.724046
-25.73	0.724008
-25.74	0.723969
-25.75	0.72393
-25.76	0.723892
-25.77	0.723853
-25.78	0.723814
-25.79	0.723776
-25.8	0.723737
-25.81	0.723699
-25.82	0.723661
-25.83	0.723622
-25.84	0.723584
-25.85	0.723545
-25.86	0.723507
-25.87	0.723469
-25.88	0.723431
-25.89	0.723393
-25.9	0.723354
-25.91	0.723316
-25.92	0.723278
-25.93	0.72324
-25.94	0.723202
-25.95	0.723164
-25.96	0.723126
-25.97	0.723088
-25.98	0.72305
-25.99	0.723012
-26	0.722975
-26.01	0.722937
-26.02	0.722899
-26.03	0.722861
-26.04	0.722824
-26.05	0.722786
-26.06	0.722748
-26.07	0.722711
-26.08	0.722673
-26.09	0.722636
-26.1	0.722598
-26.11	0.722561
-26.12	0.722523
-26.13	0.722486
-26.14	0.722448
-26.15	0.722411
-26.16	0.722374
-26.17	0.722336
-26.18	0.722299
-26.19	0.722262
-26.2	0.722225
-26.21	0.722188
-26.22	0.72215
-26.23	0.722113
-26.24	0.722076
-26.25	0.722039
-26.26	0.722002
-26.27	0.721965
-26.28	0.721928
-26.29	0.721891
-26.3	0.721855
-26.31	0.721818
-26.32	0.721781
-26.33	0.721744
-26.34	0.721707
-26.35	0.721671
-26.36	0.721634
-26.37	0.721597
-26.38	0.721561
-26.39	0.721524
-26.4	0.721487
-26.41	0.721451
-26.42	0.721414
-26.43	0.721378
-26.44	0.721342
-26.45	0.721305
-26.46	0.721269
-26.47	0.721232
-26.48	0.721196
-26.49	0.72116
-26.5	0.721124
-26.51	0.721087
-26.52	0.721051
-26.53	0.721015
-26.54	0.720979
-26.55	0.720943
-26.56	0.720907
-26.57	0.720871
-26.58	0.720835
-26.59	0.720799
-26.6	0.720763
-26.61	0.720727
-26.62	0.720691
-26.63	0.720655
-26.64	0.720619
-26.65	0.720583
-26.66	0.720548
-26.67	0.720512
-26.68	0.720476
-26.69	0.72044
-26.7	0.720405
-26.71	0.720369
-26.72	0.720334
-26.73	0.720298
-26.74	0.720262
-26.75	0.720227
-26.76	0.720191
-26.77	0.720156
-26.78	0.720121
-26.79	0.720085
-26.8	0.72005
-26.81	0.720015
-26.82	0.719979
-26.83	0.719944
-26.84	0.719909
-26.85	0.719873
-26.86	0.719838
-26.87	0.719803
-26.88	0.719768
-26.89	0.719733
-26.9	0.719698
-26.91	0.719663
-26.92	0.719628
-26.93	0.719593
-26.94	0.719558
-26.95	0.719523
-26.96	0.719488
-26.97	0.719453
-26.98	0.719418
-26.99	0.719384
-27	0.719349
-27.01	0.719314
-27.02	0.719279
-27.03	0.719245
-27.04	0.71921
-27.05	0.719175
-27.06	0.719141
-27.07	0.719106
-27.08	0.719072
-27.09	0.719037
-27.1	0.719003
-27.11	0.718968
-27.12	0.718934
-27.13	0.718899
-27.14	0.718865
-27.15	0.718831
-27.16	0.718796
-27.17	0.718762
-27.18	0.718728
-27.19	0.718693
-27.2	0.718659
-27.21	0.718625
-27.22	0.718591
-27.23	0.718557
-27.24	0.718523
-27.25	0.718489
-27.26	0.718455
-27.27	0.718421
-27.28	0.718387
-27.29	0.718353
-27.3	0.718319
-27.31	0.718285
-27.32	0.718251
-27.33	0.718217
-27.34	0.718183
-27.35	0.718149
-27.36	0.718116
-27.37	0.718082
-27.38	0.718048
-27.39	0.718014
-27.4	0.717981
-27.41	0.717947
-27.42	0.717914
-27.43	0.71788
-27.44	0.717846
-27.45	0.717813
-27.46	0.717779
-27.47	0.717746
-27.48	0.717713
-27.49	0.717679
-27.5	0.717646
-27.51	0.717612
-27.52	0.717579
-27.53	0.717546
-27.54	0.717512
-27.55	0.717479
-27.56	0.717446
-27.57	0.717413
-27.58	0.71738
-27.59	0.717346
-27.6	0.717313
-27.61	0.71728
-27.62	0.717247
-27.63	0.717214
-27.64	0.717181
-27.65	0.717148
-27.66	0.717115
-27.67	0.717082
-27.68	0.717049
-27.69	0.717017
-27.7	0.716984
-27.71	0.716951
-27.72	0.716918
-27.73	0.716885
-27.74	0.716852
-27.75	0.71682
-27.76	0.716787
-27.77	0.716754
-27.78	0.716722
-27.79	0.716689
-27.8	0.716657
-27.81	0.716624
-27.82	0.716591
-27.83	0.716559
-27.84	0.716526
-27.85	0.716494
-27.86	0.716462
-27.87	0.716429
-27.88	0.716397
-27.89	0.716364
-27.9	0.716332
-27.91	0.7163
-27.92	0.716267
-27.93	0.716235
-27.94	0.716203
-27.95	0.716171
-27.96	0.716139
-27.97	0.716106
-27.98	0.716074
-27.99	0.716042
-28	0.71601
-28.01	0.715978
-28.02	0.715946
-28.03	0.715914
-28.04	0.715882
-28.05	0.71585
-28.06	0.715818
-28.07	0.715786
-28.08	0.715754
-28.09	0.715723
-28.1	0.715691
-28.11	0.715659
-28.12	0.715627
-28.13	0.715595
-28.14	0.715564
-28.15	0.715532
-28.16	0.7155
-28.17	0.715469
-28.18	0.715437
-28.19	0.715405
-28.2	0.715374
-28.21	0.715342
-28.22	0.715311
-28.23	0.715279
-28.24	0.715248
-28.25	0.715216
-28.26	0.715185
-28.27	0.715154
-28.28	0.715122
-28.29	0.715091
-28.3	0.71506
-28.31	0.715028
-28.32	0.714997
-28.33	0.714966
-28.34	0.714934
-28.35	0.714903
-28.36	0.714872
-28.37	0.714841
-28.38	0.71481
-28.39	0.714779
-28.4	0.714748
-28.41	0.714717
-28.42	0.714685
-28.43	0.714655
-28.44	0.714624
-28.45	0.714593
-28.46	0.714562
-28.47	0.714531
-28.48	0.7145
-28.49	0.714469
-28.5	0.714438
-28.51	0.714407
-28.52	0.714376
-28.53	0.714346
-28.54	0.714315
-28.55	0.714284
-28.56	0.714254
-28.57	0.714223
-28.58	0.714192
-28.59	0.714162
-28.6	0.714131
-28.61	0.7141
-28.62	0.71407
-28.63	0.714039
-28.64	0.714009
-28.65	0.713978
-28.66	0.713948
-28.67	0.713917
-28.68	0.713887
-28.69	0.713857
-28.7	0.713826
-28.71	0.713796
-28.72	0.713766
-28.73	0.713735
-28.74	0.713705
-28.75	0.713675
-28.76	0.713645
-28.77	0.713614
-28.78	0.713584
-28.79	0.713554
-28.8	0.713524
-28.81	0.713494
-28.82	0.713464
-28.83	0.713434
-28.84	0.713403
-28.85	0.713373
-28.86	0.713343
-28.87	0.713314
-28.88	0.713284
-28.89	0.713254
-28.9	0.713224
-28.91	0.713194
-28.92	0.713164
-28.93	0.713134
-28.94	0.713104
-28.95	0.713075
-28.96	0.713045
-28.97	0.713015
-28.98	0.712985
-28.99	0.712956
-29	0.712926
-29.01	0.712896
-29.02	0.712867
-29.03	0.712837
-29.04	0.712807
-29.05	0.712778
-29.06	0.712748
-29.07	0.712719
-29.08	0.712689
-29.09	0.71266
-29.1	0.71263
-29.11	0.712601
-29.12	0.712572
-29.13	0.712542
-29.14	0.712513
-29.15	0.712483
-29.16	0.712454
-29.17	0.712425
-29.18	0.712395
-29.19	0.712366
-29.2	0.712337
-29.21	0.712308
-29.22	0.712279
-29.23	0.712249
-29.24	0.71222
-29.25	0.712191
-29.26	0.712162
-29.27	0.712133
-29.28	0.712104
-29.29	0.712075
-29.3	0.712046
-29.31	0.712017
-29.32	0.711988
-29.33	0.711959
-29.34	0.71193
-29.35	0.711901
-29.36	0.711872
-29.37	0.711843
-29.38	0.711815
-29.39	0.711786
-29.4	0.711757
-29.41	0.711728
-29.42	0.711699
-29.43	0.711671
-29.44	0.711642
-29.45	0.711613
-29.46	0.711585
-29.47	0.711556
-29.48	0.711527
-29.49	0.711499
-29.5	0.71147
-29.51	0.711442
-29.52	0.711413
-29.53	0.711385
-29.54	0.711356
-29.55	0.711328
-29.56	0.711299
-29.57	0.711271
-29.58	0.711242
-29.59	0.711214
-29.6	0.711186
-29.61	0.711157
-29.62	0.711129
-29.63	0.711101
-29.64	0.711072
-29.65	0.711044
-29.66	0.711016
-29.67	0.710988
-29.68	0.710959
-29.69	0.710931
-29.7	0.710903
-29.71	0.710875
-29.72	0.710847
-29.73	0.710819
-29.74	0.710791
-29.75	0.710763
-29.76	0.710735
-29.77	0.710707
-29.78	0.710679
-29.79	0.710651
-29.8	0.710623
-29.81	0.710595
-29.82	0.710567
-29.83	0.710539
-29.84	0.710511
-29.85	0.710483
-29.86	0.710455
-29.87	0.710428
-29.88	0.7104
-29.89	0.710372
-29.9	0.710344
-29.91	0.710317
-29.92	0.710289
-29.93	0.710261
-29.94	0.710234
-29.95	0.710206
-29.96	0.710178
-29.97	0.710151
-29.98	0.710123
-29.99	0.710096
-30	0.710068
