x	y
30	0.567609
29.99	0.567627
29.98	0.567646
29.97	0.567665
29.96	0.567683
29.95	0.567702
29.94	0.56772
29.93	0.567739
29.92	0.567758
29.91	0.567776
29.9	0.567795
29.89	0.567814
29.88	0.567832
29.87	0.567851
29.86	0.56787
29.85	0.567889
29.84	0.567907
29.83	0.567926
29.82	0.567945
29.81	0.567964
29.8	0.567983
29.79	0.568001
29.78	0.56802
29.77	0.568039
29.76	0.568058
29.75	0.568077
29.74	0.568096
29.73	0.568115
29.72	0.568134
29.71	0.568152
29.7	0.568171
29.69	0.56819
29.68	0.568209
29.67	0.568228
29.66	0.568247
29.65	0.568266
29.64	0.568285
29.63	0.568305
29.62	0.568324
29.61	0.568343
29.6	0.568362
29.59	0.568381
29.58	0.5684
29.57	0.568419
29.56	0.568438
29.55	0.568457
29.54	0.568477
29.53	0.568496
29.52	0.568515
29.51	0.568534
29.5	0.568554
29.49	0.568573
29.48	0.568592
29.47	0.568611
29.46	0.568631
29.45	0.56865
29.44	0.568669
29.43	0.568689
29.42	0.568708
29.41	0.568727
29.4	0.568747
29.39	0.568766
29.38	0.568785
29.37	0.568805
29.36	0.568824
29.35	0.568844
29.34	0.568863
29.33	0.568883
29.32	0.568902
29.31	0.568922
29.3	0.568941
29.29	0.568961
29.28	0.56898
29.27	0.569
29.26	0.569019
29.25	0.569039
29.24	0.569059
29.23	0.569078
29.22	0.569098
29.21	0.569118
29.2	0.569137
29.19	0.569157
29.18	0.569177
29.17	0.569196
29.16	0.569216
29.15	0.569236
29.14	0.569256
29.13	0.569275
29.12	0.569295
29.11	0.569315
29.1	0.569335
29.09	0.569355
29.08	0.569374
29.07	0.569394
29.06	0.569414
29.05	0.569434
29.04	0.569454
29.03	0.569474
29.02	0.569494
29.01	0.569514
29	0.569534
28.99	0.569554
28.98	0.569574
28.97	0.569594
28.96	0.569614
28.95	0.569634
28.94	0.569654
28.93	0.569674
28.92	0.569694
28.91	0.569714
28.9	0.569734
28.89	0.569754
28.88	0.569775
28.87	0.569795
28.86	0.569815
28.85	0.569835
28.84	0.569855
28.83	0.569876
28.82	0.569896
28.81	0.569916
28.8	0.569936
28.79	0.569957
28.78	0.569977
28.77	0.569997
28.76	0.570018
28.75	0.570038
28.74	0.570058
28.73	0.570079
28.72	0.570099
28.71	0.570119
28.7	0.57014
28.69	0.57016
28.68	0.570181
28.67	0.570201
28.66	0.570222
28.65	0.570242
28.64	0.570263
28.63	0.570283
28.62	0.570304
28.61	0.570324
28.6	0.570345
28.59	0.570366
28.58	0.570386
28.57	0.570407
28.56	0.570427
28.55	0.570448
28.54	0.570469
28.53	0.570489
28.52	0.57051
28.51	0.570531
28.5	0.570552
28.49	0.570572
28.48	0.570593
28.47	0.570614
28.46	0.570635
28.45	0.570656
28.44	0.570676
28.43	0.570697
28.42	0.570718
28.41	0.570739
28.4	0.57076
28.39	0.570781
28.38	0.570802
28.37	0.570823
28.36	0.570844
28.35	0.570865
28.34	0.570886
28.33	0.570907
28.32	0.570928
28.31	0.570949
28.3	0.57097
28.29	0.570991
28.28	0.571012
28.27	0.571033
28.26	0.571054
28.25	0.571075
28.24	0.571096
28.23	0.571118
28.22	0.571139
28.21	0.57116
28.2	0.571181
28.19	0.571203
28.18	0.571224
28.17	0.571245
28.16	0.571266
28.15	0.571288
28.14	0.571309
28.13	0.57133
28.12	0.571352
28.11	0.571373
28.1	0.571394
28.09	0.571416
28.08	0.571437
28.07	0.571459
28.06	0.57148
28.05	0.571502
28.04	0.571523
28.03	0.571545
28.02	0.571566
28.01	0.571588
28	0.571609
27.99	0.571631
27.98	0.571652
27.97	0.571674
27.96	0.571696
27.95	0.571717
27.94	0.571739
27.93	0.571761
27.92	0.571782
27.91	0.571804
27.9	0.571826
27.89	0.571847
27.88	0.571869
27.87	0.571891
27.86	0.571913
27.85	0.571935
27.84	0.571956
27.83	0.571978
27.82	0.572
27.81	0.572022
27.8	0.572044
27.79	0.572066
27.78	0.572088
27.77	0.57211
27.76	0.572132
27.75	0.572154
27.74	0.572176
27.73	0.572198
27.72	0.57222
27.71	0.572242
27.7	0.572264
27.69	0.572286
27.68	0.572308
27.67	0.57233
27.66	0.572352
27.65	0.572375
27.64	0.572397
27.63	0.572419
27.62	0.572441
27.61	0.572463
27.6	0.572486
27.59	0.572508
27.58	0.57253
27.57	0.572552
27.56	0.572575
27.55	0.572597
27.54	0.572619
27.53	0.572642
27.52	0.572664
27.51	0.572687
27.5	0.572709
27.49	0.572731
27.48	0.572754
27.47	0.572776
27.46	0.572799
27.45	0.572821
27.44	0.572844
27.43	0.572866
27.42	0.572889
27.41	0.572912
27.4	0.572934
27.39	0.572957
27.38	0.57298
27.37	0.573002
27.36	0.573025
27.35	0.573048
27.34	0.57307
27.33	0.573093
27.32	0.573116
27.31	0.573139
27.3	0.573161
27.29	0.573184
27.28	0.573207
27.27	0.57323
27.26	0.573253
27.25	0.573276
27.24	0.573298
27.23	0.573321
27.22	0.573344
27.21	0.573367
27.2	0.57339
27.19	0.573413
27.18	0.573436
27.17	0.573459
27.16	0.573482
27.15	0.573505
27.14	0.573528
27.13	0.573551
27.12	0.573575
27.11	0.573598
27.1	0.573621
27.09	0.573644
27.08	0.573667
27.07	0.573691
27.06	0.573714
27.05	0.573737
27.04	0.57376
27.03	0.573784
27.02	0.573807
27.01	0.57383
27	0.573854
26.99	0.573877
26.98	0.5739
26.97	0.573924
26.96	0.573947
26.95	0.573971
26.94	0.573994
26.93	0.574017
26.92	0.574041
26.91	0.574064
26.9	0.574088
26.89	0.574112
26.88	0.574135
26.87	0.574159
26.86	0.574182
26.85	0.574206
26.84	0.57423
26.83	0.574253
26.82	0.574277
26.81	0.574301
26.8	0.574324
26.79	0.574348
26.78	0.574372
26.77	0.574396
26.76	0.57442
26.75	0.574443
26.74	0.574467
26.73	0.574491
26.72	0.574515
26.71	0.574539
26.7	0.574563
26.69	0.574587
26.68	0.574611
26.67	0.574635
26.66	0.574659
26.65	0.574683
26.64	0.574707
26.63	0.574731
26.62	0.574755
26.61	0.574779
26.6	0.574803
26.59	0.574827
26.58	0.574852
26.57	0.574876
26.56	0.5749
26.55	0.574924
26.54	0.574948
26.53	0.574973
26.52	0.574997
26.51	0.575021
26.5	0.575046
26.49	0.57507
26.48	0.575094
26.47	0.575119
26.46	0.575143
26.45	0.575167
26.44	0.575192
26.43	0.575216
26.42	0.575241
26.41	0.575265
26.4	0.57529
26.39	0.575314
26.38	0.575339
26.37	0.575364
26.36	0.575388
26.35	0.575413
26.34	0.575437
26.33	0.575462
26.32	0.575487
26.31	0.575512
26.3	0.575536
26.29	0.575561
26.28	0.575586
26.27	0.575611
26.26	0.575635
26.25	0.57566
26.24	0.575685
26.23	0.57571
26.22	0.575735
26.21	0.57576
26.2	0.575785
26.19	0.57581
26.18	0.575835
26.17	0.57586
26.16	0.575885
26.15	0.57591
26.14	0.575935
26.13	0.57596
26.12	0.575985
26.11	0.57601
26.1	0.576035
26.09	0.576061
26.08	0.576086
26.07	0.576111
26.06	0.576136
26.05	0.576161
26.04	0.576187
26.03	0.576212
26.02	0.576237
26.01	0.576263
26	0.576288
25.99	0.576313
25.98	0.576339
25.97	0.576364
25.96	0.57639
25.95	0.576415
25.94	0.576441
25.93	0.576466
25.92	0.576492
25.91	0.576517
25.9	0.576543
25.89	0.576569
25.88	0.576594
25.87	0.57662
25.86	0.576645
25.85	0.576671
25.84	0.576697
25.83	0.576723
25.82	0.576748
25.81	0.576774
25.8	0.5768
25.79	0.576826
25.78	0.576852
25.77	0.576878
25.76	0.576903
25.75	0.576929
25.74	0.576955
25.73	0.576981
25.72	0.577007
25.71	0.577033
25.7	0.577059
25.69	0.577085
25.68	0.577111
25.67	0.577137
25.66	0.577164
25.65	0.57719
25.64	0.577216
25.63	0.577242
25.62	0.577268
25.61	0.577294
25.6	0.577321
25.59	0.577347
25.58	0.577373
25.57	0.5774
25.56	0.577426
25.55	0.577452
25.54	0.577479
25.53	0.577505
25.52	0.577532
25.51	0.577558
25.5	0.577584
25.49	0.577611
25.48	0.577637
25.47	0.577664
25.46	0.577691
25.45	0.577717
25.44	0.577744
25.43	0.57777
25.42	0.577797
25.41	0.577824
25.4	0.57785
25.39	0.577877
25.38	0.577904
25.37	0.577931
25.36	0.577958
25.35	0.577984
25.34	0.578011
25.33	0.578038
25.32	0.578065
25.31	0.578092
25.3	0.578119
25.29	0.578146
25.28	0.578173
25.27	0.5782
25.26	0.578227
25.25	0.578254
25.24	0.578281
25.23	0.578308
25.22	0.578335
25.21	0.578362
25.2	0.57839
25.19	0.578417
25.18	0.578444
25.17	0.578471
25.16	0.578498
25.15	0.578526
25.14	0.578553
25.13	0.57858
25.12	0.578608
25.11	0.578635
25.1	0.578663
25.09	0.57869
25.08	0.578718
25.07	0.578745
25.06	0.578773
25.05	0.5788
25.04	0.578828
25.03	0.578855
25.02	0.578883
25.01	0.578911
25	0.578938
24.99	0.578966
24.98	0.578994
24.97	0.579021
24.96	0.579049
24.95	0.579077
24.94	0.579105
24.93	0.579132
24.92	0.57916
24.91	0.579188
24.9	0.579216
24.89	0.579244
24.88	0.579272
24.87	0.5793
24.86	0.579328
24.85	0.579356
24.84	0.579384
24.83	0.579412
24.82	0.57944
24.81	0.579468
24.8	0.579497
24.79	0.579525
24.78	0.579553
24.77	0.579581
24.76	0.579609
24.75	0.579638
24.74	0.579666
24.73	0.579694
24.72	0.579723
24.71	0.579751
24.7	0.57978
24.69	0.579808
24.68	0.579836
24.67	0.579865
24.66	0.579893
24.65	0.579922
24.64	0.579951
24.63	0.579979
24.62	0.580008
24.61	0.580036
24.6	0.580065
24.59	0.580094
24.58	0.580122
24.57	0.580151
24.56	0.58018
24.55	0.580209
24.54	0.580238
24.53	0.580266
24.52	0.580295
24.51	0.580324
24.5	0.580353
24.49	0.580382
24.48	0.580411
24.47	0.58044
24.46	0.580469
24.45	0.580498
24.44	0.580527
24.43	0.580556
24.42	0.580586
24.41	0.580615
24.4	0.580644
24.39	0.580673
24.38	0.580702
24.37	0.580732
24.36	0.580761
24.35	0.58079
24.34	0.58082
24.33	0.580849
24.32	0.580878
24.31	0.580908
24.3	0.580937
24.29	0.580967
24.28	0.580996
24.27	0.581026
24.26	0.581055
24.25	0.581085
24.24	0.581115
24.23	0.581144
24.22	0.581174
24.21	0.581204
24.2	0.581233
24.19	0.581263
24.18	0.581293
24.17	0.581323
24.16	0.581353
24.15	0.581382
24.14	0.581412
24.13	0.581442
24.12	0.581472
24.11	0.581502
24.1	0.581532
24.09	0.581562
24.08	0.581592
24.07	0.581622
24.06	0.581652
24.05	0.581683
24.04	0.581713
24.03	0.581743
24.02	0.581773
24.01	0.581803
24	0.581834
23.99	0.581864
23.98	0.581894
23.97	0.581925
23.96	0.581955
23.95	0.581986
23.94	0.582016
23.93	0.582046
23.92	0.582077
23.91	0.582107
23.9	0.582138
23.89	0.582169
23.88	0.582199
23.87	0.58223
23.86	0.582261
23.85	0.582291
23.84	0.582322
23.83	0.582353
23.82	0.582384
23.81	0.582414
23.8	0.582445
23.79	0.582476
23.78	0.582507
23.77	0.582538
23.76	0.582569
23.75	0.5826
23.74	0.582631
23.73	0.582662
23.72	0.582693
23.71	0.582724
23.7	0.582755
23.69	0.582787
23.68	0.582818
23.67	0.582849
23.66	0.58288
23.65	0.582912
23.64	0.582943
23.63	0.582974
23.62	0.583006
23.61	0.583037
23.6	0.583068
23.59	0.5831
23.58	0.583131
23.57	0.583163
23.56	0.583194
23.55	0.583226
23.54	0.583258
23.53	0.583289
23.52	0.583321
23.51	0.583353
23.5	0.583384
23.49	0.583416
23.48	0.583448
23.47	0.58348
23.46	0.583512
23.45	0.583544
23.44	0.583575
23.43	0.583607
23.42	0.583639
23.41	0.583671
23.4	0.583703
23.39	0.583735
23.38	0.583768
23.37	0.5838
23.36	0.583832
23.35	0.583864
23.34	0.583896
23.33	0.583929
23.32	0.583961
23.31	0.583993
23.3	0.584025
23.29	0.584058
23.28	0.58409
23.27	0.584123
23.26	0.584155
23.25	0.584188
23.24	0.58422
23.23	0.584253
23.22	0.584285
23.21	0.584318
23.2	0.584351
23.19	0.584383
23.18	0.584416
23.17	0.584449
23.16	0.584482
23.15	0.584514
23.14	0.584547
23.13	0.58458
23.12	0.584613
23.11	0.584646
23.1	0.584679
23.09	0.584712
23.08	0.584745
23.07	0.584778
23.06	0.584811
23.05	0.584844
23.04	0.584877
23.03	0.584911
23.02	0.584944
23.01	0.584977
23	0.58501
22.99	0.585044
22.98	0.585077
22.97	0.58511
22.96	0.585144
22.95	0.585177
22.94	0.585211
22.93	0.585244
22.92	0.585278
22.91	0.585311
22.9	0.585345
22.89	0.585379
22.88	0.585412
22.87	0.585446
22.86	0.58548
22.85	0.585514
22.84	0.585548
22.83	0.585581
22.82	0.585615
22.81	0.585649
22.8	0.585683
22.79	0.585717
22.78	0.585751
22.77	0.585785
22.76	0.585819
22.75	0.585853
22.74	0.585887
22.73	0.585922
22.72	0.585956
22.71	0.58599
22.7	0.586024
22.69	0.586059
22.68	0.586093
22.67	0.586127
22.66	0.586162
22.65	0.586196
22.64	0.586231
22.63	0.586265
22.62	0.5863
22.61	0.586335
22.6	0.586369
22.59	0.586404
22.58	0.586438
22.57	0.586473
22.56	0.586508
22.55	0.586543
22.54	0.586578
22.53	0.586612
22.52	0.586647
22.51	0.586682
22.5	0.586717
22.49	0.586752
22.48	0.586787
22.47	0.586822
22.46	0.586857
22.45	0.586893
22.44	0.586928
22.43	0.586963
22.42	0.586998
22.41	0.587034
22.4	0.587069
22.39	0.587104
22.38	0.58714
22.37	0.587175
22.36	0.587211
22.35	0.587246
22.34	0.587282
22.33	0.587317
22.32	0.587353
22.31	0.587388
22.3	0.587424
22.29	0.58746
22.28	0.587496
22.27	0.587531
22.26	0.587567
22.25	0.587603
22.24	0.587639
22.23	0.587675
22.22	0.587711
22.21	0.587747
22.2	0.587783
22.19	0.587819
22.18	0.587855
22.17	0.587891
22.16	0.587927
22.15	0.587964
22.14	0.588
22.13	0.588036
22.12	0.588072
22.11	0.588109
22.1	0.588145
22.09	0.588182
22.08	0.588218
22.07	0.588255
22.06	0.588291
22.05	0.588328
22.04	0.588364
22.03	0.588401
22.02	0.588438
22.01	0.588474
22	0.588511
21.99	0.588548
21.98	0.588585
21.97	0.588622
21.96	0.588659
21.95	0.588696
21.94	0.588733
21.93	0.58877
21.92	0.588807
21.91	0.588844
21.9	0.588881
21.89	0.588918
21.88	0.588955
21.87	0.588993
21.86	0.58903
21.85	0.589067
21.84	0.589105
21.83	0.589142
21.82	0.58918
21.81	0.589217
21.8	0.589255
21.79	0.589292
21.78	0.58933
21.77	0.589368
21.76	0.589405
21.75	0.589443
21.74	0.589481
21.73	0.589519
21.72	0.589556
21.71	0.589594
21.7	0.589632
21.69	0.58967
21.68	0.589708
21.67	0.589746
21.66	0.589784
21.65	0.589822
21.64	0.589861
21.63	0.589899
21.62	0.589937
21.61	0.589975
21.6	0.590014
21.59	0.590052
21.58	0.59009
21.57	0.590129
21.56	0.590167
21.55	0.590206
21.54	0.590244
21.53	0.590283
21.52	0.590322
21.51	0.59036
21.5	0.590399
21.49	0.590438
21.48	0.590477
21.47	0.590516
21.46	0.590554
21.45	0.590593
21.44	0.590632
21.43	0.590671
21.42	0.59071
21.41	0.59075
21.4	0.590789
21.39	0.590828
21.38	0.590867
21.37	0.590906
21.36	0.590946
21.35	0.590985
21.34	0.591024
21.33	0.591064
21.32	0.591103
21.31	0.591143
21.3	0.591182
21.29	0.591222
21.28	0.591261
21.27	0.591301
21.26	0.591341
21.25	0.591381
21.24	0.59142
21.23	0.59146
21.22	0.5915
21.21	0.59154
21.2	0.59158
21.19	0.59162
21.18	0.59166
21.17	0.5917
21.16	0.59174
21.15	0.591781
21.14	0.591821
21.13	0.591861
21.12	0.591901
21.11	0.591942
21.1	0.591982
21.09	0.592023
21.08	0.592063
21.07	0.592104
21.06	0.592144
21.05	0.592185
21.04	0.592225
21.03	0.592266
21.02	0.592307
21.01	0.592348
21	0.592388
20.99	0.592429
20.98	0.59247
20.97	0.592511
20.96	0.592552
20.95	0.592593
20.94	0.592634
20.93	0.592676
20.92	0.592717
20.91	0.592758
20.9	0.592799
20.89	0.592841
20.88	0.592882
20.87	0.592923
20.86	0.592965
20.85	0.593006
20.84	0.593048
20.83	0.593089
20.82	0.593131
20.81	0.593173
20.8	0.593214
20.79	0.593256
20.78	0.593298
20.77	0.59334
20.76	0.593382
20.75	0.593424
20.74	0.593466
20.73	0.593508
20.72	0.59355
20.71	0.593592
20.7	0.593634
20.69	0.593676
20.68	0.593719
20.67	0.593761
20.66	0.593803
20.65	0.593846
20.64	0.593888
20.63	0.593931
20.62	0.593973
20.61	0.594016
20.6	0.594059
20.59	0.594101
20.58	0.594144
20.57	0.594187
20.56	0.59423
20.55	0.594273
20.54	0.594316
20.53	0.594359
20.52	0.594401
20.51	0.594445
20.5	0.594488
20.49	0.594531
20.48	0.594574
20.47	0.594617
20.46	0.594661
20.45	0.594704
20.44	0.594747
20.43	0.594791
20.42	0.594834
20.41	0.594878
20.4	0.594922
20.39	0.594965
20.38	0.595009
20.37	0.595053
20.36	0.595096
20.35	0.59514
20.34	0.595184
20.33	0.595228
20.32	0.595272
20.31	0.595316
20.3	0.59536
20.29	0.595404
20.28	0.595449
20.27	0.595493
20.26	0.595537
20.25	0.595581
20.24	0.595626
20.23	0.59567
20.22	0.595715
20.21	0.595759
20.2	0.595804
20.19	0.595848
20.18	0.595893
20.17	0.595938
20.16	0.595983
20.15	0.596027
20.14	0.596072
20.13	0.596117
20.12	0.596162
20.11	0.596207
20.1	0.596252
20.09	0.596298
20.08	0.596343
20.07	0.596388
20.06	0.596433
20.05	0.596479
20.04	0.596524
20.03	0.596569
20.02	0.596615
20.01	0.596661
20	0.596706
19.99	0.596752
19.98	0.596798
19.97	0.596843
19.96	0.596889
19.95	0.596935
19.94	0.596981
19.93	0.597027
19.92	0.597073
19.91	0.597119
19.9	0.597165
19.89	0.597211
19.88	0.597257
19.87	0.597304
19.86	0.59735
19.85	0.597396
19.84	0.597443
19.83	0.597489
19.82	0.597536
19.81	0.597583
19.8	0.597629
19.79	0.597676
19.78	0.597723
19.77	0.597769
19.76	0.597816
19.75	0.597863
19.74	0.59791
19.73	0.597957
19.72	0.598004
19.71	0.598052
19.7	0.598099
19.69	0.598146
19.68	0.598193
19.67	0.598241
19.66	0.598288
19.65	0.598336
19.64	0.598383
19.63	0.598431
19.62	0.598478
19.61	0.598526
19.6	0.598574
19.59	0.598622
19.58	0.598669
19.57	0.598717
19.56	0.598765
19.55	0.598813
19.54	0.598861
19.53	0.598909
19.52	0.598958
19.51	0.599006
19.5	0.599054
19.49	0.599103
19.48	0.599151
19.47	0.5992
19.46	0.599248
19.45	0.599297
19.44	0.599345
19.43	0.599394
19.42	0.599443
19.41	0.599492
19.4	0.59954
19.39	0.599589
19.38	0.599638
19.37	0.599687
19.36	0.599737
19.35	0.599786
19.34	0.599835
19.33	0.599884
19.32	0.599934
19.31	0.599983
19.3	0.600032
19.29	0.600082
19.28	0.600132
19.27	0.600181
19.26	0.600231
19.25	0.600281
19.24	0.60033
19.23	0.60038
19.22	0.60043
19.21	0.60048
19.2	0.60053
19.19	0.60058
19.18	0.60063
19.17	0.600681
19.16	0.600731
19.15	0.600781
19.14	0.600832
19.13	0.600882
19.12	0.600933
19.11	0.600983
19.1	0.601034
19.09	0.601085
19.08	0.601135
19.07	0.601186
19.06	0.601237
19.05	0.601288
19.04	0.601339
19.03	0.60139
19.02	0.601441
19.01	0.601493
19	0.601544
18.99	0.601595
18.98	0.601646
18.97	0.601698
18.96	0.601749
18.95	0.601801
18.94	0.601853
18.93	0.601904
18.92	0.601956
18.91	0.602008
18.9	0.60206
18.89	0.602112
18.88	0.602164
18.87	0.602216
18.86	0.602268
18.85	0.60232
18.84	0.602372
18.83	0.602425
18.82	0.602477
18.81	0.60253
18.8	0.602582
18.79	0.602635
18.78	0.602687
18.77	0.60274
18.76	0.602793
18.75	0.602846
18.74	0.602898
18.73	0.602951
18.72	0.603004
18.71	0.603058
18.7	0.603111
18.69	0.603164
18.68	0.603217
18.67	0.603271
18.66	0.603324
18.65	0.603377
18.64	0.603431
18.63	0.603485
18.62	0.603538
18.61	0.603592
18.6	0.603646
18.59	0.6037
18.58	0.603754
18.57	0.603808
18.56	0.603862
18.55	0.603916
18.54	0.60397
18.53	0.604024
18.52	0.604079
18.51	0.604133
18.5	0.604188
18.49	0.604242
18.48	0.604297
18.47	0.604352
18.46	0.604406
18.45	0.604461
18.44	0.604516
18.43	0.604571
18.42	0.604626
18.41	0.604681
18.4	0.604736
18.39	0.604792
18.38	0.604847
18.37	0.604902
18.36	0.604958
18.35	0.605013
18.34	0.605069
18.33	0.605124
18.32	0.60518
18.31	0.605236
18.3	0.605292
18.29	0.605348
18.28	0.605404
18.27	0.60546
18.26	0.605516
18.25	0.605572
18.24	0.605629
18.23	0.605685
18.22	0.605741
18.21	0.605798
18.2	0.605854
18.19	0.605911
18.18	0.605968
18.17	0.606025
18.16	0.606081
18.15	0.606138
18.14	0.606195
18.13	0.606252
18.12	0.60631
18.11	0.606367
18.1	0.606424
18.09	0.606481
18.08	0.606539
18.07	0.606596
18.06	0.606654
18.05	0.606712
18.04	0.606769
18.03	0.606827
18.02	0.606885
18.01	0.606943
18	0.607001
17.99	0.607059
17.98	0.607117
17.97	0.607176
17.96	0.607234
17.95	0.607292
17.94	0.607351
17.93	0.607409
17.92	0.607468
17.91	0.607527
17.9	0.607585
17.89	0.607644
17.88	0.607703
17.87	0.607762
17.86	0.607821
17.85	0.607881
17.84	0.60794
17.83	0.607999
17.82	0.608058
17.81	0.608118
17.8	0.608177
17.79	0.608237
17.78	0.608297
17.77	0.608357
17.76	0.608416
17.75	0.608476
17.74	0.608536
17.73	0.608596
17.72	0.608657
17.71	0.608717
17.7	0.608777
17.69	0.608838
17.68	0.608898
17.67	0.608959
17.66	0.609019
17.65	0.60908
17.64	0.609141
17.63	0.609202
17.62	0.609263
17.61	0.609324
17.6	0.609385
17.59	0.609446
17.58	0.609507
17.57	0.609569
17.56	0.60963
17.55	0.609692
17.54	0.609753
17.53	0.609815
17.52	0.609877
17.51	0.609939
17.5	0.61
17.49	0.610062
17.48	0.610125
17.47	0.610187
17.46	0.610249
17.45	0.610311
17.44	0.610374
17.43	0.610436
17.42	0.610499
17.41	0.610562
17.4	0.610624
17.39	0.610687
17.38	0.61075
17.37	0.610813
17.36	0.610876
17.35	0.610939
17.34	0.611003
17.33	0.611066
17.32	0.611129
17.31	0.611193
17.3	0.611256
17.29	0.61132
17.28	0.611384
17.27	0.611448
17.26	0.611512
17.25	0.611576
17.24	0.61164
17.23	0.611704
17.22	0.611768
17.21	0.611833
17.2	0.611897
17.19	0.611962
17.18	0.612026
17.17	0.612091
17.16	0.612156
17.15	0.612221
17.14	0.612286
17.13	0.612351
17.12	0.612416
17.11	0.612481
17.1	0.612547
17.09	0.612612
17.08	0.612678
17.07	0.612743
17.06	0.612809
17.05	0.612875
17.04	0.612941
17.03	0.613007
17.02	0.613073
17.01	0.613139
17	0.613205
16.99	0.613271
16.98	0.613338
16.97	0.613404
16.96	0.613471
16.95	0.613538
16.94	0.613604
16.93	0.613671
16.92	0.613738
16.91	0.613805
16.9	0.613872
16.89	0.61394
16.88	0.614007
16.87	0.614074
16.86	0.614142
16.85	0.61421
16.84	0.614277
16.83	0.614345
16.82	0.614413
16.81	0.614481
16.8	0.614549
16.79	0.614617
16.78	0.614686
16.77	0.614754
16.76	0.614822
16.75	0.614891
16.74	0.61496
16.73	0.615028
16.72	0.615097
16.71	0.615166
16.7	0.615235
16.69	0.615304
16.68	0.615374
16.67	0.615443
16.66	0.615512
16.65	0.615582
16.64	0.615651
16.63	0.615721
16.62	0.615791
16.61	0.615861
16.6	0.615931
16.59	0.616001
16.58	0.616071
16.57	0.616142
16.56	0.616212
16.55	0.616282
16.54	0.616353
16.53	0.616424
16.52	0.616495
16.51	0.616566
16.5	0.616637
16.49	0.616708
16.48	0.616779
16.47	0.61685
16.46	0.616922
16.45	0.616993
16.44	0.617065
16.43	0.617136
16.42	0.617208
16.41	0.61728
16.4	0.617352
16.39	0.617424
16.38	0.617497
16.37	0.617569
16.36	0.617641
16.35	0.617714
16.34	0.617786
16.33	0.617859
16.32	0.617932
16.31	0.618005
16.3	0.618078
16.29	0.618151
16.28	0.618225
16.27	0.618298
16.26	0.618371
16.25	0.618445
16.24	0.618519
16.23	0.618593
16.22	0.618666
16.21	0.61874
16.2	0.618815
16.19	0.618889
16.18	0.618963
16.17	0.619038
16.16	0.619112
16.15	0.619187
16.14	0.619262
16.13	0.619336
16.12	0.619411
16.11	0.619487
16.1	0.619562
16.09	0.619637
16.08	0.619712
16.07	0.619788
16.06	0.619864
16.05	0.619939
16.04	0.620015
16.03	0.620091
16.02	0.620167
16.01	0.620244
16	0.62032
15.99	0.620396
15.98	0.620473
15.97	0.620549
15.96	0.620626
15.95	0.620703
15.94	0.62078
15.93	0.620857
15.92	0.620934
15.91	0.621012
15.9	0.621089
15.89	0.621167
15.88	0.621244
15.87	0.621322
15.86	0.6214
15.85	0.621478
15.84	0.621556
15.83	0.621635
15.82	0.621713
15.81	0.621791
15.8	0.62187
15.79	0.621949
15.78	0.622028
15.77	0.622106
15.76	0.622186
15.75	0.622265
15.74	0.622344
15.73	0.622424
15.72	0.622503
15.71	0.622583
15.7	0.622662
15.69	0.622742
15.68	0.622822
15.67	0.622903
15.66	0.622983
15.65	0.623063
15.64	0.623144
15.63	0.623224
15.62	0.623305
15.61	0.623386
15.6	0.623467
15.59	0.623548
15.58	0.623629
15.57	0.623711
15.56	0.623792
15.55	0.623874
15.54	0.623956
15.53	0.624037
15.52	0.624119
15.51	0.624202
15.5	0.624284
15.49	0.624366
15.48	0.624449
15.47	0.624531
15.46	0.624614
15.45	0.624697
15.44	0.62478
15.43	0.624863
15.42	0.624946
15.41	0.62503
15.4	0.625113
15.39	0.625197
15.38	0.62528
15.37	0.625364
15.36	0.625448
15.35	0.625533
15.34	0.625617
15.33	0.625701
15.32	0.625786
15.31	0.62587
15.3	0.625955
15.29	0.62604
15.28	0.626125
15.27	0.62621
15.26	0.626296
15.25	0.626381
15.24	0.626467
15.23	0.626552
15.22	0.626638
15.21	0.626724
15.2	0.62681
15.19	0.626897
15.18	0.626983
15.17	0.62707
15.16	0.627156
15.15	0.627243
15.14	0.62733
15.13	0.627417
15.12	0.627504
15.11	0.627592
15.1	0.627679
15.09	0.627767
15.08	0.627854
15.07	0.627942
15.06	0.62803
15.05	0.628119
15.04	0.628207
15.03	0.628295
15.02	0.628384
15.01	0.628473
15	0.628561
14.99	0.628651
14.98	0.62874
14.97	0.628829
14.96	0.628918
14.95	0.629008
14.94	0.629098
14.93	0.629188
14.92	0.629278
14.91	0.629368
14.9	0.629458
14.89	0.629548
14.88	0.629639
14.87	0.62973
14.86	0.629821
14.85	0.629912
14.84	0.630003
14.83	0.630094
14.82	0.630186
14.81	0.630277
14.8	0.630369
14.79	0.630461
14.78	0.630553
14.77	0.630645
14.76	0.630737
14.75	0.63083
14.74	0.630923
14.73	0.631015
14.72	0.631108
14.71	0.631201
14.7	0.631295
14.69	0.631388
14.68	0.631482
14.67	0.631575
14.66	0.631669
14.65	0.631763
14.64	0.631857
14.63	0.631952
14.62	0.632046
14.61	0.632141
14.6	0.632235
14.59	0.63233
14.58	0.632425
14.57	0.632521
14.56	0.632616
14.55	0.632712
14.54	0.632807
14.53	0.632903
14.52	0.632999
14.51	0.633095
14.5	0.633192
14.49	0.633288
14.48	0.633385
14.47	0.633482
14.46	0.633579
14.45	0.633676
14.44	0.633773
14.43	0.633871
14.42	0.633968
14.41	0.634066
14.4	0.634164
14.39	0.634262
14.38	0.63436
14.37	0.634459
14.36	0.634557
14.35	0.634656
14.34	0.634755
14.33	0.634854
14.32	0.634953
14.31	0.635053
14.3	0.635153
14.29	0.635252
14.28	0.635352
14.27	0.635452
14.26	0.635553
14.25	0.635653
14.24	0.635754
14.23	0.635854
14.22	0.635955
14.21	0.636056
14.2	0.636158
14.19	0.636259
14.18	0.636361
14.17	0.636463
14.16	0.636565
14.15	0.636667
14.14	0.636769
14.13	0.636872
14.12	0.636974
14.11	0.637077
14.1	0.63718
14.09	0.637283
14.08	0.637387
14.07	0.63749
14.06	0.637594
14.05	0.637698
14.04	0.637802
14.03	0.637906
14.02	0.638011
14.01	0.638115
14	0.63822
13.99	0.638325
13.98	0.63843
13.97	0.638535
13.96	0.638641
13.95	0.638747
13.94	0.638853
13.93	0.638959
13.92	0.639065
13.91	0.639171
13.9	0.639278
13.89	0.639385
13.88	0.639492
13.87	0.639599
13.86	0.639706
13.85	0.639814
13.84	0.639921
13.83	0.640029
13.82	0.640138
13.81	0.640246
13.8	0.640354
13.79	0.640463
13.78	0.640572
13.77	0.640681
13.76	0.64079
13.75	0.6409
13.74	0.641009
13.73	0.641119
13.72	0.641229
13.71	0.641339
13.7	0.64145
13.69	0.64156
13.68	0.641671
13.67	0.641782
13.66	0.641893
13.65	0.642005
13.64	0.642116
13.63	0.642228
13.62	0.64234
13.61	0.642452
13.6	0.642565
13.59	0.642677
13.58	0.64279
13.57	0.642903
13.56	0.643016
13.55	0.64313
13.54	0.643243
13.53	0.643357
13.52	0.643471
13.51	0.643585
13.5	0.643699
13.49	0.643814
13.48	0.643929
13.47	0.644044
13.46	0.644159
13.45	0.644275
13.44	0.64439
13.43	0.644506
13.42	0.644622
13.41	0.644738
13.4	0.644855
13.39	0.644972
13.38	0.645089
13.37	0.645206
13.36	0.645323
13.35	0.645441
13.34	0.645558
13.33	0.645676
13.32	0.645794
13.31	0.645913
13.3	0.646031
13.29	0.64615
13.28	0.646269
13.27	0.646389
13.26	0.646508
13.25	0.646628
13.24	0.646748
13.23	0.646868
13.22	0.646988
13.21	0.647109
13.2	0.64723
13.19	0.647351
13.18	0.647472
13.17	0.647593
13.16	0.647715
13.15	0.647837
13.14	0.647959
13.13	0.648082
13.12	0.648204
13.11	0.648327
13.1	0.64845
13.09	0.648574
13.08	0.648697
13.07	0.648821
13.06	0.648945
13.05	0.649069
13.04	0.649194
13.03	0.649318
13.02	0.649443
13.01	0.649568
13	0.649694
12.99	0.649819
12.98	0.649945
12.97	0.650071
12.96	0.650198
12.95	0.650324
12.94	0.650451
12.93	0.650578
12.92	0.650705
12.91	0.650833
12.9	0.650961
12.89	0.651089
12.88	0.651217
12.87	0.651346
12.86	0.651474
12.85	0.651603
12.84	0.651733
12.83	0.651862
12.82	0.651992
12.81	0.652122
12.8	0.652252
12.79	0.652382
12.78	0.652513
12.77	0.652644
12.76	0.652775
12.75	0.652907
12.74	0.653039
12.73	0.653171
12.72	0.653303
12.71	0.653436
12.7	0.653568
12.69	0.653701
12.68	0.653835
12.67	0.653968
12.66	0.654102
12.65	0.654236
12.64	0.65437
12.63	0.654505
12.62	0.65464
12.61	0.654775
12.6	0.65491
12.59	0.655046
12.58	0.655182
12.57	0.655318
12.56	0.655454
12.55	0.655591
12.54	0.655728
12.53	0.655865
12.52	0.656003
12.51	0.65614
12.5	0.656278
12.49	0.656417
12.48	0.656555
12.47	0.656694
12.46	0.656833
12.45	0.656973
12.44	0.657113
12.43	0.657252
12.42	0.657393
12.41	0.657533
12.4	0.657674
12.39	0.657815
12.38	0.657957
12.37	0.658098
12.36	0.65824
12.35	0.658382
12.34	0.658525
12.33	0.658668
12.32	0.658811
12.31	0.658954
12.3	0.659098
12.29	0.659242
12.28	0.659386
12.27	0.65953
12.26	0.659675
12.25	0.65982
12.24	0.659966
12.23	0.660111
12.22	0.660257
12.21	0.660404
12.2	0.66055
12.19	0.660697
12.18	0.660844
12.17	0.660992
12.16	0.661139
12.15	0.661288
12.14	0.661436
12.13	0.661585
12.12	0.661734
12.11	0.661883
12.1	0.662032
12.09	0.662182
12.08	0.662333
12.07	0.662483
12.06	0.662634
12.05	0.662785
12.04	0.662936
12.03	0.663088
12.02	0.66324
12.01	0.663393
12	0.663545
11.99	0.663698
11.98	0.663852
11.97	0.664005
11.96	0.664159
11.95	0.664314
11.94	0.664468
11.93	0.664623
11.92	0.664778
11.91	0.664934
11.9	0.66509
11.89	0.665246
11.88	0.665403
11.87	0.66556
11.86	0.665717
11.85	0.665874
11.84	0.666032
11.83	0.666191
11.82	0.666349
11.81	0.666508
11.8	0.666667
11.79	0.666827
11.78	0.666987
11.77	0.667147
11.76	0.667308
11.75	0.667468
11.74	0.66763
11.73	0.667791
11.72	0.667953
11.71	0.668116
11.7	0.668278
11.69	0.668441
11.68	0.668605
11.67	0.668768
11.66	0.668932
11.65	0.669097
11.64	0.669261
11.63	0.669427
11.62	0.669592
11.61	0.669758
11.6	0.669924
11.59	0.67009
11.58	0.670257
11.57	0.670425
11.56	0.670592
11.55	0.67076
11.54	0.670929
11.53	0.671097
11.52	0.671266
11.51	0.671436
11.5	0.671606
11.49	0.671776
11.48	0.671946
11.47	0.672117
11.46	0.672289
11.45	0.67246
11.44	0.672632
11.43	0.672805
11.42	0.672978
11.41	0.673151
11.4	0.673324
11.39	0.673498
11.38	0.673673
11.37	0.673847
11.36	0.674023
11.35	0.674198
11.34	0.674374
11.33	0.67455
11.32	0.674727
11.31	0.674904
11.3	0.675082
11.29	0.675259
11.28	0.675438
11.27	0.675616
11.26	0.675795
11.25	0.675975
11.24	0.676155
11.23	0.676335
11.22	0.676516
11.21	0.676697
11.2	0.676878
11.19	0.67706
11.18	0.677242
11.17	0.677425
11.16	0.677608
11.15	0.677792
11.14	0.677976
11.13	0.67816
11.12	0.678345
11.11	0.67853
11.1	0.678716
11.09	0.678902
11.08	0.679089
11.07	0.679276
11.06	0.679463
11.05	0.679651
11.04	0.679839
11.03	0.680028
11.02	0.680217
11.01	0.680406
11	0.680596
10.99	0.680786
10.98	0.680977
10.97	0.681169
10.96	0.68136
10.95	0.681553
10.94	0.681745
10.93	0.681938
10.92	0.682132
10.91	0.682326
10.9	0.68252
10.89	0.682715
10.88	0.68291
10.87	0.683106
10.86	0.683302
10.85	0.683499
10.84	0.683696
10.83	0.683894
10.82	0.684092
10.81	0.68429
10.8	0.684489
10.79	0.684689
10.78	0.684889
10.77	0.685089
10.76	0.68529
10.75	0.685492
10.74	0.685694
10.73	0.685896
10.72	0.686099
10.71	0.686302
10.7	0.686506
10.69	0.68671
10.68	0.686915
10.67	0.68712
10.66	0.687326
10.65	0.687532
10.64	0.687739
10.63	0.687946
10.62	0.688154
10.61	0.688362
10.6	0.688571
10.59	0.68878
10.58	0.68899
10.57	0.6892
10.56	0.689411
10.55	0.689623
10.54	0.689834
10.53	0.690047
10.52	0.69026
10.51	0.690473
10.5	0.690687
10.49	0.690901
10.48	0.691116
10.47	0.691332
10.46	0.691548
10.45	0.691764
10.44	0.691981
10.43	0.692199
10.42	0.692417
10.41	0.692636
10.4	0.692855
10.39	0.693075
10.38	0.693295
10.37	0.693516
10.36	0.693737
10.35	0.693959
10.34	0.694182
10.33	0.694405
10.32	0.694628
10.31	0.694853
10.3	0.695077
10.29	0.695303
10.28	0.695529
10.27	0.695755
10.26	0.695982
10.25	0.69621
10.24	0.696438
10.23	0.696667
10.22	0.696896
10.21	0.697126
10.2	0.697356
10.19	0.697587
10.18	0.697819
10.17	0.698051
10.16	0.698284
10.15	0.698517
10.14	0.698752
10.13	0.698986
10.12	0.699221
10.11	0.699457
10.1	0.699694
10.09	0.699931
10.08	0.700168
10.07	0.700407
10.06	0.700646
10.05	0.700885
10.04	0.701125
10.03	0.701366
10.02	0.701607
10.01	0.701849
10	0.702092
9.99	0.702335
9.98	0.702579
9.97	0.702824
9.96	0.703069
9.95	0.703315
9.94	0.703561
9.93	0.703808
9.92	0.704056
9.91	0.704304
9.9	0.704553
9.89	0.704803
9.88	0.705053
9.87	0.705305
9.86	0.705556
9.85	0.705809
9.84	0.706062
9.83	0.706315
9.82	0.70657
9.81	0.706825
9.8	0.707081
9.79	0.707337
9.78	0.707594
9.77	0.707852
9.76	0.708111
9.75	0.70837
9.74	0.70863
9.73	0.70889
9.72	0.709152
9.71	0.709414
9.7	0.709676
9.69	0.70994
9.68	0.710204
9.67	0.710469
9.66	0.710734
9.65	0.711001
9.64	0.711268
9.63	0.711535
9.62	0.711804
9.61	0.712073
9.6	0.712343
9.59	0.712614
9.58	0.712885
9.57	0.713158
9.56	0.713431
9.55	0.713704
9.54	0.713979
9.53	0.714254
9.52	0.71453
9.51	0.714807
9.5	0.715084
9.49	0.715362
9.48	0.715642
9.47	0.715921
9.46	0.716202
9.45	0.716483
9.44	0.716766
9.43	0.717049
9.42	0.717333
9.41	0.717617
9.4	0.717903
9.39	0.718189
9.38	0.718476
9.37	0.718764
9.36	0.719052
9.35	0.719342
9.34	0.719632
9.33	0.719923
9.32	0.720215
9.31	0.720508
9.3	0.720801
9.29	0.721096
9.28	0.721391
9.27	0.721687
9.26	0.721984
9.25	0.722282
9.24	0.722581
9.23	0.72288
9.22	0.723181
9.21	0.723482
9.2	0.723784
9.19	0.724087
9.18	0.724391
9.17	0.724696
9.16	0.725002
9.15	0.725309
9.14	0.725616
9.13	0.725924
9.12	0.726234
9.11	0.726544
9.1	0.726855
9.09	0.727167
9.08	0.72748
9.07	0.727794
9.06	0.728109
9.05	0.728425
9.04	0.728741
9.03	0.729059
9.02	0.729378
9.01	0.729697
9	0.730018
8.99	0.730339
8.98	0.730661
8.97	0.730985
8.96	0.731309
8.95	0.731634
8.94	0.731961
8.93	0.732288
8.92	0.732616
8.91	0.732946
8.9	0.733276
8.89	0.733607
8.88	0.733939
8.87	0.734273
8.86	0.734607
8.85	0.734942
8.84	0.735278
8.83	0.735616
8.82	0.735954
8.81	0.736294
8.8	0.736634
8.79	0.736976
8.78	0.737318
8.77	0.737662
8.76	0.738007
8.75	0.738352
8.74	0.738699
8.73	0.739047
8.72	0.739396
8.71	0.739746
8.7	0.740097
8.69	0.74045
8.68	0.740803
8.67	0.741157
8.66	0.741513
8.65	0.74187
8.64	0.742228
8.63	0.742587
8.62	0.742947
8.61	0.743308
8.6	0.74367
8.59	0.744034
8.58	0.744399
8.57	0.744764
8.56	0.745131
8.55	0.7455
8.54	0.745869
8.53	0.74624
8.52	0.746611
8.51	0.746984
8.5	0.747358
8.49	0.747734
8.48	0.74811
8.47	0.748488
8.46	0.748867
8.45	0.749247
8.44	0.749629
8.43	0.750012
8.42	0.750396
8.41	0.750781
8.4	0.751167
8.39	0.751555
8.38	0.751944
8.37	0.752334
8.36	0.752726
8.35	0.753119
8.34	0.753513
8.33	0.753908
8.32	0.754305
8.31	0.754703
8.3	0.755103
8.29	0.755503
8.28	0.755905
8.27	0.756309
8.26	0.756714
8.25	0.75712
8.24	0.757527
8.23	0.757936
8.22	0.758346
8.21	0.758758
8.2	0.759171
8.19	0.759585
8.18	0.760001
8.17	0.760419
8.16	0.760837
8.15	0.761257
8.14	0.761679
8.13	0.762102
8.12	0.762526
8.11	0.762952
8.1	0.763379
8.09	0.763808
8.08	0.764238
8.07	0.76467
8.06	0.765103
8.05	0.765538
8.04	0.765974
8.03	0.766412
8.02	0.766851
8.01	0.767292
8	0.767735
7.99	0.768179
7.98	0.768624
7.97	0.769071
7.96	0.76952
7.95	0.76997
7.94	0.770422
7.93	0.770875
7.92	0.77133
7.91	0.771787
7.9	0.772245
7.89	0.772705
7.88	0.773166
7.87	0.773629
7.86	0.774094
7.85	0.774561
7.84	0.775029
7.83	0.775499
7.82	0.77597
7.81	0.776443
7.8	0.776918
7.79	0.777395
7.78	0.777873
7.77	0.778354
7.76	0.778835
7.75	0.779319
7.74	0.779805
7.73	0.780292
7.72	0.780781
7.71	0.781271
7.7	0.781764
7.69	0.782258
7.68	0.782755
7.67	0.783253
7.66	0.783753
7.65	0.784254
7.64	0.784758
7.63	0.785263
7.62	0.785771
7.61	0.78628
7.6	0.786791
7.59	0.787305
7.58	0.78782
7.57	0.788337
7.56	0.788856
7.55	0.789376
7.54	0.789899
7.53	0.790424
7.52	0.790951
7.51	0.79148
7.5	0.792011
7.49	0.792544
7.48	0.793079
7.47	0.793616
7.46	0.794155
7.45	0.794696
7.44	0.795239
7.43	0.795785
7.42	0.796332
7.41	0.796882
7.4	0.797434
7.39	0.797987
7.38	0.798544
7.37	0.799102
7.36	0.799662
7.35	0.800225
7.34	0.80079
7.33	0.801357
7.32	0.801926
7.31	0.802498
7.3	0.803071
7.29	0.803648
7.28	0.804226
7.27	0.804807
7.26	0.80539
7.25	0.805975
7.24	0.806563
7.23	0.807153
7.22	0.807745
7.21	0.80834
7.2	0.808937
7.19	0.809537
7.18	0.810139
7.17	0.810744
7.16	0.811351
7.15	0.81196
7.14	0.812572
7.13	0.813187
7.12	0.813804
7.11	0.814423
7.1	0.815045
7.09	0.81567
7.08	0.816297
7.07	0.816927
7.06	0.81756
7.05	0.818195
7.04	0.818833
7.03	0.819473
7.02	0.820116
7.01	0.820762
7	0.821411
6.99	0.822062
6.98	0.822716
6.97	0.823373
6.96	0.824032
6.95	0.824695
6.94	0.82536
6.93	0.826028
6.92	0.826699
6.91	0.827373
6.9	0.82805
6.89	0.828729
6.88	0.829412
6.87	0.830097
6.86	0.830786
6.85	0.831477
6.84	0.832172
6.83	0.832869
6.82	0.83357
6.81	0.834273
6.8	0.83498
6.79	0.83569
6.78	0.836403
6.77	0.837119
6.76	0.837838
6.75	0.83856
6.74	0.839286
6.73	0.840015
6.72	0.840747
6.71	0.841483
6.7	0.842221
6.69	0.842963
6.68	0.843709
6.67	0.844457
6.66	0.845209
6.65	0.845965
6.64	0.846724
6.63	0.847486
6.62	0.848252
6.61	0.849021
6.6	0.849794
6.59	0.850571
6.58	0.851351
6.57	0.852134
6.56	0.852922
6.55	0.853713
6.54	0.854507
6.53	0.855305
6.52	0.856107
6.51	0.856913
6.5	0.857723
6.49	0.858536
6.48	0.859353
6.47	0.860174
6.46	0.860999
6.45	0.861828
6.44	0.86266
6.43	0.863497
6.42	0.864338
6.41	0.865182
6.4	0.866031
6.39	0.866884
6.38	0.867741
6.37	0.868602
6.36	0.869467
6.35	0.870336
6.34	0.87121
6.33	0.872088
6.32	0.87297
6.31	0.873857
6.3	0.874747
6.29	0.875643
6.28	0.876542
6.27	0.877446
6.26	0.878355
6.25	0.879268
6.24	0.880186
6.23	0.881108
6.22	0.882035
6.21	0.882966
6.2	0.883902
6.19	0.884843
6.18	0.885789
6.17	0.886739
6.16	0.887694
6.15	0.888654
6.14	0.889619
6.13	0.890589
6.12	0.891564
6.11	0.892544
6.1	0.893528
6.09	0.894518
6.08	0.895514
6.07	0.896514
6.06	0.897519
6.05	0.89853
6.04	0.899546
6.03	0.900567
6.02	0.901594
6.01	0.902626
6	0.903663
5.99	0.904706
5.98	0.905755
5.97	0.906809
5.96	0.907869
5.95	0.908934
5.94	0.910005
5.93	0.911082
5.92	0.912165
5.91	0.913253
5.9	0.914348
5.89	0.915448
5.88	0.916554
5.87	0.917667
5.86	0.918785
5.85	0.91991
5.84	0.92104
5.83	0.922177
5.82	0.923321
5.81	0.92447
5.8	0.925626
5.79	0.926789
5.78	0.927958
5.77	0.929133
5.76	0.930315
5.75	0.931504
5.74	0.932699
5.73	0.933902
5.72	0.935111
5.71	0.936327
5.7	0.93755
5.69	0.938779
5.68	0.940016
5.67	0.94126
5.66	0.942512
5.65	0.94377
5.64	0.945036
5.63	0.946309
5.62	0.94759
5.61	0.948878
5.6	0.950173
5.59	0.951477
5.58	0.952788
5.57	0.954106
5.56	0.955433
5.55	0.956767
5.54	0.95811
5.53	0.95946
5.52	0.960819
5.51	0.962185
5.5	0.96356
5.49	0.964944
5.48	0.966335
5.47	0.967735
5.46	0.969144
5.45	0.970561
5.44	0.971987
5.43	0.973422
5.42	0.974866
5.41	0.976318
5.4	0.97778
5.39	0.979251
5.38	0.980731
5.37	0.98222
5.36	0.983719
5.35	0.985227
5.34	0.986744
5.33	0.988271
5.32	0.989808
5.31	0.991355
5.3	0.992912
5.29	0.994478
5.28	0.996055
5.27	0.997642
5.26	0.999239
5.25	1.00085
5.24	1.00246
5.23	1.00409
5.22	1.00573
5.21	1.00738
5.2	1.00904
5.19	1.01072
5.18	1.0124
5.17	1.01409
5.16	1.0158
5.15	1.01752
5.14	1.01924
5.13	1.02099
5.12	1.02274
5.11	1.0245
5.1	1.02628
5.09	1.02807
5.08	1.02987
5.07	1.03168
5.06	1.0335
5.05	1.03534
5.04	1.03719
5.03	1.03906
5.02	1.04093
5.01	1.04282
5	1.04473
4.99	1.04664
4.98	1.04857
4.97	1.05052
4.96	1.05247
4.95	1.05445
4.94	1.05643
4.93	1.05843
4.92	1.06045
4.91	1.06248
4.9	1.06452
4.89	1.06658
4.88	1.06865
4.87	1.07074
4.86	1.07285
4.85	1.07497
4.84	1.0771
4.83	1.07926
4.82	1.08142
4.81	1.08361
4.8	1.08581
4.79	1.08803
4.78	1.09026
4.77	1.09251
4.76	1.09478
4.75	1.09707
4.74	1.09937
4.73	1.10169
4.72	1.10403
4.71	1.10639
4.7	1.10877
4.69	1.11116
4.68	1.11357
4.67	1.11601
4.66	1.11846
4.65	1.12093
4.64	1.12342
4.63	1.12593
4.62	1.12846
4.61	1.13101
4.6	1.13359
4.59	1.13618
4.58	1.13879
4.57	1.14143
4.56	1.14409
4.55	1.14677
4.54	1.14947
4.53	1.15219
4.52	1.15494
4.51	1.15771
4.5	1.1605
4.49	1.16332
4.48	1.16616
4.47	1.16903
4.46	1.17192
4.45	1.17483
4.44	1.17777
4.43	1.18074
4.42	1.18373
4.41	1.18675
4.4	1.18979
4.39	1.19286
4.38	1.19596
4.37	1.19908
4.36	1.20224
4.35	1.20542
4.34	1.20863
4.33	1.21187
4.32	1.21513
4.31	1.21843
4.3	1.22176
4.29	1.22512
4.28	1.22851
4.27	1.23193
4.26	1.23538
4.25	1.23887
4.24	1.24238
4.23	1.24593
4.22	1.24952
4.21	1.25314
4.2	1.25679
4.19	1.26048
4.18	1.2642
4.17	1.26796
4.16	1.27176
4.15	1.27559
4.14	1.27946
4.13	1.28337
4.12	1.28732
4.11	1.2913
4.1	1.29533
4.09	1.2994
4.08	1.3035
4.07	1.30765
4.06	1.31184
4.05	1.31608
4.04	1.32036
4.03	1.32468
4.02	1.32905
4.01	1.33346
4	1.33792
3.99	1.34242
3.98	1.34698
3.97	1.35158
3.96	1.35623
3.95	1.36093
3.94	1.36568
3.93	1.37048
3.92	1.37534
3.91	1.38025
3.9	1.38521
3.89	1.39023
3.88	1.3953
3.87	1.40043
3.86	1.40561
3.85	1.41086
3.84	1.41617
3.83	1.42153
3.82	1.42696
3.81	1.43245
3.8	1.438
3.79	1.44362
3.78	1.4493
3.77	1.45506
3.76	1.46088
3.75	1.46676
3.74	1.47272
3.73	1.47875
3.72	1.48486
3.71	1.49104
3.7	1.49729
3.69	1.50362
3.68	1.51003
3.67	1.51652
3.66	1.52309
3.65	1.52975
3.64	1.53648
3.63	1.54331
3.62	1.55022
3.61	1.55722
3.6	1.56431
3.59	1.5715
3.58	1.57878
3.57	1.58616
3.56	1.59363
3.55	1.6012
3.54	1.60888
3.53	1.61666
3.52	1.62455
3.51	1.63255
3.5	1.64065
3.49	1.64887
3.48	1.65721
3.47	1.66566
3.46	1.67423
3.45	1.68293
3.44	1.69175
3.43	1.7007
3.42	1.70978
3.41	1.71899
3.4	1.72834
3.39	1.73783
3.38	1.74746
3.37	1.75724
3.36	1.76717
3.35	1.77725
3.34	1.78749
3.33	1.79788
3.32	1.80844
3.31	1.81917
3.3	1.83007
3.29	1.84114
3.28	1.85239
3.27	1.86383
3.26	1.87546
3.25	1.88728
3.24	1.89929
3.23	1.91151
3.22	1.92394
3.21	1.93659
3.2	1.94945
3.19	1.96253
3.18	1.97585
3.17	1.9894
3.16	2.0032
3.15	2.01725
3.14	2.03156
3.13	2.04613
3.12	2.06097
3.11	2.07609
3.1	2.0915
3.09	2.1072
3.08	2.12321
3.07	2.13953
3.06	2.15618
3.05	2.17316
3.04	2.19048
3.03	2.20816
3.02	2.22621
3.01	2.24463
3	2.26344
2.99	2.28265
2.98	2.30228
2.97	2.32234
2.96	2.34284
2.95	2.36381
2.94	2.38525
2.93	2.40719
2.92	2.42964
2.91	2.45262
2.9	2.47615
2.89	2.50025
2.88	2.52495
2.87	2.55027
2.86	2.57623
2.85	2.60287
2.84	2.6302
2.83	2.65826
2.82	2.68708
2.81	2.71669
2.8	2.74713
2.79	2.77844
2.78	2.81066
2.77	2.84384
2.76	2.87801
2.75	2.91324
2.74	2.94957
2.73	2.98706
2.72	3.02579
2.71	3.06581
2.7	3.10721
2.69	3.15005
2.68	3.19444
2.67	3.24047
2.66	3.28824
2.65	3.33787
2.64	3.38949
2.63	3.44324
2.62	3.49928
2.61	3.55778
2.6	3.61895
2.59	3.683
2.58	3.75017
2.57	3.82077
2.56	3.8951
2.55	3.97354
2.54	4.05653
2.53	4.14455
2.52	4.23821
2.51	4.33819
2.5	4.44535
2.49	4.56068
2.48	4.68544
2.47	4.82119
2.46	4.96991
2.45	5.13416
2.44	5.31736
2.43	5.52419
2.42	5.76133
2.41	6.03874
2.4	6.37231
2.39	6.78971
2.38	7.34596
2.37	8.17841
2.36	9.85982
-2.36	9.85982
-2.37	8.17841
-2.38	7.34596
-2.39	6.78971
-2.4	6.37231
-2.41	6.03874
-2.42	5.76133
-2.43	5.52419
-2.44	5.31736
-2.45	5.13416
-2.46	4.96991
-2.47	4.82119
-2.48	4.68544
-2.49	4.56068
-2.5	4.44535
-2.51	4.33819
-2.52	4.23821
-2.53	4.14455
-2.54	4.05653
-2.55	3.97354
-2.56	3.8951
-2.57	3.82077
-2.58	3.75017
-2.59	3.683
-2.6	3.61895
-2.61	3.55778
-2.62	3.49928
-2.63	3.44324
-2.64	3.38949
-2.65	3.33787
-2.66	3.28824
-2.67	3.24047
-2.68	3.19444
-2.69	3.15005
-2.7	3.10721
-2.71	3.06581
-2.72	3.02579
-2.73	2.98706
-2.74	2.94957
-2.75	2.91324
-2.76	2.87801
-2.77	2.84384
-2.78	2.81066
-2.79	2.77844
-2.8	2.74713
-2.81	2.71669
-2.82	2.68708
-2.83	2.65826
-2.84	2.6302
-2.85	2.60287
-2.86	2.57623
-2.87	2.55027
-2.88	2.52495
-2.89	2.50025
-2.9	2.47615
-2.91	2.45262
-2.92	2.42964
-2.93	2.40719
-2.94	2.38525
-2.95	2.36381
-2.96	2.34284
-2.97	2.32234
-2.98	2.30228
-2.99	2.28265
-3	2.26344
-3.01	2.24463
-3.02	2.22621
-3.03	2.20816
-3.04	2.19048
-3.05	2.17316
-3.06	2.15618
-3.07	2.13953
-3.08	2.12321
-3.09	2.1072
-3.1	2.0915
-3.11	2.07609
-3.12	2.06097
-3.13	2.04613
-3.14	2.03156
-3.15	2.01725
-3.16	2.0032
-3.17	1.9894
-3.18	1.97585
-3.19	1.96253
-3.2	1.94945
-3.21	1.93659
-3.22	1.92394
-3.23	1.91151
-3.24	1.89929
-3.25	1.88728
-3.26	1.87546
-3.27	1.86383
-3.28	1.85239
-3.29	1.84114
-3.3	1.83007
-3.31	1.81917
-3.32	1.80844
-3.33	1.79788
-3.34	1.78749
-3.35	1.77725
-3.36	1.76717
-3.37	1.75724
-3.38	1.74746
-3.39	1.73783
-3.4	1.72834
-3.41	1.71899
-3.42	1.70978
-3.43	1.7007
-3.44	1.69175
-3.45	1.68293
-3.46	1.67423
-3.47	1.66566
-3.48	1.65721
-3.49	1.64887
-3.5	1.64065
-3.51	1.63255
-3.52	1.62455
-3.53	1.61666
-3.54	1.60888
-3.55	1.6012
-3.56	1.59363
-3.57	1.58616
-3.58	1.57878
-3.59	1.5715
-3.6	1.56431
-3.61	1.55722
-3.62	1.55022
-3.63	1.54331
-3.64	1.53648
-3.65	1.52975
-3.66	1.52309
-3.67	1.51652
-3.68	1.51003
-3.69	1.50362
-3.7	1.49729
-3.71	1.49104
-3.72	1.48486
-3.73	1.47875
-3.74	1.47272
-3.75	1.46676
-3.76	1.46088
-3.77	1.45506
-3.78	1.4493
-3.79	1.44362
-3.8	1.438
-3.81	1.43245
-3.82	1.42696
-3.83	1.42153
-3.84	1.41617
-3.85	1.41086
-3.86	1.40561
-3.87	1.40043
-3.88	1.3953
-3.89	1.39023
-3.9	1.38521
-3.91	1.38025
-3.92	1.37534
-3.93	1.37048
-3.94	1.36568
-3.95	1.36093
-3.96	1.35623
-3.97	1.35158
-3.98	1.34698
-3.99	1.34242
-4	1.33792
-4.01	1.33346
-4.02	1.32905
-4.03	1.32468
-4.04	1.32036
-4.05	1.31608
-4.06	1.31184
-4.07	1.30765
-4.08	1.3035
-4.09	1.2994
-4.1	1.29533
-4.11	1.2913
-4.12	1.28732
-4.13	1.28337
-4.14	1.27946
-4.15	1.27559
-4.16	1.27176
-4.17	1.26796
-4.18	1.2642
-4.19	1.26048
-4.2	1.25679
-4.21	1.25314
-4.22	1.24952
-4.23	1.24593
-4.24	1.24238
-4.25	1.23887
-4.26	1.23538
-4.27	1.23193
-4.28	1.22851
-4.29	1.22512
-4.3	1.22176
-4.31	1.21843
-4.32	1.21513
-4.33	1.21187
-4.34	1.20863
-4.35	1.20542
-4.36	1.20224
-4.37	1.19908
-4.38	1.19596
-4.39	1.19286
-4.4	1.18979
-4.41	1.18675
-4.42	1.18373
-4.43	1.18074
-4.44	1.17777
-4.45	1.17483
-4.46	1.17192
-4.47	1.16903
-4.48	1.16616
-4.49	1.16332
-4.5	1.1605
-4.51	1.15771
-4.52	1.15494
-4.53	1.15219
-4.54	1.14947
-4.55	1.14677
-4.56	1.14409
-4.57	1.14143
-4.58	1.13879
-4.59	1.13618
-4.6	1.13359
-4.61	1.13101
-4.62	1.12846
-4.63	1.12593
-4.64	1.12342
-4.65	1.12093
-4.66	1.11846
-4.67	1.11601
-4.68	1.11357
-4.69	1.11116
-4.7	1.10877
-4.71	1.10639
-4.72	1.10403
-4.73	1.10169
-4.74	1.09937
-4.75	1.09707
-4.76	1.09478
-4.77	1.09251
-4.78	1.09026
-4.79	1.08803
-4.8	1.08581
-4.81	1.08361
-4.82	1.08142
-4.83	1.07926
-4.84	1.0771
-4.85	1.07497
-4.86	1.07285
-4.87	1.07074
-4.88	1.06865
-4.89	1.06658
-4.9	1.06452
-4.91	1.06248
-4.92	1.06045
-4.93	1.05843
-4.94	1.05643
-4.95	1.05445
-4.96	1.05247
-4.97	1.05052
-4.98	1.04857
-4.99	1.04664
-5	1.04473
-5.01	1.04282
-5.02	1.04093
-5.03	1.03906
-5.04	1.03719
-5.05	1.03534
-5.06	1.0335
-5.07	1.03168
-5.08	1.02987
-5.09	1.02807
-5.1	1.02628
-5.11	1.0245
-5.12	1.02274
-5.13	1.02099
-5.14	1.01924
-5.15	1.01752
-5.16	1.0158
-5.17	1.01409
-5.18	1.0124
-5.19	1.01072
-5.2	1.00904
-5.21	1.00738
-5.22	1.00573
-5.23	1.00409
-5.24	1.00246
-5.25	1.00085
-5.26	0.999239
-5.27	0.997642
-5.28	0.996055
-5.29	0.994478
-5.3	0.992912
-5.31	0.991355
-5.32	0.989808
-5.33	0.988271
-5.34	0.986744
-5.35	0.985227
-5.36	0.983719
-5.37	0.98222
-5.38	0.980731
-5.39	0.979251
-5.4	0.97778
-5.41	0.976318
-5.42	0.974866
-5.43	0.973422
-5.44	0.971987
-5.45	0.970561
-5.46	0.969144
-5.47	0.967735
-5.48	0.966335
-5.49	0.964944
-5.5	0.96356
-5.51	0.962185
-5.52	0.960819
-5.53	0.95946
-5.54	0.95811
-5.55	0.956767
-5.56	0.955433
-5.57	0.954106
-5.58	0.952788
-5.59	0.951477
-5.6	0.950173
-5.61	0.948878
-5.62	0.94759
-5.63	0.946309
-5.64	0.945036
-5.65	0.94377
-5.66	0.942512
-5.67	0.94126
-5.68	0.940016
-5.69	0.938779
-5.7	0.93755
-5.71	0.936327
-5.72	0.935111
-5.73	0.933902
-5.74	0.932699
-5.75	0.931504
-5.76	0.930315
-5.77	0.929133
-5.78	0.927958
-5.79	0.926789
-5.8	0.925626
-5.81	0.92447
-5.82	0.923321
-5.83	0.922177
-5.84	0.92104
-5.85	0.91991
-5.86	0.918785
-5.87	0.917667
-5.88	0.916554
-5.89	0.915448
-5.9	0.914348
-5.91	0.913253
-5.92	0.912165
-5.93	0.911082
-5.94	0.910005
-5.95	0.908934
-5.96	0.907869
-5.97	0.906809
-5.98	0.905755
-5.99	0.904706
-6	0.903663
-6.01	0.902626
-6.02	0.901594
-6.03	0.900567
-6.04	0.899546
-6.05	0.89853
-6.06	0.897519
-6.07	0.896514
-6.08	0.895514
-6.09	0.894518
-6.1	0.893528
-6.11	0.892544
-6.12	0.891564
-6.13	0.890589
-6.14	0.889619
-6.15	0.888654
-6.16	0.887694
-6.17	0.886739
-6.18	0.885789
-6.19	0.884843
-6.2	0.883902
-6.21	0.882966
-6.22	0.882035
-6.23	0.881108
-6.24	0.880186
-6.25	0.879268
-6.26	0.878355
-6.27	0.877446
-6.28	0.876542
-6.29	0.875643
-6.3	0.874747
-6.31	0.873857
-6.32	0.87297
-6.33	0.872088
-6.34	0.87121
-6.35	0.870336
-6.36	0.869467
-6.37	0.868602
-6.38	0.867741
-6.39	0.866884
-6.4	0.866031
-6.41	0.865182
-6.42	0.864338
-6.43	0.863497
-6.44	0.86266
-6.45	0.861828
-6.46	0.860999
-6.47	0.860174
-6.48	0.859353
-6.49	0.858536
-6.5	0.857723
-6.51	0.856913
-6.52	0.856107
-6.53	0.855305
-6.54	0.854507
-6.55	0.853713
-6.56	0.852922
-6.57	0.852134
-6.58	0.851351
-6.59	0.850571
-6.6	0.849794
-6.61	0.849021
-6.62	0.848252
-6.63	0.847486
-6.64	0.846724
-6.65	0.845965
-6.66	0.845209
-6.67	0.844457
-6.68	0.843709
-6.69	0.842963
-6.7	0.842221
-6.71	0.841483
-6.72	0.840747
-6.73	0.840015
-6.74	0.839286
-6.75	0.83856
-6.76	0.837838
-6.77	0.837119
-6.78	0.836403
-6.79	0.83569
-6.8	0.83498
-6.81	0.834273
-6.82	0.83357
-6.83	0.832869
-6.84	0.832172
-6.85	0.831477
-6.86	0.830786
-6.87	0.830097
-6.88	0.829412
-6.89	0.828729
-6.9	0.82805
-6.91	0.827373
-6.92	0.826699
-6.93	0.826028
-6.94	0.82536
-6.95	0.824695
-6.96	0.824032
-6.97	0.823373
-6.98	0.822716
-6.99	0.822062
-7	0.821411
-7.01	0.820762
-7.02	0.820116
-7.03	0.819473
-7.04	0.818833
-7.05	0.818195
-7.06	0.81756
-7.07	0.816927
-7.08	0.816297
-7.09	0.81567
-7.1	0.815045
-7.11	0.814423
-7.12	0.813804
-7.13	0.813187
-7.14	0.812572
-7.15	0.81196
-7.16	0.811351
-7.17	0.810744
-7.18	0.810139
-7.19	0.809537
-7.2	0.808937
-7.21	0.80834
-7.22	0.807745
-7.23	0.807153
-7.24	0.806563
-7.25	0.805975
-7.26	0.80539
-7.27	0.804807
-7.28	0.804226
-7.29	0.803648
-7.3	0.803071
-7.31	0.802498
-7.32	0.801926
-7.33	0.801357
-7.34	0.80079
-7.35	0.800225
-7.36	0.799662
-7.37	0.799102
-7.38	0.798544
-7.39	0.797987
-7.4	0.797434
-7.41	0.796882
-7.42	0.796332
-7.43	0.795785
-7.44	0.795239
-7.45	0.794696
-7.46	0.794155
-7.47	0.793616
-7.48	0.793079
-7.49	0.792544
-7.5	0.792011
-7.51	0.79148
-7.52	0.790951
-7.53	0.790424
-7.54	0.789899
-7.55	0.789376
-7.56	0.788856
-7.57	0.788337
-7.58	0.78782
-7.59	0.787305
-7.6	0.786791
-7.61	0.78628
-7.62	0.785771
-7.63	0.785263
-7.64	0.784758
-7.65	0.784254
-7.66	0.783753
-7.67	0.783253
-7.68	0.782755
-7.69	0.782258
-7.7	0.781764
-7.71	0.781271
-7.72	0.780781
-7.73	0.780292
-7.74	0.779805
-7.75	0.779319
-7.76	0.778835
-7.77	0.778354
-7.78	0.777873
-7.79	0.777395
-7.8	0.776918
-7.81	0.776443
-7.82	0.77597
-7.83	0.775499
-7.84	0.775029
-7.85	0.774561
-7.86	0.774094
-7.87	0.773629
-7.88	0.773166
-7.89	0.772705
-7.9	0.772245
-7.91	0.771787
-7.92	0.77133
-7.93	0.770875
-7.94	0.770422
-7.95	0.76997
-7.96	0.76952
-7.97	0.769071
-7.98	0.768624
-7.99	0.768179
-8	0.767735
-8.01	0.767292
-8.02	0.766851
-8.03	0.766412
-8.04	0.765974
-8.05	0.765538
-8.06	0.765103
-8.07	0.76467
-8.08	0.764238
-8.09	0.763808
-8.1	0.763379
-8.11	0.762952
-8.12	0.762526
-8.13	0.762102
-8.14	0.761679
-8.15	0.761257
-8.16	0.760837
-8.17	0.760419
-8.18	0.760001
-8.19	0.759585
-8.2	0.759171
-8.21	0.758758
-8.22	0.758346
-8.23	0.757936
-8.24	0.757527
-8.25	0.75712
-8.26	0.756714
-8.27	0.756309
-8.28	0.755905
-8.29	0.755503
-8.3	0.755103
-8.31	0.754703
-8.32	0.754305
-8.33	0.753908
-8.34	0.753513
-8.35	0.753119
-8.36	0.752726
-8.37	0.752334
-8.38	0.751944
-8.39	0.751555
-8.4	0.751167
-8.41	0.750781
-8.42	0.750396
-8.43	0.750012
-8.44	0.749629
-8.45	0.749247
-8.46	0.748867
-8.47	0.748488
-8.48	0.74811
-8.49	0.747734
-8.5	0.747358
-8.51	0.746984
-8.52	0.746611
-8.53	0.74624
-8.54	0.745869
-8.55	0.7455
-8.56	0.745131
-8.57	0.744764
-8.58	0.744399
-8.59	0.744034
-8.6	0.74367
-8.61	0.743308
-8.62	0.742947
-8.63	0.742587
-8.64	0.742228
-8.65	0.74187
-8.66	0.741513
-8.67	0.741157
-8.68	0.740803
-8.69	0.74045
-8.7	0.740097
-8.71	0.739746
-8.72	0.739396
-8.73	0.739047
-8.74	0.738699
-8.75	0.738352
-8.76	0.738007
-8.77	0.737662
-8.78	0.737318
-8.79	0.736976
-8.8	0.736634
-8.81	0.736294
-8.82	0.735954
-8.83	0.735616
-8.84	0.735278
-8.85	0.734942
-8.86	0.734607
-8.87	0.734273
-8.88	0.733939
-8.89	0.733607
-8.9	0.733276
-8.91	0.732946
-8.92	0.732616
-8.93	0.732288
-8.94	0.731961
-8.95	0.731634
-8.96	0.731309
-8.97	0.730985
-8.98	0.730661
-8.99	0.730339
-9	0.730018
-9.01	0.729697
-9.02	0.729378
-9.03	0.729059
-9.04	0.728741
-9.05	0.728425
-9.06	0.728109
-9.07	0.727794
-9.08	0.72748
-9.09	0.727167
-9.1	0.726855
-9.11	0.726544
-9.12	0.726234
-9.13	0.725924
-9.14	0.725616
-9.15	0.725309
-9.16	0.725002
-9.17	0.724696
-9.18	0.724391
-9.19	0.724087
-9.2	0.723784
-9.21	0.723482
-9.22	0.723181
-9.23	0.72288
-9.24	0.722581
-9.25	0.722282
-9.26	0.721984
-9.27	0.721687
-9.28	0.721391
-9.29	0.721096
-9.3	0.720801
-9.31	0.720508
-9.32	0.720215
-9.33	0.719923
-9.34	0.719632
-9.35	0.719342
-9.36	0.719052
-9.37	0.718764
-9.38	0.718476
-9.39	0.718189
-9.4	0.717903
-9.41	0.717617
-9.42	0.717333
-9.43	0.717049
-9.44	0.716766
-9.45	0.716483
-9.46	0.716202
-9.47	0.715921
-9.48	0.715642
-9.49	0.715362
-9.5	0.715084
-9.51	0.714807
-9.52	0.71453
-9.53	0.714254
-9.54	0.713979
-9.55	0.713704
-9.56	0.713431
-9.57	0.713158
-9.58	0.712885
-9.59	0.712614
-9.6	0.712343
-9.61	0.712073
-9.62	0.711804
-9.63	0.711535
-9.64	0.711268
-9.65	0.711001
-9.66	0.710734
-9.67	0.710469
-9.68	0.710204
-9.69	0.70994
-9.7	0.709676
-9.71	0.709414
-9.72	0.709152
-9.73	0.70889
-9.74	0.70863
-9.75	0.70837
-9.76	0.708111
-9.77	0.707852
-9.78	0.707594
-9.79	0.707337
-9.8	0.707081
-9.81	0.706825
-9.82	0.70657
-9.83	0.706315
-9.84	0.706062
-9.85	0.705809
-9.86	0.705556
-9.87	0.705305
-9.88	0.705053
-9.89	0.704803
-9.9	0.704553
-9.91	0.704304
-9.92	0.704056
-9.93	0.703808
-9.94	0.703561
-9.95	0.703315
-9.96	0.703069
-9.97	0.702824
-9.98	0.702579
-9.99	0.702335
-10	0.702092
-10.01	0.701849
-10.02	0.701607
-10.03	0.701366
-10.04	0.701125
-10.05	0.700885
-10.06	0.700646
-10.07	0.700407
-10.08	0.700168
-10.09	0.699931
-10.1	0.699694
-10.11	0.699457
-10.12	0.699221
-10.13	0.698986
-10.14	0.698752
-10.15	0.698517
-10.16	0.698284
-10.17	0.698051
-10.18	0.697819
-10.19	0.697587
-10.2	0.697356
-10.21	0.697126
-10.22	0.696896
-10.23	0.696667
-10.24	0.696438
-10.25	0.69621
-10.26	0.695982
-10.27	0.695755
-10.28	0.695529
-10.29	0.695303
-10.3	0.695077
-10.31	0.694853
-10.32	0.694628
-10.33	0.694405
-10.34	0.694182
-10.35	0.693959
-10.36	0.693737
-10.37	0.693516
-10.38	0.693295
-10.39	0.693075
-10.4	0.692855
-10.41	0.692636
-10.42	0.692417
-10.43	0.692199
-10.44	0.691981
-10.45	0.691764
-10.46	0.691548
-10.47	0.691332
-10.48	0.691116
-10.49	0.690901
-10.5	0.690687
-10.51	0.690473
-10.52	0.69026
-10.53	0.690047
-10.54	0.689834
-10.55	0.689623
-10.56	0.689411
-10.57	0.6892
-10.58	0.68899
-10.59	0.68878
-10.6	0.688571
-10.61	0.688362
-10.62	0.688154
-10.63	0.687946
-10.64	0.687739
-10.65	0.687532
-10.66	0.687326
-10.67	0.68712
-10.68	0.686915
-10.69	0.68671
-10.7	0.686506
-10.71	0.686302
-10.72	0.686099
-10.73	0.685896
-10.74	0.685694
-10.75	0.685492
-10.76	0.68529
-10.77	0.685089
-10.78	0.684889
-10.79	0.684689
-10.8	0.684489
-10.81	0.68429
-10.82	0.684092
-10.83	0.683894
-10.84	0.683696
-10.85	0.683499
-10.86	0.683302
-10.87	0.683106
-10.88	0.68291
-10.89	0.682715
-10.9	0.68252
-10.91	0.682326
-10.92	0.682132
-10.93	0.681938
-10.94	0.681745
-10.95	0.681553
-10.96	0.68136
-10.97	0.681169
-10.98	0.680977
-10.99	0.680786
-11	0.680596
-11.01	0.680406
-11.02	0.680217
-11.03	0.680028
-11.04	0.679839
-11.05	0.679651
-11.06	0.679463
-11.07	0.679276
-11.08	0.679089
-11.09	0.678902
-11.1	0.678716
-11.11	0.67853
-11.12	0.678345
-11.13	0.67816
-11.14	0.677976
-11.15	0.677792
-11.16	0.677608
-11.17	0.677425
-11.18	0.677242
-11.19	0.67706
-11.2	0.676878
-11.21	0.676697
-11.22	0.676516
-11.23	0.676335
-11.24	0.676155
-11.25	0.675975
-11.26	0.675795
-11.27	0.675616
-11.28	0.675438
-11.29	0.675259
-11.3	0.675082
-11.31	0.674904
-11.32	0.674727
-11.33	0.67455
-11.34	0.674374
-11.35	0.674198
-11.36	0.674023
-11.37	0.673847
-11.38	0.673673
-11.39	0.673498
-11.4	0.673324
-11.41	0.673151
-11.42	0.672978
-11.43	0.672805
-11.44	0.672632
-11.45	0.67246
-11.46	0.672289
-11.47	0.672117
-11.48	0.671946
-11.49	0.671776
-11.5	0.671606
-11.51	0.671436
-11.52	0.671266
-11.53	0.671097
-11.54	0.670929
-11.55	0.67076
-11.56	0.670592
-11.57	0.670425
-11.58	0.670257
-11.59	0.67009
-11.6	0.669924
-11.61	0.669758
-11.62	0.669592
-11.63	0.669427
-11.64	0.669261
-11.65	0.669097
-11.66	0.668932
-11.67	0.668768
-11.68	0.668605
-11.69	0.668441
-11.7	0.668278
-11.71	0.668116
-11.72	0.667953
-11.73	0.667791
-11.74	0.66763
-11.75	0.667468
-11.76	0.667308
-11.77	0.667147
-11.78	0.666987
-11.79	0.666827
-11.8	0.666667
-11.81	0.666508
-11.82	0.666349
-11.83	0.666191
-11.84	0.666032
-11.85	0.665874
-11.86	0.665717
-11.87	0.66556
-11.88	0.665403
-11.89	0.665246
-11.9	0.66509
-11.91	0.664934
-11.92	0.664778
-11.93	0.664623
-11.94	0.664468
-11.95	0.664314
-11.96	0.664159
-11.97	0.664005
-11.98	0.663852
-11.99	0.663698
-12	0.663545
-12.01	0.663393
-12.02	0.66324
-12.03	0.663088
-12.04	0.662936
-12.05	0.662785
-12.06	0.662634
-12.07	0.662483
-12.08	0.662333
-12.09	0.662182
-12.1	0.662032
-12.11	0.661883
-12.12	0.661734
-12.13	0.661585
-12.14	0.661436
-12.15	0.661288
-12.16	0.661139
-12.17	0.660992
-12.18	0.660844
-12.19	0.660697
-12.2	0.66055
-12.21	0.660404
-12.22	0.660257
-12.23	0.660111
-12.24	0.659966
-12.25	0.65982
-12.26	0.659675
-12.27	0.65953
-12.28	0.659386
-12.29	0.659242
-12.3	0.659098
-12.31	0.658954
-12.32	0.658811
-12.33	0.658668
-12.34	0.658525
-12.35	0.658382
-12.36	0.65824
-12.37	0.658098
-12.38	0.657957
-12.39	0.657815
-12.4	0.657674
-12.41	0.657533
-12.42	0.657393
-12.43	0.657252
-12.44	0.657113
-12.45	0.656973
-12.46	0.656833
-12.47	0.656694
-12.48	0.656555
-12.49	0.656417
-12.5	0.656278
-12.51	0.65614
-12.52	0.656003
-12.53	0.655865
-12.54	0.655728
-12.55	0.655591
-12.56	0.655454
-12.57	0.655318
-12.58	0.655182
-12.59	0.655046
-12.6	0.65491
-12.61	0.654775
-12.62	0.65464
-12.63	0.654505
-12.64	0.65437
-12.65	0.654236
-12.66	0.654102
-12.67	0.653968
-12.68	0.653835
-12.69	0.653701
-12.7	0.653568
-12.71	0.653436
-12.72	0.653303
-12.73	0.653171
-12.74	0.653039
-12.75	0.652907
-12.76	0.652775
-12.77	0.652644
-12.78	0.652513
-12.79	0.652382
-12.8	0.652252
-12.81	0.652122
-12.82	0.651992
-12.83	0.651862
-12.84	0.651733
-12.85	0.651603
-12.86	0.651474
-12.87	0.651346
-12.88	0.651217
-12.89	0.651089
-12.9	0.650961
-12.91	0.650833
-12.92	0.650705
-12.93	0.650578
-12.94	0.650451
-12.95	0.650324
-12.96	0.650198
-12.97	0.650071
-12.98	0.649945
-12.99	0.649819
-13	0.649694
-13.01	0.649568
-13.02	0.649443
-13.03	0.649318
-13.04	0.649194
-13.05	0.649069
-13.06	0.648945
-13.07	0.648821
-13.08	0.648697
-13.09	0.648574
-13.1	0.64845
-13.11	0.648327
-13.12	0.648204
-13.13	0.648082
-13.14	0.647959
-13.15	0.647837
-13.16	0.647715
-13.17	0.647593
-13.18	0.647472
-13.19	0.647351
-13.2	0.64723
-13.21	0.647109
-13.22	0.646988
-13.23	0.646868
-13.24	0.646748
-13.25	0.646628
-13.26	0.646508
-13.27	0.646389
-13.28	0.646269
-13.29	0.64615
-13.3	0.646031
-13.31	0.645913
-13.32	0.645794
-13.33	0.645676
-13.34	0.645558
-13.35	0.645441
-13.36	0.645323
-13.37	0.645206
-13.38	0.645089
-13.39	0.644972
-13.4	0.644855
-13.41	0.644738
-13.42	0.644622
-13.43	0.644506
-13.44	0.64439
-13.45	0.644275
-13.46	0.644159
-13.47	0.644044
-13.48	0.643929
-13.49	0.643814
-13.5	0.643699
-13.51	0.643585
-13.52	0.643471
-13.53	0.643357
-13.54	0.643243
-13.55	0.64313
-13.56	0.643016
-13.57	0.642903
-13.58	0.64279
-13.59	0.642677
-13.6	0.642565
-13.61	0.642452
-13.62	0.64234
-13.63	0.642228
-13.64	0.642116
-13.65	0.642005
-13.66	0.641893
-13.67	0.641782
-13.68	0.641671
-13.69	0.64156
-13.7	0.64145
-13.71	0.641339
-13.72	0.641229
-13.73	0.641119
-13.74	0.641009
-13.75	0.6409
-13.76	0.64079
-13.77	0.640681
-13.78	0.640572
-13.79	0.640463
-13.8	0.640354
-13.81	0.640246
-13.82	0.640138
-13.83	0.640029
-13.84	0.639921
-13.85	0.639814
-13.86	0.639706
-13.87	0.639599
-13.88	0.639492
-13.89	0.639385
-13.9	0.639278
-13.91	0.639171
-13.92	0.639065
-13.93	0.638959
-13.94	0.638853
-13.95	0.638747
-13.96	0.638641
-13.97	0.638535
-13.98	0.63843
-13.99	0.638325
-14	0.63822
-14.01	0.638115
-14.02	0.638011
-14.03	0.637906
-14.04	0.637802
-14.05	0.637698
-14.06	0.637594
-14.07	0.63749
-14.08	0.637387
-14.09	0.637283
-14.1	0.63718
-14.11	0.637077
-14.12	0.636974
-14.13	0.636872
-14.14	0.636769
-14.15	0.636667
-14.16	0.636565
-14.17	0.636463
-14.18	0.636361
-14.19	0.636259
-14.2	0.636158
-14.21	0.636056
-14.22	0.635955
-14.23	0.635854
-14.24	0.635754
-14.25	0.635653
-14.26	0.635553
-14.27	0.635452
-14.28	0.635352
-14.29	0.635252
-14.3	0.635153
-14.31	0.635053
-14.32	0.634953
-14.33	0.634854
-14.34	0.634755
-14.35	0.634656
-14.36	0.634557
-14.37	0.634459
-14.38	0.63436
-14.39	0.634262
-14.4	0.634164
-14.41	0.634066
-14.42	0.633968
-14.43	0.633871
-14.44	0.633773
-14.45	0.633676
-14.46	0.633579
-14.47	0.633482
-14.48	0.633385
-14.49	0.633288
-14.5	0.633192
-14.51	0.633095
-14.52	0.632999
-14.53	0.632903
-14.54	0.632807
-14.55	0.632712
-14.56	0.632616
-14.57	0.632521
-14.58	0.632425
-14.59	0.63233
-14.6	0.632235
-14.61	0.632141
-14.62	0.632046
-14.63	0.631952
-14.64	0.631857
-14.65	0.631763
-14.66	0.631669
-14.67	0.631575
-14.68	0.631482
-14.69	0.631388
-14.7	0.631295
-14.71	0.631201
-14.72	0.631108
-14.73	0.631015
-14.74	0.630923
-14.75	0.63083
-14.76	0.630737
-14.77	0.630645
-14.78	0.630553
-14.79	0.630461
-14.8	0.630369
-14.81	0.630277
-14.82	0.630186
-14.83	0.630094
-14.84	0.630003
-14.85	0.629912
-14.86	0.629821
-14.87	0.62973
-14.88	0.629639
-14.89	0.629548
-14.9	0.629458
-14.91	0.629368
-14.92	0.629278
-14.93	0.629188
-14.94	0.629098
-14.95	0.629008
-14.96	0.628918
-14.97	0.628829
-14.98	0.62874
-14.99	0.628651
-15	0.628561
-15.01	0.628473
-15.02	0.628384
-15.03	0.628295
-15.04	0.628207
-15.05	0.628119
-15.06	0.62803
-15.07	0.627942
-15.08	0.627854
-15.09	0.627767
-15.1	0.627679
-15.11	0.627592
-15.12	0.627504
-15.13	0.627417
-15.14	0.62733
-15.15	0.627243
-15.16	0.627156
-15.17	0.62707
-15.18	0.626983
-15.19	0.626897
-15.2	0.62681
-15.21	0.626724
-15.22	0.626638
-15.23	0.626552
-15.24	0.626467
-15.25	0.626381
-15.26	0.626296
-15.27	0.62621
-15.28	0.626125
-15.29	0.62604
-15.3	0.625955
-15.31	0.62587
-15.32	0.625786
-15.33	0.625701
-15.34	0.625617
-15.35	0.625533
-15.36	0.625448
-15.37	0.625364
-15.38	0.62528
-15.39	0.625197
-15.4	0.625113
-15.41	0.62503
-15.42	0.624946
-15.43	0.624863
-15.44	0.62478
-15.45	0.624697
-15.46	0.624614
-15.47	0.624531
-15.48	0.624449
-15.49	0.624366
-15.5	0.624284
-15.51	0.624202
-15.52	0.624119
-15.53	0.624037
-15.54	0.623956
-15.55	0.623874
-15.56	0.623792
-15.57	0.623711
-15.58	0.623629
-15.59	0.623548
-15.6	0.623467
-15.61	0.623386
-15.62	0.623305
-15.63	0.623224
-15.64	0.623144
-15.65	0.623063
-15.66	0.622983
-15.67	0.622903
-15.68	0.622822
-15.69	0.622742
-15.7	0.622662
-15.71	0.622583
-15.72	0.622503
-15.73	0.622424
-15.74	0.622344
-15.75	0.622265
-15.76	0.622186
-15.77	0.622106
-15.78	0.622028
-15.79	0.621949
-15.8	0.62187
-15.81	0.621791
-15.82	0.621713
-15.83	0.621635
-15.84	0.621556
-15.85	0.621478
-15.86	0.6214
-15.87	0.621322
-15.88	0.621244
-15.89	0.621167
-15.9	0.621089
-15.91	0.621012
-15.92	0.620934
-15.93	0.620857
-15.94	0.62078
-15.95	0.620703
-15.96	0.620626
-15.97	0.620549
-15.98	0.620473
-15.99	0.620396
-16	0.62032
-16.01	0.620244
-16.02	0.620167
-16.03	0.620091
-16.04	0.620015
-16.05	0.619939
-16.06	0.619864
-16.07	0.619788
-16.08	0.619712
-16.09	0.619637
-16.1	0.619562
-16.11	0.619487
-16.12	0.619411
-16.13	0.619336
-16.14	0.619262
-16.15	0.619187
-16.16	0.619112
-16.17	0.619038
-16.18	0.618963
-16.19	0.618889
-16.2	0.618815
-16.21	0.61874
-16.22	0.618666
-16.23	0.618593
-16.24	0.618519
-16.25	0.618445
-16.26	0.618371
-16.27	0.618298
-16.28	0.618225
-16.29	0.618151
-16.3	0.618078
-16.31	0.618005
-16.32	0.617932
-16.33	0.617859
-16.34	0.617786
-16.35	0.617714
-16.36	0.617641
-16.37	0.617569
-16.38	0.617497
-16.39	0.617424
-16.4	0.617352
-16.41	0.61728
-16.42	0.617208
-16.43	0.617136
-16.44	0.617065
-16.45	0.616993
-16.46	0.616922
-16.47	0.61685
-16.48	0.616779
-16.49	0.616708
-16.5	0.616637
-16.51	0.616566
-16.52	0.616495
-16.53	0.616424
-16.54	0.616353
-16.55	0.616282
-16.56	0.616212
-16.57	0.616142
-16.58	0.616071
-16.59	0.616001
-16.6	0.615931
-16.61	0.615861
-16.62	0.615791
-16.63	0.615721
-16.64	0.615651
-16.65	0.615582
-16.66	0.615512
-16.67	0.615443
-16.68	0.615374
-16.69	0.615304
-16.7	0.615235
-16.71	0.615166
-16.72	0.615097
-16.73	0.615028
-16.74	0.61496
-16.75	0.614891
-16.76	0.614822
-16.77	0.614754
-16.78	0.614686
-16.79	0.614617
-16.8	0.614549
-16.81	0.614481
-16.82	0.614413
-16.83	0.614345
-16.84	0.614277
-16.85	0.61421
-16.86	0.614142
-16.87	0.614074
-16.88	0.614007
-16.89	0.61394
-16.9	0.613872
-16.91	0.613805
-16.92	0.613738
-16.93	0.613671
-16.94	0.613604
-16.95	0.613538
-16.96	0.613471
-16.97	0.613404
-16.98	0.613338
-16.99	0.613271
-17	0.613205
-17.01	0.613139
-17.02	0.613073
-17.03	0.613007
-17.04	0.612941
-17.05	0.612875
-17.06	0.612809
-17.07	0.612743
-17.08	0.612678
-17.09	0.612612
-17.1	0.612547
-17.11	0.612481
-17.12	0.612416
-17.13	0.612351
-17.14	0.612286
-17.15	0.612221
-17.16	0.612156
-17.17	0.612091
-17.18	0.612026
-17.19	0.611962
-17.2	0.611897
-17.21	0.611833
-17.22	0.611768
-17.23	0.611704
-17.24	0.61164
-17.25	0.611576
-17.26	0.611512
-17.27	0.611448
-17.28	0.611384
-17.29	0.61132
-17.3	0.611256
-17.31	0.611193
-17.32	0.611129
-17.33	0.611066
-17.34	0.611003
-17.35	0.610939
-17.36	0.610876
-17.37	0.610813
-17.38	0.61075
-17.39	0.610687
-17.4	0.610624
-17.41	0.610562
-17.42	0.610499
-17.43	0.610436
-17.44	0.610374
-17.45	0.610311
-17.46	0.610249
-17.47	0.610187
-17.48	0.610125
-17.49	0.610062
-17.5	0.61
-17.51	0.609939
-17.52	0.609877
-17.53	0.609815
-17.54	0.609753
-17.55	0.609692
-17.56	0.60963
-17.57	0.609569
-17.58	0.609507
-17.59	0.609446
-17.6	0.609385
-17.61	0.609324
-17.62	0.609263
-17.63	0.609202
-17.64	0.609141
-17.65	0.60908
-17.66	0.609019
-17.67	0.608959
-17.68	0.608898
-17.69	0.608838
-17.7	0.608777
-17.71	0.608717
-17.72	0.608657
-17.73	0.608596
-17.74	0.608536
-17.75	0.608476
-17.76	0.608416
-17.77	0.608357
-17.78	0.608297
-17.79	0.608237
-17.8	0.608177
-17.81	0.608118
-17.82	0.608058
-17.83	0.607999
-17.84	0.60794
-17.85	0.607881
-17.86	0.607821
-17.87	0.607762
-17.88	0.607703
-17.89	0.607644
-17.9	0.607585
-17.91	0.607527
-17.92	0.607468
-17.93	0.607409
-17.94	0.607351
-17.95	0.607292
-17.96	0.607234
-17.97	0.607176
-17.98	0.607117
-17.99	0.607059
-18	0.607001
-18.01	0.606943
-18.02	0.606885
-18.03	0.606827
-18.04	0.606769
-18.05	0.606712
-18.06	0.606654
-18.07	0.606596
-18.08	0.606539
-18.09	0.606481
-18.1	0.606424
-18.11	0.606367
-18.12	0.60631
-18.13	0.606252
-18.14	0.606195
-18.15	0.606138
-18.16	0.606081
-18.17	0.606025
-18.18	0.605968
-18.19	0.605911
-18.2	0.605854
-18.21	0.605798
-18.22	0.605741
-18.23	0.605685
-18.24	0.605629
-18.25	0.605572
-18.26	0.605516
-18.27	0.60546
-18.28	0.605404
-18.29	0.605348
-18.3	0.605292
-18.31	0.605236
-18.32	0.60518
-18.33	0.605124
-18.34	0.605069
-18.35	0.605013
-18.36	0.604958
-18.37	0.604902
-18.38	0.604847
-18.39	0.604792
-18.4	0.604736
-18.41	0.604681
-18.42	0.604626
-18.43	0.604571
-18.44	0.604516
-18.45	0.604461
-18.46	0.604406
-18.47	0.604352
-18.48	0.604297
-18.49	0.604242
-18.5	0.604188
-18.51	0.604133
-18.52	0.604079
-18.53	0.604024
-18.54	0.60397
-18.55	0.603916
-18.56	0.603862
-18.57	0.603808
-18.58	0.603754
-18.59	0.6037
-18.6	0.603646
-18.61	0.603592
-18.62	0.603538
-18.63	0.603485
-18.64	0.603431
-18.65	0.603377
-18.66	0.603324
-18.67	0.603271
-18.68	0.603217
-18.69	0.603164
-18.7	0.603111
-18.71	0.603058
-18.72	0.603004
-18.73	0.602951
-18.74	0.602898
-18.75	0.602846
-18.76	0.602793
-18.77	0.60274
-18.78	0.602687
-18.79	0.602635
-18.8	0.602582
-18.81	0.60253
-18.82	0.602477
-18.83	0.602425
-18.84	0.602372
-18.85	0.60232
-18.86	0.602268
-18.87	0.602216
-18.88	0.602164
-18.89	0.602112
-18.9	0.60206
-18.91	0.602008
-18.92	0.601956
-18.93	0.601904
-18.94	0.601853
-18.95	0.601801
-18.96	0.601749
-18.97	0.601698
-18.98	0.601646
-18.99	0.601595
-19	0.601544
-19.01	0.601493
-19.02	0.601441
-19.03	0.60139
-19.04	0.601339
-19.05	0.601288
-19.06	0.601237
-19.07	0.601186
-19.08	0.601135
-19.09	0.601085
-19.1	0.601034
-19.11	0.600983
-19.12	0.600933
-19.13	0.600882
-19.14	0.600832
-19.15	0.600781
-19.16	0.600731
-19.17	0.600681
-19.18	0.60063
-19.19	0.60058
-19.2	0.60053
-19.21	0.60048
-19.22	0.60043
-19.23	0.60038
-19.24	0.60033
-19.25	0.600281
-19.26	0.600231
-19.27	0.600181
-19.28	0.600132
-19.29	0.600082
-19.3	0.600032
-19.31	0.599983
-19.32	0.599934
-19.33	0.599884
-19.34	0.599835
-19.35	0.599786
-19.36	0.599737
-19.37	0.599687
-19.38	0.599638
-19.39	0.599589
-19.4	0.59954
-19.41	0.599492
-19.42	0.599443
-19.43	0.599394
-19.44	0.599345
-19.45	0.599297
-19.46	0.599248
-19.47	0.5992
-19.48	0.599151
-19.49	0.599103
-19.5	0.599054
-19.51	0.599006
-19.52	0.598958
-19.53	0.598909
-19.54	0.598861
-19.55	0.598813
-19.56	0.598765
-19.57	0.598717
-19.58	0.598669
-19.59	0.598622
-19.6	0.598574
-19.61	0.598526
-19.62	0.598478
-19.63	0.598431
-19.64	0.598383
-19.65	0.598336
-19.66	0.598288
-19.67	0.598241
-19.68	0.598193
-19.69	0.598146
-19.7	0.598099
-19.71	0.598052
-19.72	0.598004
-19.73	0.597957
-19.74	0.59791
-19.75	0.597863
-19.76	0.597816
-19.77	0.597769
-19.78	0.597723
-19.79	0.597676
-19.8	0.597629
-19.81	0.597583
-19.82	0.597536
-19.83	0.597489
-19.84	0.597443
-19.85	0.597396
-19.86	0.59735
-19.87	0.597304
-19.88	0.597257
-19.89	0.597211
-19.9	0.597165
-19.91	0.597119
-19.92	0.597073
-19.93	0.597027
-19.94	0.596981
-19.95	0.596935
-19.96	0.596889
-19.97	0.596843
-19.98	0.596798
-19.99	0.596752
-20	0.596706
-20.01	0.596661
-20.02	0.596615
-20.03	0.596569
-20.04	0.596524
-20.05	0.596479
-20.06	0.596433
-20.07	0.596388
-20.08	0.596343
-20.09	0.596298
-20.1	0.596252
-20.11	0.596207
-20.12	0.596162
-20.13	0.596117
-20.14	0.596072
-20.15	0.596027
-20.16	0.595983
-20.17	0.595938
-20.18	0.595893
-20.19	0.595848
-20.2	0.595804
-20.21	0.595759
-20.22	0.595715
-20.23	0.59567
-20.24	0.595626
-20.25	0.595581
-20.26	0.595537
-20.27	0.595493
-20.28	0.595449
-20.29	0.595404
-20.3	0.59536
-20.31	0.595316
-20.32	0.595272
-20.33	0.595228
-20.34	0.595184
-20.35	0.59514
-20.36	0.595096
-20.37	0.595053
-20.38	0.595009
-20.39	0.594965
-20.4	0.594922
-20.41	0.594878
-20.42	0.594834
-20.43	0.594791
-20.44	0.594747
-20.45	0.594704
-20.46	0.594661
-20.47	0.594617
-20.48	0.594574
-20.49	0.594531
-20.5	0.594488
-20.51	0.594445
-20.52	0.594401
-20.53	0.594359
-20.54	0.594316
-20.55	0.594273
-20.56	0.59423
-20.57	0.594187
-20.58	0.594144
-20.59	0.594101
-20.6	0.594059
-20.61	0.594016
-20.62	0.593973
-20.63	0.593931
-20.64	0.593888
-20.65	0.593846
-20.66	0.593803
-20.67	0.593761
-20.68	0.593719
-20.69	0.593676
-20.7	0.593634
-20.71	0.593592
-20.72	0.59355
-20.73	0.593508
-20.74	0.593466
-20.75	0.593424
-20.76	0.593382
-20.77	0.59334
-20.78	0.593298
-20.79	0.593256
-20.8	0.593214
-20.81	0.593173
-20.82	0.593131
-20.83	0.593089
-20.84	0.593048
-20.85	0.593006
-20.86	0.592965
-20.87	0.592923
-20.88	0.592882
-20.89	0.592841
-20.9	0.592799
-20.91	0.592758
-20.92	0.592717
-20.93	0.592676
-20.94	0.592634
-20.95	0.592593
-20.96	0.592552
-20.97	0.592511
-20.98	0.59247
-20.99	0.592429
-21	0.592388
-21.01	0.592348
-21.02	0.592307
-21.03	0.592266
-21.04	0.592225
-21.05	0.592185
-21.06	0.592144
-21.07	0.592104
-21.08	0.592063
-21.09	0.592023
-21.1	0.591982
-21.11	0.591942
-21.12	0.591901
-21.13	0.591861
-21.14	0.591821
-21.15	0.591781
-21.16	0.59174
-21.17	0.5917
-21.18	0.59166
-21.19	0.59162
-21.2	0.59158
-21.21	0.59154
-21.22	0.5915
-21.23	0.59146
-21.24	0.59142
-21.25	0.591381
-21.26	0.591341
-21.27	0.591301
-21.28	0.591261
-21.29	0.591222
-21.3	0.591182
-21.31	0.591143
-21.32	0.591103
-21.33	0.591064
-21.34	0.591024
-21.35	0.590985
-21.36	0.590946
-21.37	0.590906
-21.38	0.590867
-21.39	0.590828
-21.4	0.590789
-21.41	0.59075
-21.42	0.59071
-21.43	0.590671
-21.44	0.590632
-21.45	0.590593
-21.46	0.590554
-21.47	0.590516
-21.48	0.590477
-21.49	0.590438
-21.5	0.590399
-21.51	0.59036
-21.52	0.590322
-21.53	0.590283
-21.54	0.590244
-21.55	0.590206
-21.56	0.590167
-21.57	0.590129
-21.58	0.59009
-21.59	0.590052
-21.6	0.590014
-21.61	0.589975
-21.62	0.589937
-21.63	0.589899
-21.64	0.589861
-21.65	0.589822
-21.66	0.589784
-21.67	0.589746
-21.68	0.589708
-21.69	0.58967
-21.7	0.589632
-21.71	0.589594
-21.72	0.589556
-21.73	0.589519
-21.74	0.589481
-21.75	0.589443
-21.76	0.589405
-21.77	0.589368
-21.78	0.58933
-21.79	0.589292
-21.8	0.589255
-21.81	0.589217
-21.82	0.58918
-21.83	0.589142
-21.84	0.589105
-21.85	0.589067
-21.86	0.58903
-21.87	0.588993
-21.88	0.588955
-21.89	0.588918
-21.9	0.588881
-21.91	0.588844
-21.92	0.588807
-21.93	0.58877
-21.94	0.588733
-21.95	0.588696
-21.96	0.588659
-21.97	0.588622
-21.98	0.588585
-21.99	0.588548
-22	0.588511
-22.01	0.588474
-22.02	0.588438
-22.03	0.588401
-22.04	0.588364
-22.05	0.588328
-22.06	0.588291
-22.07	0.588255
-22.08	0.588218
-22.09	0.588182
-22.1	0.588145
-22.11	0.588109
-22.12	0.588072
-22.13	0.588036
-22.14	0.588
-22.15	0.587964
-22.16	0.587927
-22.17	0.587891
-22.18	0.587855
-22.19	0.587819
-22.2	0.587783
-22.21	0.587747
-22.22	0.587711
-22.23	0.587675
-22.24	0.587639
-22.25	0.587603
-22.26	0.587567
-22.27	0.587531
-22.28	0.587496
-22.29	0.58746
-22.3	0.587424
-22.31	0.587388
-22.32	0.587353
-22.33	0.587317
-22.34	0.587282
-22.35	0.587246
-22.36	0.587211
-22.37	0.587175
-22.38	0.58714
-22.39	0.587104
-22.4	0.587069
-22.41	0.587034
-22.42	0.586998
-22.43	0.586963
-22.44	0.586928
-22.45	0.586893
-22.46	0.586857
-22.47	0.586822
-22.48	0.586787
-22.49	0.586752
-22.5	0.586717
-22.51	0.586682
-22.52	0.586647
-22.53	0.586612
-22.54	0.586578
-22.55	0.586543
-22.56	0.586508
-22.57	0.586473
-22.58	0.586438
-22.59	0.586404
-22.6	0.586369
-22.61	0.586335
-22.62	0.5863
-22.63	0.586265
-22.64	0.586231
-22.65	0.586196
-22.66	0.586162
-22.67	0.586127
-22.68	0.586093
-22.69	0.586059
-22.7	0.586024
-22.71	0.58599
-22.72	0.585956
-22.73	0.585922
-22.74	0.585887
-22.75	0.585853
-22.76	0.585819
-22.77	0.585785
-22.78	0.585751
-22.79	0.585717
-22.8	0.585683
-22.81	0.585649
-22.82	0.585615
-22.83	0.585581
-22.84	0.585548
-22.85	0.585514
-22.86	0.58548
-22.87	0.585446
-22.88	0.585412
-22.89	0.585379
-22.9	0.585345
-22.91	0.585311
-22.92	0.585278
-22.93	0.585244
-22.94	0.585211
-22.95	0.585177
-22.96	0.585144
-22.97	0.58511
-22.98	0.585077
-22.99	0.585044
-23	0.58501
-23.01	0.584977
-23.02	0.584944
-23.03	0.584911
-23.04	0.584877
-23.05	0.584844
-23.06	0.584811
-23.07	0.584778
-23.08	0.584745
-23.09	0.584712
-23.1	0.584679
-23.11	0.584646
-23.12	0.584613
-23.13	0.58458
-23.14	0.584547
-23.15	0.584514
-23.16	0.584482
-23.17	0.584449
-23.18	0.584416
-23.19	0.584383
-23.2	0.584351
-23.21	0.584318
-23.22	0.584285
-23.23	0.584253
-23.24	0.58422
-23.25	0.584188
-23.26	0.584155
-23.27	0.584123
-23.28	0.58409
-23.29	0.584058
-23.3	0.584025
-23.31	0.583993
-23.32	0.583961
-23.33	0.583929
-23.34	0.583896
-23.35	0.583864
-23.36	0.583832
-23.37	0.5838
-23.38	0.583768
-23.39	0.583735
-23.4	0.583703
-23.41	0.583671
-23.42	0.583639
-23.43	0.583607
-23.44	0.583575
-23.45	0.583544
-23.46	0.583512
-23.47	0.58348
-23.48	0.583448
-23.49	0.583416
-23.5	0.583384
-23.51	0.583353
-23.52	0.583321
-23.53	0.583289
-23.54	0.583258
-23.55	0.583226
-23.56	0.583194
-23.57	0.583163
-23.58	0.583131
-23.59	0.5831
-23.6	0.583068
-23.61	0.583037
-23.62	0.583006
-23.63	0.582974
-23.64	0.582943
-23.65	0.582912
-23.66	0.58288
-23.67	0.582849
-23.68	0.582818
-23.69	0.582787
-23.7	0.582755
-23.71	0.582724
-23.72	0.582693
-23.73	0.582662
-23.74	0.582631
-23.75	0.5826
-23.76	0.582569
-23.77	0.582538
-23.78	0.582507
-23.79	0.582476
-23.8	0.582445
-23.81	0.582414
-23.82	0.582384
-23.83	0.582353
-23.84	0.582322
-23.85	0.582291
-23.86	0.582261
-23.87	0.58223
-23.88	0.582199
-23.89	0.582169
-23.9	0.582138
-23.91	0.582107
-23.92	0.582077
-23.93	0.582046
-23.94	0.582016
-23.95	0.581986
-23.96	0.581955
-23.97	0.581925
-23.98	0.581894
-23.99	0.581864
-24	0.581834
-24.01	0.581803
-24.02	0.581773
-24.03	0.581743
-24.04	0.581713
-24.05	0.581683
-24.06	0.581652
-24.07	0.581622
-24.08	0.581592
-24.09	0.581562
-24.1	0.581532
-24.11	0.581502
-24.12	0.581472
-24.13	0.581442
-24.14	0.581412
-24.15	0.581382
-24.16	0.581353
-24.17	0.581323
-24.18	0.581293
-24.19	0.581263
-24.2	0.581233
-24.21	0.581204
-24.22	0.581174
-24.23	0.581144
-24.24	0.581115
-24.25	0.581085
-24.26	0.581055
-24.27	0.581026
-24.28	0.580996
-24.29	0.580967
-24.3	0.580937
-24.31	0.580908
-24.32	0.580878
-24.33	0.580849
-24.34	0.58082
-24.35	0.58079
-24.36	0.580761
-24.37	0.580732
-24.38	0.580702
-24.39	0.580673
-24.4	0.580644
-24.41	0.580615
-24.42	0.580586
-24.43	0.580556
-24.44	0.580527
-24.45	0.580498
-24.46	0.580469
-24.47	0.58044
-24.48	0.580411
-24.49	0.580382
-24.5	0.580353
-24.51	0.580324
-24.52	0.580295
-24.53	0.580266
-24.54	0.580238
-24.55	0.580209
-24.56	0.58018
-24.57	0.580151
-24.58	0.580122
-24.59	0.580094
-24.6	0.580065
-24.61	0.580036
-24.62	0.580008
-24.63	0.579979
-24.64	0.579951
-24.65	0.579922
-24.66	0.579893
-24.67	0.579865
-24.68	0.579836
-24.69	0.579808
-24.7	0.57978
-24.71	0.579751
-24.72	0.579723
-24.73	0.579694
-24.74	0.579666
-24.75	0.579638
-24.76	0.579609
-24.77	0.579581
-24.78	0.579553
-24.79	0.579525
-24.8	0.579497
-24.81	0.579468
-24.82	0.57944
-24.83	0.579412
-24.84	0.579384
-24.85	0.579356
-24.86	0.579328
-24.87	0.5793
-24.88	0.579272
-24.89	0.579244
-24.9	0.579216
-24.91	0.579188
-24.92	0.57916
-24.93	0.579132
-24.94	0.579105
-24.95	0.579077
-24.96	0.579049
-24.97	0.579021
-24.98	0.578994
-24.99	0.578966
-25	0.578938
-25.01	0.578911
-25.02	0.578883
-25.03	0.578855
-25.04	0.578828
-25.05	0.5788
-25.06	0.578773
-25.07	0.578745
-25.08	0.578718
-25.09	0.57869
-25.1	0.578663
-25.11	0.578635
-25.12	0.578608
-25.13	0.57858
-25.14	0.578553
-25.15	0.578526
-25.16	0.578498
-25.17	0.578471
-25.18	0.578444
-25.19	0.578417
-25.2	0.57839
-25.21	0.578362
-25.22	0.578335
-25.23	0.578308
-25.24	0.578281
-25.25	0.578254
-25.26	0.578227
-25.27	0.5782
-25.28	0.578173
-25.29	0.578146
-25.3	0.578119
-25.31	0.578092
-25.32	0.578065
-25.33	0.578038
-25.34	0.578011
-25.35	0.577984
-25.36	0.577958
-25.37	0.577931
-25.38	0.577904
-25.39	0.577877
-25.4	0.57785
-25.41	0.577824
-25.42	0.577797
-25.43	0.57777
-25.44	0.577744
-25.45	0.577717
-25.46	0.577691
-25.47	0.577664
-25.48	0.577637
-25.49	0.577611
-25.5	0.577584
-25.51	0.577558
-25.52	0.577532
-25.53	0.577505
-25.54	0.577479
-25.55	0.577452
-25.56	0.577426
-25.57	0.5774
-25.58	0.577373
-25.59	0.577347
-25.6	0.577321
-25.61	0.577294
-25.62	0.577268
-25.63	0.577242
-25.64	0.577216
-25.65	0.57719
-25.66	0.577164
-25.67	0.577137
-25.68	0.577111
-25.69	0.577085
-25.7	0.577059
-25.71	0.577033
-25.72	0.577007
-25.73	0.576981
-25.74	0.576955
-25.75	0.576929
-25.76	0.576903
-25.77	0.576878
-25.78	0.576852
-25.79	0.576826
-25.8	0.5768
-25.81	0.576774
-25.82	0.576748
-25.83	0.576723
-25.84	0.576697
-25.85	0.576671
-25.86	0.576645
-25.87	0.57662
-25.88	0.576594
-25.89	0.576569
-25.9	0.576543
-25.91	0.576517
-25.92	0.576492
-25.93	0.576466
-25.94	0.576441
-25.95	0.576415
-25.96	0.57639
-25.97	0.576364
-25.98	0.576339
-25.99	0.576313
-26	0.576288
-26.01	0.576263
-26.02	0.576237
-26.03	0.576212
-26.04	0.576187
-26.05	0.576161
-26.06	0.576136
-26.07	0.576111
-26.08	0.576086
-26.09	0.576061
-26.1	0.576035
-26.11	0.57601
-26.12	0.575985
-26.13	0.57596
-26.14	0.575935
-26.15	0.57591
-26.16	0.575885
-26.17	0.57586
-26.18	0.575835
-26.19	0.57581
-26.2	0.575785
-26.21	0.57576
-26.22	0.575735
-26.23	0.57571
-26.24	0.575685
-26.25	0.57566
-26.26	0.575635
-26.27	0.575611
-26.28	0.575586
-26.29	0.575561
-26.3	0.575536
-26.31	0.575512
-26.32	0.575487
-26.33	0.575462
-26.34	0.575437
-26.35	0.575413
-26.36	0.575388
-26.37	0.575364
-26.38	0.575339
-26.39	0.575314
-26.4	0.57529
-26.41	0.575265
-26.42	0.575241
-26.43	0.575216
-26.44	0.575192
-26.45	0.575167
-26.46	0.575143
-26.47	0.575119
-26.48	0.575094
-26.49	0.57507
-26.5	0.575046
-26.51	0.575021
-26.52	0.574997
-26.53	0.574973
-26.54	0.574948
-26.55	0.574924
-26.56	0.5749
-26.57	0.574876
-26.58	0.574852
-26.59	0.574827
-26.6	0.574803
-26.61	0.574779
-26.62	0.574755
-26.63	0.574731
-26.64	0.574707
-26.65	0.574683
-26.66	0.574659
-26.67	0.574635
-26.68	0.574611
-26.69	0.574587
-26.7	0.574563
-26.71	0.574539
-26.72	0.574515
-26.73	0.574491
-26.74	0.574467
-26.75	0.574443
-26.76	0.57442
-26.77	0.574396
-26.78	0.574372
-26.79	0.574348
-26.8	0.574324
-26.81	0.574301
-26.82	0.574277
-26.83	0.574253
-26.84	0.57423
-26.85	0.574206
-26.86	0.574182
-26.87	0.574159
-26.88	0.574135
-26.89	0.574112
-26.9	0.574088
-26.91	0.574064
-26.92	0.574041
-26.93	0.574017
-26.94	0.573994
-26.95	0.573971
-26.96	0.573947
-26.97	0.573924
-26.98	0.5739
-26.99	0.573877
-27	0.573854
-27.01	0.57383
-27.02	0.573807
-27.03	0.573784
-27.04	0.57376
-27.05	0.573737
-27.06	0.573714
-27.07	0.573691
-27.08	0.573667
-27.09	0.573644
-27.1	0.573621
-27.11	0.573598
-27.12	0.573575
-27.13	0.573551
-27.14	0.573528
-27.15	0.573505
-27.16	0.573482
-27.17	0.573459
-27.18	0.573436
-27.19	0.573413
-27.2	0.57339
-27.21	0.573367
-27.22	0.573344
-27.23	0.573321
-27.24	0.573298
-27.25	0.573276
-27.26	0.573253
-27.27	0.57323
-27.28	0.573207
-27.29	0.573184
-27.3	0.573161
-27.31	0.573139
-27.32	0.573116
-27.33	0.573093
-27.34	0.57307
-27.35	0.573048
-27.36	0.573025
-27.37	0.573002
-27.38	0.57298
-27.39	0.572957
-27.4	0.572934
-27.41	0.572912
-27.42	0.572889
-27.43	0.572866
-27.44	0.572844
-27.45	0.572821
-27.46	0.572799
-27.47	0.572776
-27.48	0.572754
-27.49	0.572731
-27.5	0.572709
-27.51	0.572687
-27.52	0.572664
-27.53	0.572642
-27.54	0.572619
-27.55	0.572597
-27.56	0.572575
-27.57	0.572552
-27.58	0.57253
-27.59	0.572508
-27.6	0.572486
-27.61	0.572463
-27.62	0.572441
-27.63	0.572419
-27.64	0.572397
-27.65	0.572375
-27.66	0.572352
-27.67	0.57233
-27.68	0.572308
-27.69	0.572286
-27.7	0.572264
-27.71	0.572242
-27.72	0.57222
-27.73	0.572198
-27.74	0.572176
-27.75	0.572154
-27.76	0.572132
-27.77	0.57211
-27.78	0.572088
-27.79	0.572066
-27.8	0.572044
-27.81	0.572022
-27.82	0.572
-27.83	0.571978
-27.84	0.571956
-27.85	0.571935
-27.86	0.571913
-27.87	0.571891
-27.88	0.571869
-27.89	0.571847
-27.9	0.571826
-27.91	0.571804
-27.92	0.571782
-27.93	0.571761
-27.94	0.571739
-27.95	0.571717
-27.96	0.571696
-27.97	0.571674
-27.98	0.571652
-27.99	0.571631
-28	0.571609
-28.01	0.571588
-28.02	0.571566
-28.03	0.571545
-28.04	0.571523
-28.05	0.571502
-28.06	0.57148
-28.07	0.571459
-28.08	0.571437
-28.09	0.571416
-28.1	0.571394
-28.11	0.571373
-28.12	0.571352
-28.13	0.57133
-28.14	0.571309
-28.15	0.571288
-28.16	0.571266
-28.17	0.571245
-28.18	0.571224
-28.19	0.571203
-28.2	0.571181
-28.21	0.57116
-28.22	0.571139
-28.23	0.571118
-28.24	0.571096
-28.25	0.571075
-28.26	0.571054
-28.27	0.571033
-28.28	0.571012
-28.29	0.570991
-28.3	0.57097
-28.31	0.570949
-28.32	0.570928
-28.33	0.570907
-28.34	0.570886
-28.35	0.570865
-28.36	0.570844
-28.37	0.570823
-28.38	0.570802
-28.39	0.570781
-28.4	0.57076
-28.41	0.570739
-28.42	0.570718
-28.43	0.570697
-28.44	0.570676
-28.45	0.570656
-28.46	0.570635
-28.47	0.570614
-28.48	0.570593
-28.49	0.570572
-28.5	0.570552
-28.51	0.570531
-28.52	0.57051
-28.53	0.570489
-28.54	0.570469
-28.55	0.570448
-28.56	0.570427
-28.57	0.570407
-28.58	0.570386
-28.59	0.570366
-28.6	0.570345
-28.61	0.570324
-28.62	0.570304
-28.63	0.570283
-28.64	0.570263
-28.65	0.570242
-28.66	0.570222
-28.67	0.570201
-28.68	0.570181
-28.69	0.57016
-28.7	0.57014
-28.71	0.570119
-28.72	0.570099
-28.73	0.570079
-28.74	0.570058
-28.75	0.570038
-28.76	0.570018
-28.77	0.569997
-28.78	0.569977
-28.79	0.569957
-28.8	0.569936
-28.81	0.569916
-28.82	0.569896
-28.83	0.569876
-28.84	0.569855
-28.85	0.569835
-28.86	0.569815
-28.87	0.569795
-28.88	0.569775
-28.89	0.569754
-28.9	0.569734
-28.91	0.569714
-28.92	0.569694
-28.93	0.569674
-28.94	0.569654
-28.95	0.569634
-28.96	0.569614
-28.97	0.569594
-28.98	0.569574
-28.99	0.569554
-29	0.569534
-29.01	0.569514
-29.02	0.569494
-29.03	0.569474
-29.04	0.569454
-29.05	0.569434
-29.06	0.569414
-29.07	0.569394
-29.08	0.569374
-29.09	0.569355
-29.1	0.569335
-29.11	0.569315
-29.12	0.569295
-29.13	0.569275
-29.14	0.569256
-29.15	0.569236
-29.16	0.569216
-29.17	0.569196
-29.18	0.569177
-29.19	0.569157
-29.2	0.569137
-29.21	0.569118
-29.22	0.569098
-29.23	0.569078
-29.24	0.569059
-29.25	0.569039
-29.26	0.569019
-29.27	0.569
-29.28	0.56898
-29.29	0.568961
-29.3	0.568941
-29.31	0.568922
-29.32	0.568902
-29.33	0.568883
-29.34	0.568863
-29.35	0.568844
-29.36	0.568824
-29.37	0.568805
-29.38	0.568785
-29.39	0.568766
-29.4	0.568747
-29.41	0.568727
-29.42	0.568708
-29.43	0.568689
-29.44	0.568669
-29.45	0.56865
-29.46	0.568631
-29.47	0.568611
-29.48	0.568592
-29.49	0.568573
-29.5	0.568554
-29.51	0.568534
-29.52	0.568515
-29.53	0.568496
-29.54	0.568477
-29.55	0.568457
-29.56	0.568438
-29.57	0.568419
-29.58	0.5684
-29.59	0.568381
-29.6	0.568362
-29.61	0.568343
-29.62	0.568324
-29.63	0.568305
-29.64	0.568285
-29.65	0.568266
-29.66	0.568247
-29.67	0.568228
-29.68	0.568209
-29.69	0.56819
-29.7	0.568171
-29.71	0.568152
-29.72	0.568134
-29.73	0.568115
-29.74	0.568096
-29.75	0.568077
-29.76	0.568058
-29.77	0.568039
-29.78	0.56802
-29.79	0.568001
-29.8	0.567983
-29.81	0.567964
-29.82	0.567945
-29.83	0.567926
-29.84	0.567907
-29.85	0.567889
-29.86	0.56787
-29.87	0.567851
-29.88	0.567832
-29.89	0.567814
-29.9	0.567795
-29.91	0.567776
-29.92	0.567758
-29.93	0.567739
-29.94	0.56772
-29.95	0.567702
-29.96	0.567683
-29.97	0.567665
-29.98	0.567646
-29.99	0.567627
-30	0.567609
