x	y
30	1.14988
29.99	1.14995
29.98	1.15001
29.97	1.15007
29.96	1.15013
29.95	1.1502
29.94	1.15026
29.93	1.15032
29.92	1.15038
29.91	1.15045
29.9	1.15051
29.89	1.15057
29.88	1.15063
29.87	1.1507
29.86	1.15076
29.85	1.15082
29.84	1.15088
29.83	1.15095
29.82	1.15101
29.81	1.15107
29.8	1.15114
29.79	1.1512
29.78	1.15126
29.77	1.15133
29.76	1.15139
29.75	1.15145
29.74	1.15152
29.73	1.15158
29.72	1.15164
29.71	1.15171
29.7	1.15177
29.69	1.15183
29.68	1.1519
29.67	1.15196
29.66	1.15203
29.65	1.15209
29.64	1.15215
29.63	1.15222
29.62	1.15228
29.61	1.15234
29.6	1.15241
29.59	1.15247
29.58	1.15254
29.57	1.1526
29.56	1.15267
29.55	1.15273
29.54	1.15279
29.53	1.15286
29.52	1.15292
29.51	1.15299
29.5	1.15305
29.49	1.15312
29.48	1.15318
29.47	1.15325
29.46	1.15331
29.45	1.15338
29.44	1.15344
29.43	1.15351
29.42	1.15357
29.41	1.15364
29.4	1.1537
29.39	1.15377
29.38	1.15383
29.37	1.1539
29.36	1.15396
29.35	1.15403
29.34	1.15409
29.33	1.15416
29.32	1.15422
29.31	1.15429
29.3	1.15435
29.29	1.15442
29.28	1.15449
29.27	1.15455
29.26	1.15462
29.25	1.15468
29.24	1.15475
29.23	1.15481
29.22	1.15488
29.21	1.15495
29.2	1.15501
29.19	1.15508
29.18	1.15514
29.17	1.15521
29.16	1.15528
29.15	1.15534
29.14	1.15541
29.13	1.15548
29.12	1.15554
29.11	1.15561
29.1	1.15568
29.09	1.15574
29.08	1.15581
29.07	1.15588
29.06	1.15594
29.05	1.15601
29.04	1.15608
29.03	1.15614
29.02	1.15621
29.01	1.15628
29	1.15635
28.99	1.15641
28.98	1.15648
28.97	1.15655
28.96	1.15661
28.95	1.15668
28.94	1.15675
28.93	1.15682
28.92	1.15688
28.91	1.15695
28.9	1.15702
28.89	1.15709
28.88	1.15715
28.87	1.15722
28.86	1.15729
28.85	1.15736
28.84	1.15743
28.83	1.15749
28.82	1.15756
28.81	1.15763
28.8	1.1577
28.79	1.15777
28.78	1.15784
28.77	1.1579
28.76	1.15797
28.75	1.15804
28.74	1.15811
28.73	1.15818
28.72	1.15825
28.71	1.15831
28.7	1.15838
28.69	1.15845
28.68	1.15852
28.67	1.15859
28.66	1.15866
28.65	1.15873
28.64	1.1588
28.63	1.15887
28.62	1.15894
28.61	1.159
28.6	1.15907
28.59	1.15914
28.58	1.15921
28.57	1.15928
28.56	1.15935
28.55	1.15942
28.54	1.15949
28.53	1.15956
28.52	1.15963
28.51	1.1597
28.5	1.15977
28.49	1.15984
28.48	1.15991
28.47	1.15998
28.46	1.16005
28.45	1.16012
28.44	1.16019
28.43	1.16026
28.42	1.16033
28.41	1.1604
28.4	1.16047
28.39	1.16054
28.38	1.16061
28.37	1.16068
28.36	1.16075
28.35	1.16082
28.34	1.16089
28.33	1.16097
28.32	1.16104
28.31	1.16111
28.3	1.16118
28.29	1.16125
28.28	1.16132
28.27	1.16139
28.26	1.16146
28.25	1.16153
28.24	1.16161
28.23	1.16168
28.22	1.16175
28.21	1.16182
28.2	1.16189
28.19	1.16196
28.18	1.16203
28.17	1.16211
28.16	1.16218
28.15	1.16225
28.14	1.16232
28.13	1.16239
28.12	1.16247
28.11	1.16254
28.1	1.16261
28.09	1.16268
28.08	1.16275
28.07	1.16283
28.06	1.1629
28.05	1.16297
28.04	1.16304
28.03	1.16312
28.02	1.16319
28.01	1.16326
28	1.16333
27.99	1.16341
27.98	1.16348
27.97	1.16355
27.96	1.16363
27.95	1.1637
27.94	1.16377
27.93	1.16384
27.92	1.16392
27.91	1.16399
27.9	1.16406
27.89	1.16414
27.88	1.16421
27.87	1.16429
27.86	1.16436
27.85	1.16443
27.84	1.16451
27.83	1.16458
27.82	1.16465
27.81	1.16473
27.8	1.1648
27.79	1.16488
27.78	1.16495
27.77	1.16502
27.76	1.1651
27.75	1.16517
27.74	1.16525
27.73	1.16532
27.72	1.16539
27.71	1.16547
27.7	1.16554
27.69	1.16562
27.68	1.16569
27.67	1.16577
27.66	1.16584
27.65	1.16592
27.64	1.16599
27.63	1.16607
27.62	1.16614
27.61	1.16622
27.6	1.16629
27.59	1.16637
27.58	1.16644
27.57	1.16652
27.56	1.16659
27.55	1.16667
27.54	1.16674
27.53	1.16682
27.52	1.1669
27.51	1.16697
27.5	1.16705
27.49	1.16712
27.48	1.1672
27.47	1.16728
27.46	1.16735
27.45	1.16743
27.44	1.1675
27.43	1.16758
27.42	1.16766
27.41	1.16773
27.4	1.16781
27.39	1.16789
27.38	1.16796
27.37	1.16804
27.36	1.16812
27.35	1.16819
27.34	1.16827
27.33	1.16835
27.32	1.16842
27.31	1.1685
27.3	1.16858
27.29	1.16865
27.28	1.16873
27.27	1.16881
27.26	1.16889
27.25	1.16896
27.24	1.16904
27.23	1.16912
27.22	1.1692
27.21	1.16927
27.2	1.16935
27.19	1.16943
27.18	1.16951
27.17	1.16958
27.16	1.16966
27.15	1.16974
27.14	1.16982
27.13	1.1699
27.12	1.16997
27.11	1.17005
27.1	1.17013
27.09	1.17021
27.08	1.17029
27.07	1.17037
27.06	1.17045
27.05	1.17052
27.04	1.1706
27.03	1.17068
27.02	1.17076
27.01	1.17084
27	1.17092
26.99	1.171
26.98	1.17108
26.97	1.17116
26.96	1.17124
26.95	1.17132
26.94	1.17139
26.93	1.17147
26.92	1.17155
26.91	1.17163
26.9	1.17171
26.89	1.17179
26.88	1.17187
26.87	1.17195
26.86	1.17203
26.85	1.17211
26.84	1.17219
26.83	1.17227
26.82	1.17235
26.81	1.17243
26.8	1.17251
26.79	1.17259
26.78	1.17268
26.77	1.17276
26.76	1.17284
26.75	1.17292
26.74	1.173
26.73	1.17308
26.72	1.17316
26.71	1.17324
26.7	1.17332
26.69	1.1734
26.68	1.17348
26.67	1.17357
26.66	1.17365
26.65	1.17373
26.64	1.17381
26.63	1.17389
26.62	1.17397
26.61	1.17406
26.6	1.17414
26.59	1.17422
26.58	1.1743
26.57	1.17438
26.56	1.17446
26.55	1.17455
26.54	1.17463
26.53	1.17471
26.52	1.17479
26.51	1.17488
26.5	1.17496
26.49	1.17504
26.48	1.17512
26.47	1.17521
26.46	1.17529
26.45	1.17537
26.44	1.17546
26.43	1.17554
26.42	1.17562
26.41	1.1757
26.4	1.17579
26.39	1.17587
26.38	1.17595
26.37	1.17604
26.36	1.17612
26.35	1.17621
26.34	1.17629
26.33	1.17637
26.32	1.17646
26.31	1.17654
26.3	1.17662
26.29	1.17671
26.28	1.17679
26.27	1.17688
26.26	1.17696
26.25	1.17705
26.24	1.17713
26.23	1.17721
26.22	1.1773
26.21	1.17738
26.2	1.17747
26.19	1.17755
26.18	1.17764
26.17	1.17772
26.16	1.17781
26.15	1.17789
26.14	1.17798
26.13	1.17806
26.12	1.17815
26.11	1.17823
26.1	1.17832
26.09	1.17841
26.08	1.17849
26.07	1.17858
26.06	1.17866
26.05	1.17875
26.04	1.17883
26.03	1.17892
26.02	1.17901
26.01	1.17909
26	1.17918
25.99	1.17926
25.98	1.17935
25.97	1.17944
25.96	1.17952
25.95	1.17961
25.94	1.1797
25.93	1.17978
25.92	1.17987
25.91	1.17996
25.9	1.18005
25.89	1.18013
25.88	1.18022
25.87	1.18031
25.86	1.18039
25.85	1.18048
25.84	1.18057
25.83	1.18066
25.82	1.18074
25.81	1.18083
25.8	1.18092
25.79	1.18101
25.78	1.1811
25.77	1.18118
25.76	1.18127
25.75	1.18136
25.74	1.18145
25.73	1.18154
25.72	1.18162
25.71	1.18171
25.7	1.1818
25.69	1.18189
25.68	1.18198
25.67	1.18207
25.66	1.18216
25.65	1.18225
25.64	1.18233
25.63	1.18242
25.62	1.18251
25.61	1.1826
25.6	1.18269
25.59	1.18278
25.58	1.18287
25.57	1.18296
25.56	1.18305
25.55	1.18314
25.54	1.18323
25.53	1.18332
25.52	1.18341
25.51	1.1835
25.5	1.18359
25.49	1.18368
25.48	1.18377
25.47	1.18386
25.46	1.18395
25.45	1.18404
25.44	1.18413
25.43	1.18422
25.42	1.18431
25.41	1.18441
25.4	1.1845
25.39	1.18459
25.38	1.18468
25.37	1.18477
25.36	1.18486
25.35	1.18495
25.34	1.18504
25.33	1.18514
25.32	1.18523
25.31	1.18532
25.3	1.18541
25.29	1.1855
25.28	1.1856
25.27	1.18569
25.26	1.18578
25.25	1.18587
25.24	1.18596
25.23	1.18606
25.22	1.18615
25.21	1.18624
25.2	1.18633
25.19	1.18643
25.18	1.18652
25.17	1.18661
25.16	1.18671
25.15	1.1868
25.14	1.18689
25.13	1.18699
25.12	1.18708
25.11	1.18717
25.1	1.18727
25.09	1.18736
25.08	1.18745
25.07	1.18755
25.06	1.18764
25.05	1.18774
25.04	1.18783
25.03	1.18792
25.02	1.18802
25.01	1.18811
25	1.18821
24.99	1.1883
24.98	1.1884
24.97	1.18849
24.96	1.18859
24.95	1.18868
24.94	1.18878
24.93	1.18887
24.92	1.18897
24.91	1.18906
24.9	1.18916
24.89	1.18925
24.88	1.18935
24.87	1.18944
24.86	1.18954
24.85	1.18963
24.84	1.18973
24.83	1.18983
24.82	1.18992
24.81	1.19002
24.8	1.19011
24.79	1.19021
24.78	1.19031
24.77	1.1904
24.76	1.1905
24.75	1.1906
24.74	1.19069
24.73	1.19079
24.72	1.19089
24.71	1.19098
24.7	1.19108
24.69	1.19118
24.68	1.19128
24.67	1.19137
24.66	1.19147
24.65	1.19157
24.64	1.19167
24.63	1.19176
24.62	1.19186
24.61	1.19196
24.6	1.19206
24.59	1.19216
24.58	1.19225
24.57	1.19235
24.56	1.19245
24.55	1.19255
24.54	1.19265
24.53	1.19275
24.52	1.19285
24.51	1.19294
24.5	1.19304
24.49	1.19314
24.48	1.19324
24.47	1.19334
24.46	1.19344
24.45	1.19354
24.44	1.19364
24.43	1.19374
24.42	1.19384
24.41	1.19394
24.4	1.19404
24.39	1.19414
24.38	1.19424
24.37	1.19434
24.36	1.19444
24.35	1.19454
24.34	1.19464
24.33	1.19474
24.32	1.19484
24.31	1.19494
24.3	1.19504
24.29	1.19514
24.28	1.19525
24.27	1.19535
24.26	1.19545
24.25	1.19555
24.24	1.19565
24.23	1.19575
24.22	1.19585
24.21	1.19596
24.2	1.19606
24.19	1.19616
24.18	1.19626
24.17	1.19636
24.16	1.19647
24.15	1.19657
24.14	1.19667
24.13	1.19677
24.12	1.19688
24.11	1.19698
24.1	1.19708
24.09	1.19719
24.08	1.19729
24.07	1.19739
24.06	1.19749
24.05	1.1976
24.04	1.1977
24.03	1.19781
24.02	1.19791
24.01	1.19801
24	1.19812
23.99	1.19822
23.98	1.19832
23.97	1.19843
23.96	1.19853
23.95	1.19864
23.94	1.19874
23.93	1.19885
23.92	1.19895
23.91	1.19906
23.9	1.19916
23.89	1.19927
23.88	1.19937
23.87	1.19948
23.86	1.19958
23.85	1.19969
23.84	1.19979
23.83	1.1999
23.82	1.2
23.81	1.20011
23.8	1.20022
23.79	1.20032
23.78	1.20043
23.77	1.20053
23.76	1.20064
23.75	1.20075
23.74	1.20085
23.73	1.20096
23.72	1.20107
23.71	1.20117
23.7	1.20128
23.69	1.20139
23.68	1.2015
23.67	1.2016
23.66	1.20171
23.65	1.20182
23.64	1.20193
23.63	1.20203
23.62	1.20214
23.61	1.20225
23.6	1.20236
23.59	1.20246
23.58	1.20257
23.57	1.20268
23.56	1.20279
23.55	1.2029
23.54	1.20301
23.53	1.20312
23.52	1.20323
23.51	1.20333
23.5	1.20344
23.49	1.20355
23.48	1.20366
23.47	1.20377
23.46	1.20388
23.45	1.20399
23.44	1.2041
23.43	1.20421
23.42	1.20432
23.41	1.20443
23.4	1.20454
23.39	1.20465
23.38	1.20476
23.37	1.20487
23.36	1.20498
23.35	1.20509
23.34	1.2052
23.33	1.20532
23.32	1.20543
23.31	1.20554
23.3	1.20565
23.29	1.20576
23.28	1.20587
23.27	1.20598
23.26	1.2061
23.25	1.20621
23.24	1.20632
23.23	1.20643
23.22	1.20654
23.21	1.20666
23.2	1.20677
23.19	1.20688
23.18	1.20699
23.17	1.20711
23.16	1.20722
23.15	1.20733
23.14	1.20745
23.13	1.20756
23.12	1.20767
23.11	1.20779
23.1	1.2079
23.09	1.20801
23.08	1.20813
23.07	1.20824
23.06	1.20836
23.05	1.20847
23.04	1.20858
23.03	1.2087
23.02	1.20881
23.01	1.20893
23	1.20904
22.99	1.20916
22.98	1.20927
22.97	1.20939
22.96	1.2095
22.95	1.20962
22.94	1.20973
22.93	1.20985
22.92	1.20997
22.91	1.21008
22.9	1.2102
22.89	1.21031
22.88	1.21043
22.87	1.21055
22.86	1.21066
22.85	1.21078
22.84	1.2109
22.83	1.21101
22.82	1.21113
22.81	1.21125
22.8	1.21136
22.79	1.21148
22.78	1.2116
22.77	1.21172
22.76	1.21183
22.75	1.21195
22.74	1.21207
22.73	1.21219
22.72	1.21231
22.71	1.21242
22.7	1.21254
22.69	1.21266
22.68	1.21278
22.67	1.2129
22.66	1.21302
22.65	1.21314
22.64	1.21326
22.63	1.21337
22.62	1.21349
22.61	1.21361
22.6	1.21373
22.59	1.21385
22.58	1.21397
22.57	1.21409
22.56	1.21421
22.55	1.21433
22.54	1.21445
22.53	1.21457
22.52	1.2147
22.51	1.21482
22.5	1.21494
22.49	1.21506
22.48	1.21518
22.47	1.2153
22.46	1.21542
22.45	1.21554
22.44	1.21567
22.43	1.21579
22.42	1.21591
22.41	1.21603
22.4	1.21615
22.39	1.21628
22.38	1.2164
22.37	1.21652
22.36	1.21664
22.35	1.21677
22.34	1.21689
22.33	1.21701
22.32	1.21714
22.31	1.21726
22.3	1.21738
22.29	1.21751
22.28	1.21763
22.27	1.21775
22.26	1.21788
22.25	1.218
22.24	1.21813
22.23	1.21825
22.22	1.21838
22.21	1.2185
22.2	1.21862
22.19	1.21875
22.18	1.21888
22.17	1.219
22.16	1.21913
22.15	1.21925
22.14	1.21938
22.13	1.2195
22.12	1.21963
22.11	1.21975
22.1	1.21988
22.09	1.22001
22.08	1.22013
22.07	1.22026
22.06	1.22039
22.05	1.22051
22.04	1.22064
22.03	1.22077
22.02	1.22089
22.01	1.22102
22	1.22115
21.99	1.22128
21.98	1.22141
21.97	1.22153
21.96	1.22166
21.95	1.22179
21.94	1.22192
21.93	1.22205
21.92	1.22218
21.91	1.2223
21.9	1.22243
21.89	1.22256
21.88	1.22269
21.87	1.22282
21.86	1.22295
21.85	1.22308
21.84	1.22321
21.83	1.22334
21.82	1.22347
21.81	1.2236
21.8	1.22373
21.79	1.22386
21.78	1.22399
21.77	1.22412
21.76	1.22425
21.75	1.22438
21.74	1.22452
21.73	1.22465
21.72	1.22478
21.71	1.22491
21.7	1.22504
21.69	1.22517
21.68	1.22531
21.67	1.22544
21.66	1.22557
21.65	1.2257
21.64	1.22584
21.63	1.22597
21.62	1.2261
21.61	1.22623
21.6	1.22637
21.59	1.2265
21.58	1.22663
21.57	1.22677
21.56	1.2269
21.55	1.22704
21.54	1.22717
21.53	1.2273
21.52	1.22744
21.51	1.22757
21.5	1.22771
21.49	1.22784
21.48	1.22798
21.47	1.22811
21.46	1.22825
21.45	1.22838
21.44	1.22852
21.43	1.22865
21.42	1.22879
21.41	1.22893
21.4	1.22906
21.39	1.2292
21.38	1.22934
21.37	1.22947
21.36	1.22961
21.35	1.22975
21.34	1.22988
21.33	1.23002
21.32	1.23016
21.31	1.2303
21.3	1.23043
21.29	1.23057
21.28	1.23071
21.27	1.23085
21.26	1.23099
21.25	1.23112
21.24	1.23126
21.23	1.2314
21.22	1.23154
21.21	1.23168
21.2	1.23182
21.19	1.23196
21.18	1.2321
21.17	1.23224
21.16	1.23238
21.15	1.23252
21.14	1.23266
21.13	1.2328
21.12	1.23294
21.11	1.23308
21.1	1.23322
21.09	1.23336
21.08	1.2335
21.07	1.23365
21.06	1.23379
21.05	1.23393
21.04	1.23407
21.03	1.23421
21.02	1.23435
21.01	1.2345
21	1.23464
20.99	1.23478
20.98	1.23493
20.97	1.23507
20.96	1.23521
20.95	1.23535
20.94	1.2355
20.93	1.23564
20.92	1.23579
20.91	1.23593
20.9	1.23607
20.89	1.23622
20.88	1.23636
20.87	1.23651
20.86	1.23665
20.85	1.2368
20.84	1.23694
20.83	1.23709
20.82	1.23723
20.81	1.23738
20.8	1.23752
20.79	1.23767
20.78	1.23782
20.77	1.23796
20.76	1.23811
20.75	1.23826
20.74	1.2384
20.73	1.23855
20.72	1.2387
20.71	1.23884
20.7	1.23899
20.69	1.23914
20.68	1.23929
20.67	1.23944
20.66	1.23958
20.65	1.23973
20.64	1.23988
20.63	1.24003
20.62	1.24018
20.61	1.24033
20.6	1.24048
20.59	1.24063
20.58	1.24078
20.57	1.24093
20.56	1.24108
20.55	1.24123
20.54	1.24138
20.53	1.24153
20.52	1.24168
20.51	1.24183
20.5	1.24198
20.49	1.24213
20.48	1.24228
20.47	1.24243
20.46	1.24259
20.45	1.24274
20.44	1.24289
20.43	1.24304
20.42	1.24319
20.41	1.24335
20.4	1.2435
20.39	1.24365
20.38	1.24381
20.37	1.24396
20.36	1.24411
20.35	1.24427
20.34	1.24442
20.33	1.24457
20.32	1.24473
20.31	1.24488
20.3	1.24504
20.29	1.24519
20.28	1.24535
20.27	1.2455
20.26	1.24566
20.25	1.24581
20.24	1.24597
20.23	1.24612
20.22	1.24628
20.21	1.24644
20.2	1.24659
20.19	1.24675
20.18	1.24691
20.17	1.24706
20.16	1.24722
20.15	1.24738
20.14	1.24754
20.13	1.24769
20.12	1.24785
20.11	1.24801
20.1	1.24817
20.09	1.24833
20.08	1.24849
20.07	1.24864
20.06	1.2488
20.05	1.24896
20.04	1.24912
20.03	1.24928
20.02	1.24944
20.01	1.2496
20	1.24976
19.99	1.24992
19.98	1.25008
19.97	1.25024
19.96	1.25041
19.95	1.25057
19.94	1.25073
19.93	1.25089
19.92	1.25105
19.91	1.25121
19.9	1.25138
19.89	1.25154
19.88	1.2517
19.87	1.25186
19.86	1.25203
19.85	1.25219
19.84	1.25235
19.83	1.25252
19.82	1.25268
19.81	1.25285
19.8	1.25301
19.79	1.25317
19.78	1.25334
19.77	1.2535
19.76	1.25367
19.75	1.25383
19.74	1.254
19.73	1.25417
19.72	1.25433
19.71	1.2545
19.7	1.25466
19.69	1.25483
19.68	1.255
19.67	1.25516
19.66	1.25533
19.65	1.2555
19.64	1.25567
19.63	1.25583
19.62	1.256
19.61	1.25617
19.6	1.25634
19.59	1.25651
19.58	1.25667
19.57	1.25684
19.56	1.25701
19.55	1.25718
19.54	1.25735
19.53	1.25752
19.52	1.25769
19.51	1.25786
19.5	1.25803
19.49	1.2582
19.48	1.25837
19.47	1.25854
19.46	1.25872
19.45	1.25889
19.44	1.25906
19.43	1.25923
19.42	1.2594
19.41	1.25958
19.4	1.25975
19.39	1.25992
19.38	1.26009
19.37	1.26027
19.36	1.26044
19.35	1.26061
19.34	1.26079
19.33	1.26096
19.32	1.26114
19.31	1.26131
19.3	1.26149
19.29	1.26166
19.28	1.26184
19.27	1.26201
19.26	1.26219
19.25	1.26236
19.24	1.26254
19.23	1.26272
19.22	1.26289
19.21	1.26307
19.2	1.26325
19.19	1.26342
19.18	1.2636
19.17	1.26378
19.16	1.26396
19.15	1.26413
19.14	1.26431
19.13	1.26449
19.12	1.26467
19.11	1.26485
19.1	1.26503
19.09	1.26521
19.08	1.26539
19.07	1.26557
19.06	1.26575
19.05	1.26593
19.04	1.26611
19.03	1.26629
19.02	1.26647
19.01	1.26665
19	1.26683
18.99	1.26702
18.98	1.2672
18.97	1.26738
18.96	1.26756
18.95	1.26775
18.94	1.26793
18.93	1.26811
18.92	1.26829
18.91	1.26848
18.9	1.26866
18.89	1.26885
18.88	1.26903
18.87	1.26922
18.86	1.2694
18.85	1.26959
18.84	1.26977
18.83	1.26996
18.82	1.27014
18.81	1.27033
18.8	1.27052
18.79	1.2707
18.78	1.27089
18.77	1.27108
18.76	1.27126
18.75	1.27145
18.74	1.27164
18.73	1.27183
18.72	1.27201
18.71	1.2722
18.7	1.27239
18.69	1.27258
18.68	1.27277
18.67	1.27296
18.66	1.27315
18.65	1.27334
18.64	1.27353
18.63	1.27372
18.62	1.27391
18.61	1.2741
18.6	1.27429
18.59	1.27449
18.58	1.27468
18.57	1.27487
18.56	1.27506
18.55	1.27525
18.54	1.27545
18.53	1.27564
18.52	1.27583
18.51	1.27603
18.5	1.27622
18.49	1.27641
18.48	1.27661
18.47	1.2768
18.46	1.277
18.45	1.27719
18.44	1.27739
18.43	1.27758
18.42	1.27778
18.41	1.27798
18.4	1.27817
18.39	1.27837
18.38	1.27857
18.37	1.27876
18.36	1.27896
18.35	1.27916
18.34	1.27936
18.33	1.27956
18.32	1.27975
18.31	1.27995
18.3	1.28015
18.29	1.28035
18.28	1.28055
18.27	1.28075
18.26	1.28095
18.25	1.28115
18.24	1.28135
18.23	1.28155
18.22	1.28176
18.21	1.28196
18.2	1.28216
18.19	1.28236
18.18	1.28256
18.17	1.28277
18.16	1.28297
18.15	1.28317
18.14	1.28338
18.13	1.28358
18.12	1.28378
18.11	1.28399
18.1	1.28419
18.09	1.2844
18.08	1.2846
18.07	1.28481
18.06	1.28501
18.05	1.28522
18.04	1.28543
18.03	1.28563
18.02	1.28584
18.01	1.28605
18	1.28625
17.99	1.28646
17.98	1.28667
17.97	1.28688
17.96	1.28709
17.95	1.28729
17.94	1.2875
17.93	1.28771
17.92	1.28792
17.91	1.28813
17.9	1.28834
17.89	1.28855
17.88	1.28876
17.87	1.28898
17.86	1.28919
17.85	1.2894
17.84	1.28961
17.83	1.28982
17.82	1.29004
17.81	1.29025
17.8	1.29046
17.79	1.29068
17.78	1.29089
17.77	1.2911
17.76	1.29132
17.75	1.29153
17.74	1.29175
17.73	1.29196
17.72	1.29218
17.71	1.29239
17.7	1.29261
17.69	1.29283
17.68	1.29304
17.67	1.29326
17.66	1.29348
17.65	1.2937
17.64	1.29391
17.63	1.29413
17.62	1.29435
17.61	1.29457
17.6	1.29479
17.59	1.29501
17.58	1.29523
17.57	1.29545
17.56	1.29567
17.55	1.29589
17.54	1.29611
17.53	1.29633
17.52	1.29656
17.51	1.29678
17.5	1.297
17.49	1.29722
17.48	1.29745
17.47	1.29767
17.46	1.29789
17.45	1.29812
17.44	1.29834
17.43	1.29857
17.42	1.29879
17.41	1.29902
17.4	1.29924
17.39	1.29947
17.38	1.29969
17.37	1.29992
17.36	1.30015
17.35	1.30037
17.34	1.3006
17.33	1.30083
17.32	1.30106
17.31	1.30129
17.3	1.30152
17.29	1.30174
17.28	1.30197
17.27	1.3022
17.26	1.30243
17.25	1.30267
17.24	1.3029
17.23	1.30313
17.22	1.30336
17.21	1.30359
17.2	1.30382
17.19	1.30406
17.18	1.30429
17.17	1.30452
17.16	1.30476
17.15	1.30499
17.14	1.30522
17.13	1.30546
17.12	1.30569
17.11	1.30593
17.1	1.30616
17.09	1.3064
17.08	1.30664
17.07	1.30687
17.06	1.30711
17.05	1.30735
17.04	1.30759
17.03	1.30782
17.02	1.30806
17.01	1.3083
17	1.30854
16.99	1.30878
16.98	1.30902
16.97	1.30926
16.96	1.3095
16.95	1.30974
16.94	1.30998
16.93	1.31022
16.92	1.31047
16.91	1.31071
16.9	1.31095
16.89	1.31119
16.88	1.31144
16.87	1.31168
16.86	1.31192
16.85	1.31217
16.84	1.31241
16.83	1.31266
16.82	1.3129
16.81	1.31315
16.8	1.3134
16.79	1.31364
16.78	1.31389
16.77	1.31414
16.76	1.31439
16.75	1.31463
16.74	1.31488
16.73	1.31513
16.72	1.31538
16.71	1.31563
16.7	1.31588
16.69	1.31613
16.68	1.31638
16.67	1.31663
16.66	1.31689
16.65	1.31714
16.64	1.31739
16.63	1.31764
16.62	1.3179
16.61	1.31815
16.6	1.3184
16.59	1.31866
16.58	1.31891
16.57	1.31917
16.56	1.31942
16.55	1.31968
16.54	1.31993
16.53	1.32019
16.52	1.32045
16.51	1.32071
16.5	1.32096
16.49	1.32122
16.48	1.32148
16.47	1.32174
16.46	1.322
16.45	1.32226
16.44	1.32252
16.43	1.32278
16.42	1.32304
16.41	1.3233
16.4	1.32356
16.39	1.32382
16.38	1.32409
16.37	1.32435
16.36	1.32461
16.35	1.32488
16.34	1.32514
16.33	1.32541
16.32	1.32567
16.31	1.32594
16.3	1.3262
16.29	1.32647
16.28	1.32674
16.27	1.327
16.26	1.32727
16.25	1.32754
16.24	1.32781
16.23	1.32808
16.22	1.32834
16.21	1.32861
16.2	1.32888
16.19	1.32915
16.18	1.32943
16.17	1.3297
16.16	1.32997
16.15	1.33024
16.14	1.33051
16.13	1.33079
16.12	1.33106
16.11	1.33133
16.1	1.33161
16.09	1.33188
16.08	1.33216
16.07	1.33243
16.06	1.33271
16.05	1.33299
16.04	1.33326
16.03	1.33354
16.02	1.33382
16.01	1.3341
16	1.33437
15.99	1.33465
15.98	1.33493
15.97	1.33521
15.96	1.33549
15.95	1.33578
15.94	1.33606
15.93	1.33634
15.92	1.33662
15.91	1.3369
15.9	1.33719
15.89	1.33747
15.88	1.33775
15.87	1.33804
15.86	1.33832
15.85	1.33861
15.84	1.3389
15.83	1.33918
15.82	1.33947
15.81	1.33976
15.8	1.34004
15.79	1.34033
15.78	1.34062
15.77	1.34091
15.76	1.3412
15.75	1.34149
15.74	1.34178
15.73	1.34207
15.72	1.34236
15.71	1.34265
15.7	1.34295
15.69	1.34324
15.68	1.34353
15.67	1.34383
15.66	1.34412
15.65	1.34442
15.64	1.34471
15.63	1.34501
15.62	1.3453
15.61	1.3456
15.6	1.3459
15.59	1.3462
15.58	1.34649
15.57	1.34679
15.56	1.34709
15.55	1.34739
15.54	1.34769
15.53	1.34799
15.52	1.34829
15.51	1.3486
15.5	1.3489
15.49	1.3492
15.48	1.3495
15.47	1.34981
15.46	1.35011
15.45	1.35042
15.44	1.35072
15.43	1.35103
15.42	1.35133
15.41	1.35164
15.4	1.35195
15.39	1.35226
15.38	1.35256
15.37	1.35287
15.36	1.35318
15.35	1.35349
15.34	1.3538
15.33	1.35411
15.32	1.35443
15.31	1.35474
15.3	1.35505
15.29	1.35536
15.28	1.35568
15.27	1.35599
15.26	1.35631
15.25	1.35662
15.24	1.35694
15.23	1.35725
15.22	1.35757
15.21	1.35789
15.2	1.3582
15.19	1.35852
15.18	1.35884
15.17	1.35916
15.16	1.35948
15.15	1.3598
15.14	1.36012
15.13	1.36044
15.12	1.36077
15.11	1.36109
15.1	1.36141
15.09	1.36174
15.08	1.36206
15.07	1.36239
15.06	1.36271
15.05	1.36304
15.04	1.36336
15.03	1.36369
15.02	1.36402
15.01	1.36435
15	1.36468
14.99	1.36501
14.98	1.36534
14.97	1.36567
14.96	1.366
14.95	1.36633
14.94	1.36666
14.93	1.36699
14.92	1.36733
14.91	1.36766
14.9	1.368
14.89	1.36833
14.88	1.36867
14.87	1.369
14.86	1.36934
14.85	1.36968
14.84	1.37002
14.83	1.37036
14.82	1.37069
14.81	1.37103
14.8	1.37138
14.79	1.37172
14.78	1.37206
14.77	1.3724
14.76	1.37274
14.75	1.37309
14.74	1.37343
14.73	1.37378
14.72	1.37412
14.71	1.37447
14.7	1.37481
14.69	1.37516
14.68	1.37551
14.67	1.37586
14.66	1.37621
14.65	1.37656
14.64	1.37691
14.63	1.37726
14.62	1.37761
14.61	1.37796
14.6	1.37831
14.59	1.37867
14.58	1.37902
14.57	1.37938
14.56	1.37973
14.55	1.38009
14.54	1.38044
14.53	1.3808
14.52	1.38116
14.51	1.38152
14.5	1.38188
14.49	1.38224
14.48	1.3826
14.47	1.38296
14.46	1.38332
14.45	1.38368
14.44	1.38405
14.43	1.38441
14.42	1.38477
14.41	1.38514
14.4	1.38551
14.39	1.38587
14.38	1.38624
14.37	1.38661
14.36	1.38698
14.35	1.38734
14.34	1.38771
14.33	1.38808
14.32	1.38846
14.31	1.38883
14.3	1.3892
14.29	1.38957
14.28	1.38995
14.27	1.39032
14.26	1.3907
14.25	1.39107
14.24	1.39145
14.23	1.39183
14.22	1.3922
14.21	1.39258
14.2	1.39296
14.19	1.39334
14.18	1.39372
14.17	1.39411
14.16	1.39449
14.15	1.39487
14.14	1.39525
14.13	1.39564
14.12	1.39602
14.11	1.39641
14.1	1.3968
14.09	1.39718
14.08	1.39757
14.07	1.39796
14.06	1.39835
14.05	1.39874
14.04	1.39913
14.03	1.39952
14.02	1.39992
14.01	1.40031
14	1.4007
13.99	1.4011
13.98	1.40149
13.97	1.40189
13.96	1.40229
13.95	1.40268
13.94	1.40308
13.93	1.40348
13.92	1.40388
13.91	1.40428
13.9	1.40468
13.89	1.40509
13.88	1.40549
13.87	1.40589
13.86	1.4063
13.85	1.4067
13.84	1.40711
13.83	1.40751
13.82	1.40792
13.81	1.40833
13.8	1.40874
13.79	1.40915
13.78	1.40956
13.77	1.40997
13.76	1.41038
13.75	1.4108
13.74	1.41121
13.73	1.41163
13.72	1.41204
13.71	1.41246
13.7	1.41288
13.69	1.41329
13.68	1.41371
13.67	1.41413
13.66	1.41455
13.65	1.41497
13.64	1.4154
13.63	1.41582
13.62	1.41624
13.61	1.41667
13.6	1.41709
13.59	1.41752
13.58	1.41795
13.57	1.41837
13.56	1.4188
13.55	1.41923
13.54	1.41966
13.53	1.42009
13.52	1.42053
13.51	1.42096
13.5	1.42139
13.49	1.42183
13.48	1.42226
13.47	1.4227
13.46	1.42314
13.45	1.42357
13.44	1.42401
13.43	1.42445
13.42	1.42489
13.41	1.42534
13.4	1.42578
13.39	1.42622
13.38	1.42667
13.37	1.42711
13.36	1.42756
13.35	1.428
13.34	1.42845
13.33	1.4289
13.32	1.42935
13.31	1.4298
13.3	1.43025
13.29	1.43071
13.28	1.43116
13.27	1.43161
13.26	1.43207
13.25	1.43252
13.24	1.43298
13.23	1.43344
13.22	1.4339
13.21	1.43436
13.2	1.43482
13.19	1.43528
13.18	1.43574
13.17	1.43621
13.16	1.43667
13.15	1.43714
13.14	1.4376
13.13	1.43807
13.12	1.43854
13.11	1.43901
13.1	1.43948
13.09	1.43995
13.08	1.44042
13.07	1.4409
13.06	1.44137
13.05	1.44185
13.04	1.44232
13.03	1.4428
13.02	1.44328
13.01	1.44376
13	1.44424
12.99	1.44472
12.98	1.4452
12.97	1.44568
12.96	1.44617
12.95	1.44665
12.94	1.44714
12.93	1.44763
12.92	1.44811
12.91	1.4486
12.9	1.44909
12.89	1.44958
12.88	1.45008
12.87	1.45057
12.86	1.45106
12.85	1.45156
12.84	1.45206
12.83	1.45255
12.82	1.45305
12.81	1.45355
12.8	1.45405
12.79	1.45456
12.78	1.45506
12.77	1.45556
12.76	1.45607
12.75	1.45657
12.74	1.45708
12.73	1.45759
12.72	1.4581
12.71	1.45861
12.7	1.45912
12.69	1.45963
12.68	1.46015
12.67	1.46066
12.66	1.46118
12.65	1.46169
12.64	1.46221
12.63	1.46273
12.62	1.46325
12.61	1.46377
12.6	1.4643
12.59	1.46482
12.58	1.46535
12.57	1.46587
12.56	1.4664
12.55	1.46693
12.54	1.46746
12.53	1.46799
12.52	1.46852
12.51	1.46905
12.5	1.46959
12.49	1.47012
12.48	1.47066
12.47	1.4712
12.46	1.47174
12.45	1.47228
12.44	1.47282
12.43	1.47336
12.42	1.4739
12.41	1.47445
12.4	1.47499
12.39	1.47554
12.38	1.47609
12.37	1.47664
12.36	1.47719
12.35	1.47774
12.34	1.4783
12.33	1.47885
12.32	1.47941
12.31	1.47996
12.3	1.48052
12.29	1.48108
12.28	1.48164
12.27	1.48221
12.26	1.48277
12.25	1.48333
12.24	1.4839
12.23	1.48447
12.22	1.48504
12.21	1.48561
12.2	1.48618
12.19	1.48675
12.18	1.48732
12.17	1.4879
12.16	1.48847
12.15	1.48905
12.14	1.48963
12.13	1.49021
12.12	1.49079
12.11	1.49138
12.1	1.49196
12.09	1.49255
12.08	1.49313
12.07	1.49372
12.06	1.49431
12.05	1.4949
12.04	1.49549
12.03	1.49609
12.02	1.49668
12.01	1.49728
12	1.49788
11.99	1.49848
11.98	1.49908
11.97	1.49968
11.96	1.50028
11.95	1.50089
11.94	1.50149
11.93	1.5021
11.92	1.50271
11.91	1.50332
11.9	1.50393
11.89	1.50455
11.88	1.50516
11.87	1.50578
11.86	1.5064
11.85	1.50701
11.84	1.50764
11.83	1.50826
11.82	1.50888
11.81	1.50951
11.8	1.51013
11.79	1.51076
11.78	1.51139
11.77	1.51202
11.76	1.51265
11.75	1.51329
11.74	1.51392
11.73	1.51456
11.72	1.5152
11.71	1.51584
11.7	1.51648
11.69	1.51713
11.68	1.51777
11.67	1.51842
11.66	1.51906
11.65	1.51971
11.64	1.52036
11.63	1.52102
11.62	1.52167
11.61	1.52233
11.6	1.52298
11.59	1.52364
11.58	1.5243
11.57	1.52497
11.56	1.52563
11.55	1.5263
11.54	1.52696
11.53	1.52763
11.52	1.5283
11.51	1.52897
11.5	1.52965
11.49	1.53032
11.48	1.531
11.47	1.53168
11.46	1.53236
11.45	1.53304
11.44	1.53372
11.43	1.53441
11.42	1.5351
11.41	1.53579
11.4	1.53648
11.39	1.53717
11.38	1.53786
11.37	1.53856
11.36	1.53926
11.35	1.53995
11.34	1.54066
11.33	1.54136
11.32	1.54206
11.31	1.54277
11.3	1.54348
11.29	1.54419
11.28	1.5449
11.27	1.54561
11.26	1.54633
11.25	1.54704
11.24	1.54776
11.23	1.54848
11.22	1.5492
11.21	1.54993
11.2	1.55066
11.19	1.55138
11.18	1.55211
11.17	1.55284
11.16	1.55358
11.15	1.55431
11.14	1.55505
11.13	1.55579
11.12	1.55653
11.11	1.55727
11.1	1.55802
11.09	1.55877
11.08	1.55952
11.07	1.56027
11.06	1.56102
11.05	1.56177
11.04	1.56253
11.03	1.56329
11.02	1.56405
11.01	1.56481
11	1.56558
10.99	1.56634
10.98	1.56711
10.97	1.56788
10.96	1.56866
10.95	1.56943
10.94	1.57021
10.93	1.57099
10.92	1.57177
10.91	1.57255
10.9	1.57333
10.89	1.57412
10.88	1.57491
10.87	1.5757
10.86	1.57649
10.85	1.57729
10.84	1.57809
10.83	1.57889
10.82	1.57969
10.81	1.58049
10.8	1.5813
10.79	1.58211
10.78	1.58292
10.77	1.58373
10.76	1.58455
10.75	1.58536
10.74	1.58618
10.73	1.587
10.72	1.58783
10.71	1.58865
10.7	1.58948
10.69	1.59031
10.68	1.59115
10.67	1.59198
10.66	1.59282
10.65	1.59366
10.64	1.5945
10.63	1.59534
10.62	1.59619
10.61	1.59704
10.6	1.59789
10.59	1.59874
10.58	1.5996
10.57	1.60046
10.56	1.60132
10.55	1.60218
10.54	1.60305
10.53	1.60391
10.52	1.60479
10.51	1.60566
10.5	1.60653
10.49	1.60741
10.48	1.60829
10.47	1.60917
10.46	1.61006
10.45	1.61095
10.44	1.61184
10.43	1.61273
10.42	1.61362
10.41	1.61452
10.4	1.61542
10.39	1.61632
10.38	1.61723
10.37	1.61814
10.36	1.61905
10.35	1.61996
10.34	1.62088
10.33	1.62179
10.32	1.62271
10.31	1.62364
10.3	1.62456
10.29	1.62549
10.28	1.62643
10.27	1.62736
10.26	1.6283
10.25	1.62924
10.24	1.63018
10.23	1.63112
10.22	1.63207
10.21	1.63302
10.2	1.63397
10.19	1.63493
10.18	1.63589
10.17	1.63685
10.16	1.63782
10.15	1.63878
10.14	1.63975
10.13	1.64073
10.12	1.6417
10.11	1.64268
10.1	1.64366
10.09	1.64465
10.08	1.64564
10.07	1.64663
10.06	1.64762
10.05	1.64862
10.04	1.64962
10.03	1.65062
10.02	1.65162
10.01	1.65263
10	1.65364
9.99	1.65466
9.98	1.65567
9.97	1.6567
9.96	1.65772
9.95	1.65875
9.94	1.65978
9.93	1.66081
9.92	1.66184
9.91	1.66288
9.9	1.66393
9.89	1.66497
9.88	1.66602
9.87	1.66707
9.86	1.66813
9.85	1.66919
9.84	1.67025
9.83	1.67131
9.82	1.67238
9.81	1.67345
9.8	1.67453
9.79	1.67561
9.78	1.67669
9.77	1.67777
9.76	1.67886
9.75	1.67995
9.74	1.68105
9.73	1.68215
9.72	1.68325
9.71	1.68435
9.7	1.68546
9.69	1.68657
9.68	1.68769
9.67	1.68881
9.66	1.68993
9.65	1.69106
9.64	1.69219
9.63	1.69332
9.62	1.69446
9.61	1.6956
9.6	1.69675
9.59	1.69789
9.58	1.69905
9.57	1.7002
9.56	1.70136
9.55	1.70252
9.54	1.70369
9.53	1.70486
9.52	1.70603
9.51	1.70721
9.5	1.70839
9.49	1.70958
9.48	1.71077
9.47	1.71196
9.46	1.71316
9.45	1.71436
9.44	1.71557
9.43	1.71678
9.42	1.71799
9.41	1.71921
9.4	1.72043
9.39	1.72165
9.38	1.72288
9.37	1.72411
9.36	1.72535
9.35	1.72659
9.34	1.72784
9.33	1.72909
9.32	1.73034
9.31	1.7316
9.3	1.73286
9.29	1.73413
9.28	1.7354
9.27	1.73667
9.26	1.73795
9.25	1.73924
9.24	1.74053
9.23	1.74182
9.22	1.74311
9.21	1.74442
9.2	1.74572
9.19	1.74703
9.18	1.74835
9.17	1.74967
9.16	1.75099
9.15	1.75232
9.14	1.75365
9.13	1.75499
9.12	1.75633
9.11	1.75767
9.1	1.75903
9.09	1.76038
9.08	1.76174
9.07	1.76311
9.06	1.76448
9.05	1.76585
9.04	1.76723
9.03	1.76862
9.02	1.77001
9.01	1.7714
9	1.7728
8.99	1.7742
8.98	1.77561
8.97	1.77703
8.96	1.77844
8.95	1.77987
8.94	1.7813
8.93	1.78273
8.92	1.78417
8.91	1.78562
8.9	1.78707
8.89	1.78852
8.88	1.78998
8.87	1.79145
8.86	1.79292
8.85	1.79439
8.84	1.79587
8.83	1.79736
8.82	1.79885
8.81	1.80035
8.8	1.80185
8.79	1.80336
8.78	1.80488
8.77	1.80639
8.76	1.80792
8.75	1.80945
8.74	1.81099
8.73	1.81253
8.72	1.81408
8.71	1.81563
8.7	1.81719
8.69	1.81875
8.68	1.82033
8.67	1.8219
8.66	1.82349
8.65	1.82507
8.64	1.82667
8.63	1.82827
8.62	1.82988
8.61	1.83149
8.6	1.83311
8.59	1.83473
8.58	1.83636
8.57	1.838
8.56	1.83964
8.55	1.84129
8.54	1.84295
8.53	1.84461
8.52	1.84628
8.51	1.84796
8.5	1.84964
8.49	1.85133
8.48	1.85302
8.47	1.85472
8.46	1.85643
8.45	1.85815
8.44	1.85987
8.43	1.8616
8.42	1.86333
8.41	1.86507
8.4	1.86682
8.39	1.86858
8.38	1.87034
8.37	1.87211
8.36	1.87389
8.35	1.87567
8.34	1.87746
8.33	1.87926
8.32	1.88106
8.31	1.88287
8.3	1.88469
8.29	1.88652
8.28	1.88836
8.27	1.8902
8.26	1.89205
8.25	1.8939
8.24	1.89577
8.23	1.89764
8.22	1.89952
8.21	1.9014
8.2	1.9033
8.19	1.9052
8.18	1.90711
8.17	1.90903
8.16	1.91096
8.15	1.91289
8.14	1.91483
8.13	1.91678
8.12	1.91874
8.11	1.92071
8.1	1.92268
8.09	1.92466
8.08	1.92665
8.07	1.92865
8.06	1.93066
8.05	1.93268
8.04	1.9347
8.03	1.93674
8.02	1.93878
8.01	1.94083
8	1.94289
7.99	1.94496
7.98	1.94703
7.97	1.94912
7.96	1.95122
7.95	1.95332
7.94	1.95543
7.93	1.95756
7.92	1.95969
7.91	1.96183
7.9	1.96398
7.89	1.96614
7.88	1.96831
7.87	1.97049
7.86	1.97268
7.85	1.97487
7.84	1.97708
7.83	1.9793
7.82	1.98153
7.81	1.98376
7.8	1.98601
7.79	1.98827
7.78	1.99054
7.77	1.99281
7.76	1.9951
7.75	1.9974
7.74	1.99971
7.73	2.00203
7.72	2.00436
7.71	2.0067
7.7	2.00905
7.69	2.01141
7.68	2.01378
7.67	2.01617
7.66	2.01856
7.65	2.02097
7.64	2.02338
7.63	2.02581
7.62	2.02825
7.61	2.0307
7.6	2.03316
7.59	2.03563
7.58	2.03812
7.57	2.04062
7.56	2.04312
7.55	2.04564
7.54	2.04818
7.53	2.05072
7.52	2.05328
7.51	2.05585
7.5	2.05843
7.49	2.06102
7.48	2.06362
7.47	2.06624
7.46	2.06887
7.45	2.07152
7.44	2.07417
7.43	2.07684
7.42	2.07953
7.41	2.08222
7.4	2.08493
7.39	2.08765
7.38	2.09039
7.37	2.09314
7.36	2.0959
7.35	2.09868
7.34	2.10147
7.33	2.10427
7.32	2.10709
7.31	2.10992
7.3	2.11277
7.29	2.11563
7.28	2.1185
7.27	2.12139
7.26	2.1243
7.25	2.12722
7.24	2.13015
7.23	2.1331
7.22	2.13606
7.21	2.13904
7.2	2.14204
7.19	2.14505
7.18	2.14807
7.17	2.15112
7.16	2.15417
7.15	2.15725
7.14	2.16034
7.13	2.16344
7.12	2.16657
7.11	2.16971
7.1	2.17286
7.09	2.17603
7.08	2.17922
7.07	2.18243
7.06	2.18565
7.05	2.18889
7.04	2.19215
7.03	2.19543
7.02	2.19872
7.01	2.20203
7	2.20536
6.99	2.20871
6.98	2.21208
6.97	2.21546
6.96	2.21887
6.95	2.22229
6.94	2.22573
6.93	2.22919
6.92	2.23267
6.91	2.23617
6.9	2.23969
6.89	2.24323
6.88	2.24679
6.87	2.25036
6.86	2.25396
6.85	2.25758
6.84	2.26122
6.83	2.26488
6.82	2.26857
6.81	2.27227
6.8	2.276
6.79	2.27974
6.78	2.28351
6.77	2.2873
6.76	2.29111
6.75	2.29495
6.74	2.2988
6.73	2.30268
6.72	2.30659
6.71	2.31051
6.7	2.31446
6.69	2.31844
6.68	2.32243
6.67	2.32646
6.66	2.3305
6.65	2.33457
6.64	2.33867
6.63	2.34279
6.62	2.34693
6.61	2.3511
6.6	2.3553
6.59	2.35952
6.58	2.36377
6.57	2.36804
6.56	2.37234
6.55	2.37667
6.54	2.38103
6.53	2.38541
6.52	2.38982
6.51	2.39426
6.5	2.39872
6.49	2.40322
6.48	2.40774
6.47	2.4123
6.46	2.41688
6.45	2.42149
6.44	2.42613
6.43	2.4308
6.42	2.43551
6.41	2.44024
6.4	2.44501
6.39	2.4498
6.38	2.45463
6.37	2.45949
6.36	2.46439
6.35	2.46931
6.34	2.47427
6.33	2.47926
6.32	2.48429
6.31	2.48935
6.3	2.49445
6.29	2.49958
6.28	2.50474
6.27	2.50994
6.26	2.51518
6.25	2.52046
6.24	2.52577
6.23	2.53112
6.22	2.5365
6.21	2.54193
6.2	2.54739
6.19	2.55289
6.18	2.55843
6.17	2.56401
6.16	2.56963
6.15	2.57529
6.14	2.581
6.13	2.58674
6.12	2.59253
6.11	2.59836
6.1	2.60423
6.09	2.61015
6.08	2.61611
6.07	2.62211
6.06	2.62816
6.05	2.63426
6.04	2.6404
6.03	2.64659
6.02	2.65283
6.01	2.65911
6	2.66544
5.99	2.67182
5.98	2.67826
5.97	2.68474
5.96	2.69127
5.95	2.69785
5.94	2.70449
5.93	2.71118
5.92	2.71792
5.91	2.72472
5.9	2.73157
5.89	2.73848
5.88	2.74544
5.87	2.75246
5.86	2.75954
5.85	2.76668
5.84	2.77387
5.83	2.78113
5.82	2.78845
5.81	2.79583
5.8	2.80327
5.79	2.81077
5.78	2.81834
5.77	2.82597
5.76	2.83367
5.75	2.84144
5.74	2.84928
5.73	2.85718
5.72	2.86515
5.71	2.87319
5.7	2.88131
5.69	2.8895
5.68	2.89776
5.67	2.9061
5.66	2.91451
5.65	2.923
5.64	2.93157
5.63	2.94021
5.62	2.94894
5.61	2.95775
5.6	2.96664
5.59	2.97562
5.58	2.98468
5.57	2.99383
5.56	3.00307
5.55	3.0124
5.54	3.02182
5.53	3.03133
5.52	3.04093
5.51	3.05063
5.5	3.06043
5.49	3.07032
5.48	3.08032
5.47	3.09041
5.46	3.10061
5.45	3.11092
5.44	3.12133
5.43	3.13185
5.42	3.14249
5.41	3.15323
5.4	3.16409
5.39	3.17507
5.38	3.18616
5.37	3.19738
5.36	3.20872
5.35	3.22018
5.34	3.23177
5.33	3.24349
5.32	3.25534
5.31	3.26733
5.3	3.27946
5.29	3.29172
5.28	3.30413
5.27	3.31668
5.26	3.32938
5.25	3.34223
5.24	3.35524
5.23	3.3684
5.22	3.38173
5.21	3.39521
5.2	3.40887
5.19	3.42269
5.18	3.43669
5.17	3.45087
5.16	3.46522
5.15	3.47977
5.14	3.4945
5.13	3.50942
5.12	3.52455
5.11	3.53988
5.1	3.55541
5.09	3.57115
5.08	3.58712
5.07	3.6033
5.06	3.61971
5.05	3.63636
5.04	3.65324
5.03	3.67037
5.02	3.68774
5.01	3.70538
5	3.72327
4.99	3.74144
4.98	3.75989
4.97	3.77861
4.96	3.79763
4.95	3.81695
4.94	3.83658
4.93	3.85653
4.92	3.8768
4.91	3.8974
4.9	3.91835
4.89	3.93966
4.88	3.96133
4.87	3.98338
4.86	4.00581
4.85	4.02865
4.84	4.05189
4.83	4.07557
4.82	4.09968
4.81	4.12425
4.8	4.14929
4.79	4.17481
4.78	4.20084
4.77	4.22739
4.76	4.25448
4.75	4.28212
4.74	4.31035
4.73	4.33918
4.72	4.36863
4.71	4.39874
4.7	4.42952
4.69	4.46101
4.68	4.49323
4.67	4.52622
4.66	4.56
4.65	4.59462
4.64	4.63011
4.63	4.66652
4.62	4.70388
4.61	4.74225
4.6	4.78167
4.59	4.8222
4.58	4.8639
4.57	4.90683
4.56	4.95106
4.55	4.99666
4.54	5.04372
4.53	5.09232
4.52	5.14256
4.51	5.19455
4.5	5.2484
4.49	5.30425
4.48	5.36222
4.47	5.4225
4.46	5.48524
4.45	5.55064
4.44	5.61894
4.43	5.69038
4.42	5.76525
4.41	5.84387
4.4	5.92662
4.39	6.01394
4.38	6.10633
4.37	6.20439
4.36	6.30883
4.35	6.4205
4.34	6.54044
4.33	6.66992
4.32	6.81052
4.31	6.96428
4.3	7.13383
4.29	7.32268
4.28	7.53567
4.27	7.77972
4.26	8.06522
4.25	8.40885
4.24	8.83997
4.23	9.41796
4.22	10.2957
4.21	12.1724
-4.21	12.1724
-4.22	10.2957
-4.23	9.41796
-4.24	8.83997
-4.25	8.40885
-4.26	8.06522
-4.27	7.77972
-4.28	7.53567
-4.29	7.32268
-4.3	7.13383
-4.31	6.96428
-4.32	6.81052
-4.33	6.66992
-4.34	6.54044
-4.35	6.4205
-4.36	6.30883
-4.37	6.20439
-4.38	6.10633
-4.39	6.01394
-4.4	5.92662
-4.41	5.84387
-4.42	5.76525
-4.43	5.69038
-4.44	5.61894
-4.45	5.55064
-4.46	5.48524
-4.47	5.4225
-4.48	5.36222
-4.49	5.30425
-4.5	5.2484
-4.51	5.19455
-4.52	5.14256
-4.53	5.09232
-4.54	5.04372
-4.55	4.99666
-4.56	4.95106
-4.57	4.90683
-4.58	4.8639
-4.59	4.8222
-4.6	4.78167
-4.61	4.74225
-4.62	4.70388
-4.63	4.66652
-4.64	4.63011
-4.65	4.59462
-4.66	4.56
-4.67	4.52622
-4.68	4.49323
-4.69	4.46101
-4.7	4.42952
-4.71	4.39874
-4.72	4.36863
-4.73	4.33918
-4.74	4.31035
-4.75	4.28212
-4.76	4.25448
-4.77	4.22739
-4.78	4.20084
-4.79	4.17481
-4.8	4.14929
-4.81	4.12425
-4.82	4.09968
-4.83	4.07557
-4.84	4.05189
-4.85	4.02865
-4.86	4.00581
-4.87	3.98338
-4.88	3.96133
-4.89	3.93966
-4.9	3.91835
-4.91	3.8974
-4.92	3.8768
-4.93	3.85653
-4.94	3.83658
-4.95	3.81695
-4.96	3.79763
-4.97	3.77861
-4.98	3.75989
-4.99	3.74144
-5	3.72327
-5.01	3.70538
-5.02	3.68774
-5.03	3.67037
-5.04	3.65324
-5.05	3.63636
-5.06	3.61971
-5.07	3.6033
-5.08	3.58712
-5.09	3.57115
-5.1	3.55541
-5.11	3.53988
-5.12	3.52455
-5.13	3.50942
-5.14	3.4945
-5.15	3.47977
-5.16	3.46522
-5.17	3.45087
-5.18	3.43669
-5.19	3.42269
-5.2	3.40887
-5.21	3.39521
-5.22	3.38173
-5.23	3.3684
-5.24	3.35524
-5.25	3.34223
-5.26	3.32938
-5.27	3.31668
-5.28	3.30413
-5.29	3.29172
-5.3	3.27946
-5.31	3.26733
-5.32	3.25534
-5.33	3.24349
-5.34	3.23177
-5.35	3.22018
-5.36	3.20872
-5.37	3.19738
-5.38	3.18616
-5.39	3.17507
-5.4	3.16409
-5.41	3.15323
-5.42	3.14249
-5.43	3.13185
-5.44	3.12133
-5.45	3.11092
-5.46	3.10061
-5.47	3.09041
-5.48	3.08032
-5.49	3.07032
-5.5	3.06043
-5.51	3.05063
-5.52	3.04093
-5.53	3.03133
-5.54	3.02182
-5.55	3.0124
-5.56	3.00307
-5.57	2.99383
-5.58	2.98468
-5.59	2.97562
-5.6	2.96664
-5.61	2.95775
-5.62	2.94894
-5.63	2.94021
-5.64	2.93157
-5.65	2.923
-5.66	2.91451
-5.67	2.9061
-5.68	2.89776
-5.69	2.8895
-5.7	2.88131
-5.71	2.87319
-5.72	2.86515
-5.73	2.85718
-5.74	2.84928
-5.75	2.84144
-5.76	2.83367
-5.77	2.82597
-5.78	2.81834
-5.79	2.81077
-5.8	2.80327
-5.81	2.79583
-5.82	2.78845
-5.83	2.78113
-5.84	2.77387
-5.85	2.76668
-5.86	2.75954
-5.87	2.75246
-5.88	2.74544
-5.89	2.73848
-5.9	2.73157
-5.91	2.72472
-5.92	2.71792
-5.93	2.71118
-5.94	2.70449
-5.95	2.69785
-5.96	2.69127
-5.97	2.68474
-5.98	2.67826
-5.99	2.67182
-6	2.66544
-6.01	2.65911
-6.02	2.65283
-6.03	2.64659
-6.04	2.6404
-6.05	2.63426
-6.06	2.62816
-6.07	2.62211
-6.08	2.61611
-6.09	2.61015
-6.1	2.60423
-6.11	2.59836
-6.12	2.59253
-6.13	2.58674
-6.14	2.581
-6.15	2.57529
-6.16	2.56963
-6.17	2.56401
-6.18	2.55843
-6.19	2.55289
-6.2	2.54739
-6.21	2.54193
-6.22	2.5365
-6.23	2.53112
-6.24	2.52577
-6.25	2.52046
-6.26	2.51518
-6.27	2.50994
-6.28	2.50474
-6.29	2.49958
-6.3	2.49445
-6.31	2.48935
-6.32	2.48429
-6.33	2.47926
-6.34	2.47427
-6.35	2.46931
-6.36	2.46439
-6.37	2.45949
-6.38	2.45463
-6.39	2.4498
-6.4	2.44501
-6.41	2.44024
-6.42	2.43551
-6.43	2.4308
-6.44	2.42613
-6.45	2.42149
-6.46	2.41688
-6.47	2.4123
-6.48	2.40774
-6.49	2.40322
-6.5	2.39872
-6.51	2.39426
-6.52	2.38982
-6.53	2.38541
-6.54	2.38103
-6.55	2.37667
-6.56	2.37234
-6.57	2.36804
-6.58	2.36377
-6.59	2.35952
-6.6	2.3553
-6.61	2.3511
-6.62	2.34693
-6.63	2.34279
-6.64	2.33867
-6.65	2.33457
-6.66	2.3305
-6.67	2.32646
-6.68	2.32243
-6.69	2.31844
-6.7	2.31446
-6.71	2.31051
-6.72	2.30659
-6.73	2.30268
-6.74	2.2988
-6.75	2.29495
-6.76	2.29111
-6.77	2.2873
-6.78	2.28351
-6.79	2.27974
-6.8	2.276
-6.81	2.27227
-6.82	2.26857
-6.83	2.26488
-6.84	2.26122
-6.85	2.25758
-6.86	2.25396
-6.87	2.25036
-6.88	2.24679
-6.89	2.24323
-6.9	2.23969
-6.91	2.23617
-6.92	2.23267
-6.93	2.22919
-6.94	2.22573
-6.95	2.22229
-6.96	2.21887
-6.97	2.21546
-6.98	2.21208
-6.99	2.20871
-7	2.20536
-7.01	2.20203
-7.02	2.19872
-7.03	2.19543
-7.04	2.19215
-7.05	2.18889
-7.06	2.18565
-7.07	2.18243
-7.08	2.17922
-7.09	2.17603
-7.1	2.17286
-7.11	2.16971
-7.12	2.16657
-7.13	2.16344
-7.14	2.16034
-7.15	2.15725
-7.16	2.15417
-7.17	2.15112
-7.18	2.14807
-7.19	2.14505
-7.2	2.14204
-7.21	2.13904
-7.22	2.13606
-7.23	2.1331
-7.24	2.13015
-7.25	2.12722
-7.26	2.1243
-7.27	2.12139
-7.28	2.1185
-7.29	2.11563
-7.3	2.11277
-7.31	2.10992
-7.32	2.10709
-7.33	2.10427
-7.34	2.10147
-7.35	2.09868
-7.36	2.0959
-7.37	2.09314
-7.38	2.09039
-7.39	2.08765
-7.4	2.08493
-7.41	2.08222
-7.42	2.07953
-7.43	2.07684
-7.44	2.07417
-7.45	2.07152
-7.46	2.06887
-7.47	2.06624
-7.48	2.06362
-7.49	2.06102
-7.5	2.05843
-7.51	2.05585
-7.52	2.05328
-7.53	2.05072
-7.54	2.04818
-7.55	2.04564
-7.56	2.04312
-7.57	2.04062
-7.58	2.03812
-7.59	2.03563
-7.6	2.03316
-7.61	2.0307
-7.62	2.02825
-7.63	2.02581
-7.64	2.02338
-7.65	2.02097
-7.66	2.01856
-7.67	2.01617
-7.68	2.01378
-7.69	2.01141
-7.7	2.00905
-7.71	2.0067
-7.72	2.00436
-7.73	2.00203
-7.74	1.99971
-7.75	1.9974
-7.76	1.9951
-7.77	1.99281
-7.78	1.99054
-7.79	1.98827
-7.8	1.98601
-7.81	1.98376
-7.82	1.98153
-7.83	1.9793
-7.84	1.97708
-7.85	1.97487
-7.86	1.97268
-7.87	1.97049
-7.88	1.96831
-7.89	1.96614
-7.9	1.96398
-7.91	1.96183
-7.92	1.95969
-7.93	1.95756
-7.94	1.95543
-7.95	1.95332
-7.96	1.95122
-7.97	1.94912
-7.98	1.94703
-7.99	1.94496
-8	1.94289
-8.01	1.94083
-8.02	1.93878
-8.03	1.93674
-8.04	1.9347
-8.05	1.93268
-8.06	1.93066
-8.07	1.92865
-8.08	1.92665
-8.09	1.92466
-8.1	1.92268
-8.11	1.92071
-8.12	1.91874
-8.13	1.91678
-8.14	1.91483
-8.15	1.91289
-8.16	1.91096
-8.17	1.90903
-8.18	1.90711
-8.19	1.9052
-8.2	1.9033
-8.21	1.9014
-8.22	1.89952
-8.23	1.89764
-8.24	1.89577
-8.25	1.8939
-8.26	1.89205
-8.27	1.8902
-8.28	1.88836
-8.29	1.88652
-8.3	1.88469
-8.31	1.88287
-8.32	1.88106
-8.33	1.87926
-8.34	1.87746
-8.35	1.87567
-8.36	1.87389
-8.37	1.87211
-8.38	1.87034
-8.39	1.86858
-8.4	1.86682
-8.41	1.86507
-8.42	1.86333
-8.43	1.8616
-8.44	1.85987
-8.45	1.85815
-8.46	1.85643
-8.47	1.85472
-8.48	1.85302
-8.49	1.85133
-8.5	1.84964
-8.51	1.84796
-8.52	1.84628
-8.53	1.84461
-8.54	1.84295
-8.55	1.84129
-8.56	1.83964
-8.57	1.838
-8.58	1.83636
-8.59	1.83473
-8.6	1.83311
-8.61	1.83149
-8.62	1.82988
-8.63	1.82827
-8.64	1.82667
-8.65	1.82507
-8.66	1.82349
-8.67	1.8219
-8.68	1.82033
-8.69	1.81875
-8.7	1.81719
-8.71	1.81563
-8.72	1.81408
-8.73	1.81253
-8.74	1.81099
-8.75	1.80945
-8.76	1.80792
-8.77	1.80639
-8.78	1.80488
-8.79	1.80336
-8.8	1.80185
-8.81	1.80035
-8.82	1.79885
-8.83	1.79736
-8.84	1.79587
-8.85	1.79439
-8.86	1.79292
-8.87	1.79145
-8.88	1.78998
-8.89	1.78852
-8.9	1.78707
-8.91	1.78562
-8.92	1.78417
-8.93	1.78273
-8.94	1.7813
-8.95	1.77987
-8.96	1.77844
-8.97	1.77703
-8.98	1.77561
-8.99	1.7742
-9	1.7728
-9.01	1.7714
-9.02	1.77001
-9.03	1.76862
-9.04	1.76723
-9.05	1.76585
-9.06	1.76448
-9.07	1.76311
-9.08	1.76174
-9.09	1.76038
-9.1	1.75903
-9.11	1.75767
-9.12	1.75633
-9.13	1.75499
-9.14	1.75365
-9.15	1.75232
-9.16	1.75099
-9.17	1.74967
-9.18	1.74835
-9.19	1.74703
-9.2	1.74572
-9.21	1.74442
-9.22	1.74311
-9.23	1.74182
-9.24	1.74053
-9.25	1.73924
-9.26	1.73795
-9.27	1.73667
-9.28	1.7354
-9.29	1.73413
-9.3	1.73286
-9.31	1.7316
-9.32	1.73034
-9.33	1.72909
-9.34	1.72784
-9.35	1.72659
-9.36	1.72535
-9.37	1.72411
-9.38	1.72288
-9.39	1.72165
-9.4	1.72043
-9.41	1.71921
-9.42	1.71799
-9.43	1.71678
-9.44	1.71557
-9.45	1.71436
-9.46	1.71316
-9.47	1.71196
-9.48	1.71077
-9.49	1.70958
-9.5	1.70839
-9.51	1.70721
-9.52	1.70603
-9.53	1.70486
-9.54	1.70369
-9.55	1.70252
-9.56	1.70136
-9.57	1.7002
-9.58	1.69905
-9.59	1.69789
-9.6	1.69675
-9.61	1.6956
-9.62	1.69446
-9.63	1.69332
-9.64	1.69219
-9.65	1.69106
-9.66	1.68993
-9.67	1.68881
-9.68	1.68769
-9.69	1.68657
-9.7	1.68546
-9.71	1.68435
-9.72	1.68325
-9.73	1.68215
-9.74	1.68105
-9.75	1.67995
-9.76	1.67886
-9.77	1.67777
-9.78	1.67669
-9.79	1.67561
-9.8	1.67453
-9.81	1.67345
-9.82	1.67238
-9.83	1.67131
-9.84	1.67025
-9.85	1.66919
-9.86	1.66813
-9.87	1.66707
-9.88	1.66602
-9.89	1.66497
-9.9	1.66393
-9.91	1.66288
-9.92	1.66184
-9.93	1.66081
-9.94	1.65978
-9.95	1.65875
-9.96	1.65772
-9.97	1.6567
-9.98	1.65567
-9.99	1.65466
-10	1.65364
-10.01	1.65263
-10.02	1.65162
-10.03	1.65062
-10.04	1.64962
-10.05	1.64862
-10.06	1.64762
-10.07	1.64663
-10.08	1.64564
-10.09	1.64465
-10.1	1.64366
-10.11	1.64268
-10.12	1.6417
-10.13	1.64073
-10.14	1.63975
-10.15	1.63878
-10.16	1.63782
-10.17	1.63685
-10.18	1.63589
-10.19	1.63493
-10.2	1.63397
-10.21	1.63302
-10.22	1.63207
-10.23	1.63112
-10.24	1.63018
-10.25	1.62924
-10.26	1.6283
-10.27	1.62736
-10.28	1.62643
-10.29	1.62549
-10.3	1.62456
-10.31	1.62364
-10.32	1.62271
-10.33	1.62179
-10.34	1.62088
-10.35	1.61996
-10.36	1.61905
-10.37	1.61814
-10.38	1.61723
-10.39	1.61632
-10.4	1.61542
-10.41	1.61452
-10.42	1.61362
-10.43	1.61273
-10.44	1.61184
-10.45	1.61095
-10.46	1.61006
-10.47	1.60917
-10.48	1.60829
-10.49	1.60741
-10.5	1.60653
-10.51	1.60566
-10.52	1.60479
-10.53	1.60391
-10.54	1.60305
-10.55	1.60218
-10.56	1.60132
-10.57	1.60046
-10.58	1.5996
-10.59	1.59874
-10.6	1.59789
-10.61	1.59704
-10.62	1.59619
-10.63	1.59534
-10.64	1.5945
-10.65	1.59366
-10.66	1.59282
-10.67	1.59198
-10.68	1.59115
-10.69	1.59031
-10.7	1.58948
-10.71	1.58865
-10.72	1.58783
-10.73	1.587
-10.74	1.58618
-10.75	1.58536
-10.76	1.58455
-10.77	1.58373
-10.78	1.58292
-10.79	1.58211
-10.8	1.5813
-10.81	1.58049
-10.82	1.57969
-10.83	1.57889
-10.84	1.57809
-10.85	1.57729
-10.86	1.57649
-10.87	1.5757
-10.88	1.57491
-10.89	1.57412
-10.9	1.57333
-10.91	1.57255
-10.92	1.57177
-10.93	1.57099
-10.94	1.57021
-10.95	1.56943
-10.96	1.56866
-10.97	1.56788
-10.98	1.56711
-10.99	1.56634
-11	1.56558
-11.01	1.56481
-11.02	1.56405
-11.03	1.56329
-11.04	1.56253
-11.05	1.56177
-11.06	1.56102
-11.07	1.56027
-11.08	1.55952
-11.09	1.55877
-11.1	1.55802
-11.11	1.55727
-11.12	1.55653
-11.13	1.55579
-11.14	1.55505
-11.15	1.55431
-11.16	1.55358
-11.17	1.55284
-11.18	1.55211
-11.19	1.55138
-11.2	1.55066
-11.21	1.54993
-11.22	1.5492
-11.23	1.54848
-11.24	1.54776
-11.25	1.54704
-11.26	1.54633
-11.27	1.54561
-11.28	1.5449
-11.29	1.54419
-11.3	1.54348
-11.31	1.54277
-11.32	1.54206
-11.33	1.54136
-11.34	1.54066
-11.35	1.53995
-11.36	1.53926
-11.37	1.53856
-11.38	1.53786
-11.39	1.53717
-11.4	1.53648
-11.41	1.53579
-11.42	1.5351
-11.43	1.53441
-11.44	1.53372
-11.45	1.53304
-11.46	1.53236
-11.47	1.53168
-11.48	1.531
-11.49	1.53032
-11.5	1.52965
-11.51	1.52897
-11.52	1.5283
-11.53	1.52763
-11.54	1.52696
-11.55	1.5263
-11.56	1.52563
-11.57	1.52497
-11.58	1.5243
-11.59	1.52364
-11.6	1.52298
-11.61	1.52233
-11.62	1.52167
-11.63	1.52102
-11.64	1.52036
-11.65	1.51971
-11.66	1.51906
-11.67	1.51842
-11.68	1.51777
-11.69	1.51713
-11.7	1.51648
-11.71	1.51584
-11.72	1.5152
-11.73	1.51456
-11.74	1.51392
-11.75	1.51329
-11.76	1.51265
-11.77	1.51202
-11.78	1.51139
-11.79	1.51076
-11.8	1.51013
-11.81	1.50951
-11.82	1.50888
-11.83	1.50826
-11.84	1.50764
-11.85	1.50701
-11.86	1.5064
-11.87	1.50578
-11.88	1.50516
-11.89	1.50455
-11.9	1.50393
-11.91	1.50332
-11.92	1.50271
-11.93	1.5021
-11.94	1.50149
-11.95	1.50089
-11.96	1.50028
-11.97	1.49968
-11.98	1.49908
-11.99	1.49848
-12	1.49788
-12.01	1.49728
-12.02	1.49668
-12.03	1.49609
-12.04	1.49549
-12.05	1.4949
-12.06	1.49431
-12.07	1.49372
-12.08	1.49313
-12.09	1.49255
-12.1	1.49196
-12.11	1.49138
-12.12	1.49079
-12.13	1.49021
-12.14	1.48963
-12.15	1.48905
-12.16	1.48847
-12.17	1.4879
-12.18	1.48732
-12.19	1.48675
-12.2	1.48618
-12.21	1.48561
-12.22	1.48504
-12.23	1.48447
-12.24	1.4839
-12.25	1.48333
-12.26	1.48277
-12.27	1.48221
-12.28	1.48164
-12.29	1.48108
-12.3	1.48052
-12.31	1.47996
-12.32	1.47941
-12.33	1.47885
-12.34	1.4783
-12.35	1.47774
-12.36	1.47719
-12.37	1.47664
-12.38	1.47609
-12.39	1.47554
-12.4	1.47499
-12.41	1.47445
-12.42	1.4739
-12.43	1.47336
-12.44	1.47282
-12.45	1.47228
-12.46	1.47174
-12.47	1.4712
-12.48	1.47066
-12.49	1.47012
-12.5	1.46959
-12.51	1.46905
-12.52	1.46852
-12.53	1.46799
-12.54	1.46746
-12.55	1.46693
-12.56	1.4664
-12.57	1.46587
-12.58	1.46535
-12.59	1.46482
-12.6	1.4643
-12.61	1.46377
-12.62	1.46325
-12.63	1.46273
-12.64	1.46221
-12.65	1.46169
-12.66	1.46118
-12.67	1.46066
-12.68	1.46015
-12.69	1.45963
-12.7	1.45912
-12.71	1.45861
-12.72	1.4581
-12.73	1.45759
-12.74	1.45708
-12.75	1.45657
-12.76	1.45607
-12.77	1.45556
-12.78	1.45506
-12.79	1.45456
-12.8	1.45405
-12.81	1.45355
-12.82	1.45305
-12.83	1.45255
-12.84	1.45206
-12.85	1.45156
-12.86	1.45106
-12.87	1.45057
-12.88	1.45008
-12.89	1.44958
-12.9	1.44909
-12.91	1.4486
-12.92	1.44811
-12.93	1.44763
-12.94	1.44714
-12.95	1.44665
-12.96	1.44617
-12.97	1.44568
-12.98	1.4452
-12.99	1.44472
-13	1.44424
-13.01	1.44376
-13.02	1.44328
-13.03	1.4428
-13.04	1.44232
-13.05	1.44185
-13.06	1.44137
-13.07	1.4409
-13.08	1.44042
-13.09	1.43995
-13.1	1.43948
-13.11	1.43901
-13.12	1.43854
-13.13	1.43807
-13.14	1.4376
-13.15	1.43714
-13.16	1.43667
-13.17	1.43621
-13.18	1.43574
-13.19	1.43528
-13.2	1.43482
-13.21	1.43436
-13.22	1.4339
-13.23	1.43344
-13.24	1.43298
-13.25	1.43252
-13.26	1.43207
-13.27	1.43161
-13.28	1.43116
-13.29	1.43071
-13.3	1.43025
-13.31	1.4298
-13.32	1.42935
-13.33	1.4289
-13.34	1.42845
-13.35	1.428
-13.36	1.42756
-13.37	1.42711
-13.38	1.42667
-13.39	1.42622
-13.4	1.42578
-13.41	1.42534
-13.42	1.42489
-13.43	1.42445
-13.44	1.42401
-13.45	1.42357
-13.46	1.42314
-13.47	1.4227
-13.48	1.42226
-13.49	1.42183
-13.5	1.42139
-13.51	1.42096
-13.52	1.42053
-13.53	1.42009
-13.54	1.41966
-13.55	1.41923
-13.56	1.4188
-13.57	1.41837
-13.58	1.41795
-13.59	1.41752
-13.6	1.41709
-13.61	1.41667
-13.62	1.41624
-13.63	1.41582
-13.64	1.4154
-13.65	1.41497
-13.66	1.41455
-13.67	1.41413
-13.68	1.41371
-13.69	1.41329
-13.7	1.41288
-13.71	1.41246
-13.72	1.41204
-13.73	1.41163
-13.74	1.41121
-13.75	1.4108
-13.76	1.41038
-13.77	1.40997
-13.78	1.40956
-13.79	1.40915
-13.8	1.40874
-13.81	1.40833
-13.82	1.40792
-13.83	1.40751
-13.84	1.40711
-13.85	1.4067
-13.86	1.4063
-13.87	1.40589
-13.88	1.40549
-13.89	1.40509
-13.9	1.40468
-13.91	1.40428
-13.92	1.40388
-13.93	1.40348
-13.94	1.40308
-13.95	1.40268
-13.96	1.40229
-13.97	1.40189
-13.98	1.40149
-13.99	1.4011
-14	1.4007
-14.01	1.40031
-14.02	1.39992
-14.03	1.39952
-14.04	1.39913
-14.05	1.39874
-14.06	1.39835
-14.07	1.39796
-14.08	1.39757
-14.09	1.39718
-14.1	1.3968
-14.11	1.39641
-14.12	1.39602
-14.13	1.39564
-14.14	1.39525
-14.15	1.39487
-14.16	1.39449
-14.17	1.39411
-14.18	1.39372
-14.19	1.39334
-14.2	1.39296
-14.21	1.39258
-14.22	1.3922
-14.23	1.39183
-14.24	1.39145
-14.25	1.39107
-14.26	1.3907
-14.27	1.39032
-14.28	1.38995
-14.29	1.38957
-14.3	1.3892
-14.31	1.38883
-14.32	1.38846
-14.33	1.38808
-14.34	1.38771
-14.35	1.38734
-14.36	1.38698
-14.37	1.38661
-14.38	1.38624
-14.39	1.38587
-14.4	1.38551
-14.41	1.38514
-14.42	1.38477
-14.43	1.38441
-14.44	1.38405
-14.45	1.38368
-14.46	1.38332
-14.47	1.38296
-14.48	1.3826
-14.49	1.38224
-14.5	1.38188
-14.51	1.38152
-14.52	1.38116
-14.53	1.3808
-14.54	1.38044
-14.55	1.38009
-14.56	1.37973
-14.57	1.37938
-14.58	1.37902
-14.59	1.37867
-14.6	1.37831
-14.61	1.37796
-14.62	1.37761
-14.63	1.37726
-14.64	1.37691
-14.65	1.37656
-14.66	1.37621
-14.67	1.37586
-14.68	1.37551
-14.69	1.37516
-14.7	1.37481
-14.71	1.37447
-14.72	1.37412
-14.73	1.37378
-14.74	1.37343
-14.75	1.37309
-14.76	1.37274
-14.77	1.3724
-14.78	1.37206
-14.79	1.37172
-14.8	1.37138
-14.81	1.37103
-14.82	1.37069
-14.83	1.37036
-14.84	1.37002
-14.85	1.36968
-14.86	1.36934
-14.87	1.369
-14.88	1.36867
-14.89	1.36833
-14.9	1.368
-14.91	1.36766
-14.92	1.36733
-14.93	1.36699
-14.94	1.36666
-14.95	1.36633
-14.96	1.366
-14.97	1.36567
-14.98	1.36534
-14.99	1.36501
-15	1.36468
-15.01	1.36435
-15.02	1.36402
-15.03	1.36369
-15.04	1.36336
-15.05	1.36304
-15.06	1.36271
-15.07	1.36239
-15.08	1.36206
-15.09	1.36174
-15.1	1.36141
-15.11	1.36109
-15.12	1.36077
-15.13	1.36044
-15.14	1.36012
-15.15	1.3598
-15.16	1.35948
-15.17	1.35916
-15.18	1.35884
-15.19	1.35852
-15.2	1.3582
-15.21	1.35789
-15.22	1.35757
-15.23	1.35725
-15.24	1.35694
-15.25	1.35662
-15.26	1.35631
-15.27	1.35599
-15.28	1.35568
-15.29	1.35536
-15.3	1.35505
-15.31	1.35474
-15.32	1.35443
-15.33	1.35411
-15.34	1.3538
-15.35	1.35349
-15.36	1.35318
-15.37	1.35287
-15.38	1.35256
-15.39	1.35226
-15.4	1.35195
-15.41	1.35164
-15.42	1.35133
-15.43	1.35103
-15.44	1.35072
-15.45	1.35042
-15.46	1.35011
-15.47	1.34981
-15.48	1.3495
-15.49	1.3492
-15.5	1.3489
-15.51	1.3486
-15.52	1.34829
-15.53	1.34799
-15.54	1.34769
-15.55	1.34739
-15.56	1.34709
-15.57	1.34679
-15.58	1.34649
-15.59	1.3462
-15.6	1.3459
-15.61	1.3456
-15.62	1.3453
-15.63	1.34501
-15.64	1.34471
-15.65	1.34442
-15.66	1.34412
-15.67	1.34383
-15.68	1.34353
-15.69	1.34324
-15.7	1.34295
-15.71	1.34265
-15.72	1.34236
-15.73	1.34207
-15.74	1.34178
-15.75	1.34149
-15.76	1.3412
-15.77	1.34091
-15.78	1.34062
-15.79	1.34033
-15.8	1.34004
-15.81	1.33976
-15.82	1.33947
-15.83	1.33918
-15.84	1.3389
-15.85	1.33861
-15.86	1.33832
-15.87	1.33804
-15.88	1.33775
-15.89	1.33747
-15.9	1.33719
-15.91	1.3369
-15.92	1.33662
-15.93	1.33634
-15.94	1.33606
-15.95	1.33578
-15.96	1.33549
-15.97	1.33521
-15.98	1.33493
-15.99	1.33465
-16	1.33437
-16.01	1.3341
-16.02	1.33382
-16.03	1.33354
-16.04	1.33326
-16.05	1.33299
-16.06	1.33271
-16.07	1.33243
-16.08	1.33216
-16.09	1.33188
-16.1	1.33161
-16.11	1.33133
-16.12	1.33106
-16.13	1.33079
-16.14	1.33051
-16.15	1.33024
-16.16	1.32997
-16.17	1.3297
-16.18	1.32943
-16.19	1.32915
-16.2	1.32888
-16.21	1.32861
-16.22	1.32834
-16.23	1.32808
-16.24	1.32781
-16.25	1.32754
-16.26	1.32727
-16.27	1.327
-16.28	1.32674
-16.29	1.32647
-16.3	1.3262
-16.31	1.32594
-16.32	1.32567
-16.33	1.32541
-16.34	1.32514
-16.35	1.32488
-16.36	1.32461
-16.37	1.32435
-16.38	1.32409
-16.39	1.32382
-16.4	1.32356
-16.41	1.3233
-16.42	1.32304
-16.43	1.32278
-16.44	1.32252
-16.45	1.32226
-16.46	1.322
-16.47	1.32174
-16.48	1.32148
-16.49	1.32122
-16.5	1.32096
-16.51	1.32071
-16.52	1.32045
-16.53	1.32019
-16.54	1.31993
-16.55	1.31968
-16.56	1.31942
-16.57	1.31917
-16.58	1.31891
-16.59	1.31866
-16.6	1.3184
-16.61	1.31815
-16.62	1.3179
-16.63	1.31764
-16.64	1.31739
-16.65	1.31714
-16.66	1.31689
-16.67	1.31663
-16.68	1.31638
-16.69	1.31613
-16.7	1.31588
-16.71	1.31563
-16.72	1.31538
-16.73	1.31513
-16.74	1.31488
-16.75	1.31463
-16.76	1.31439
-16.77	1.31414
-16.78	1.31389
-16.79	1.31364
-16.8	1.3134
-16.81	1.31315
-16.82	1.3129
-16.83	1.31266
-16.84	1.31241
-16.85	1.31217
-16.86	1.31192
-16.87	1.31168
-16.88	1.31144
-16.89	1.31119
-16.9	1.31095
-16.91	1.31071
-16.92	1.31047
-16.93	1.31022
-16.94	1.30998
-16.95	1.30974
-16.96	1.3095
-16.97	1.30926
-16.98	1.30902
-16.99	1.30878
-17	1.30854
-17.01	1.3083
-17.02	1.30806
-17.03	1.30782
-17.04	1.30759
-17.05	1.30735
-17.06	1.30711
-17.07	1.30687
-17.08	1.30664
-17.09	1.3064
-17.1	1.30616
-17.11	1.30593
-17.12	1.30569
-17.13	1.30546
-17.14	1.30522
-17.15	1.30499
-17.16	1.30476
-17.17	1.30452
-17.18	1.30429
-17.19	1.30406
-17.2	1.30382
-17.21	1.30359
-17.22	1.30336
-17.23	1.30313
-17.24	1.3029
-17.25	1.30267
-17.26	1.30243
-17.27	1.3022
-17.28	1.30197
-17.29	1.30174
-17.3	1.30152
-17.31	1.30129
-17.32	1.30106
-17.33	1.30083
-17.34	1.3006
-17.35	1.30037
-17.36	1.30015
-17.37	1.29992
-17.38	1.29969
-17.39	1.29947
-17.4	1.29924
-17.41	1.29902
-17.42	1.29879
-17.43	1.29857
-17.44	1.29834
-17.45	1.29812
-17.46	1.29789
-17.47	1.29767
-17.48	1.29745
-17.49	1.29722
-17.5	1.297
-17.51	1.29678
-17.52	1.29656
-17.53	1.29633
-17.54	1.29611
-17.55	1.29589
-17.56	1.29567
-17.57	1.29545
-17.58	1.29523
-17.59	1.29501
-17.6	1.29479
-17.61	1.29457
-17.62	1.29435
-17.63	1.29413
-17.64	1.29391
-17.65	1.2937
-17.66	1.29348
-17.67	1.29326
-17.68	1.29304
-17.69	1.29283
-17.7	1.29261
-17.71	1.29239
-17.72	1.29218
-17.73	1.29196
-17.74	1.29175
-17.75	1.29153
-17.76	1.29132
-17.77	1.2911
-17.78	1.29089
-17.79	1.29068
-17.8	1.29046
-17.81	1.29025
-17.82	1.29004
-17.83	1.28982
-17.84	1.28961
-17.85	1.2894
-17.86	1.28919
-17.87	1.28898
-17.88	1.28876
-17.89	1.28855
-17.9	1.28834
-17.91	1.28813
-17.92	1.28792
-17.93	1.28771
-17.94	1.2875
-17.95	1.28729
-17.96	1.28709
-17.97	1.28688
-17.98	1.28667
-17.99	1.28646
-18	1.28625
-18.01	1.28605
-18.02	1.28584
-18.03	1.28563
-18.04	1.28543
-18.05	1.28522
-18.06	1.28501
-18.07	1.28481
-18.08	1.2846
-18.09	1.2844
-18.1	1.28419
-18.11	1.28399
-18.12	1.28378
-18.13	1.28358
-18.14	1.28338
-18.15	1.28317
-18.16	1.28297
-18.17	1.28277
-18.18	1.28256
-18.19	1.28236
-18.2	1.28216
-18.21	1.28196
-18.22	1.28176
-18.23	1.28155
-18.24	1.28135
-18.25	1.28115
-18.26	1.28095
-18.27	1.28075
-18.28	1.28055
-18.29	1.28035
-18.3	1.28015
-18.31	1.27995
-18.32	1.27975
-18.33	1.27956
-18.34	1.27936
-18.35	1.27916
-18.36	1.27896
-18.37	1.27876
-18.38	1.27857
-18.39	1.27837
-18.4	1.27817
-18.41	1.27798
-18.42	1.27778
-18.43	1.27758
-18.44	1.27739
-18.45	1.27719
-18.46	1.277
-18.47	1.2768
-18.48	1.27661
-18.49	1.27641
-18.5	1.27622
-18.51	1.27603
-18.52	1.27583
-18.53	1.27564
-18.54	1.27545
-18.55	1.27525
-18.56	1.27506
-18.57	1.27487
-18.58	1.27468
-18.59	1.27449
-18.6	1.27429
-18.61	1.2741
-18.62	1.27391
-18.63	1.27372
-18.64	1.27353
-18.65	1.27334
-18.66	1.27315
-18.67	1.27296
-18.68	1.27277
-18.69	1.27258
-18.7	1.27239
-18.71	1.2722
-18.72	1.27201
-18.73	1.27183
-18.74	1.27164
-18.75	1.27145
-18.76	1.27126
-18.77	1.27108
-18.78	1.27089
-18.79	1.2707
-18.8	1.27052
-18.81	1.27033
-18.82	1.27014
-18.83	1.26996
-18.84	1.26977
-18.85	1.26959
-18.86	1.2694
-18.87	1.26922
-18.88	1.26903
-18.89	1.26885
-18.9	1.26866
-18.91	1.26848
-18.92	1.26829
-18.93	1.26811
-18.94	1.26793
-18.95	1.26775
-18.96	1.26756
-18.97	1.26738
-18.98	1.2672
-18.99	1.26702
-19	1.26683
-19.01	1.26665
-19.02	1.26647
-19.03	1.26629
-19.04	1.26611
-19.05	1.26593
-19.06	1.26575
-19.07	1.26557
-19.08	1.26539
-19.09	1.26521
-19.1	1.26503
-19.11	1.26485
-19.12	1.26467
-19.13	1.26449
-19.14	1.26431
-19.15	1.26413
-19.16	1.26396
-19.17	1.26378
-19.18	1.2636
-19.19	1.26342
-19.2	1.26325
-19.21	1.26307
-19.22	1.26289
-19.23	1.26272
-19.24	1.26254
-19.25	1.26236
-19.26	1.26219
-19.27	1.26201
-19.28	1.26184
-19.29	1.26166
-19.3	1.26149
-19.31	1.26131
-19.32	1.26114
-19.33	1.26096
-19.34	1.26079
-19.35	1.26061
-19.36	1.26044
-19.37	1.26027
-19.38	1.26009
-19.39	1.25992
-19.4	1.25975
-19.41	1.25958
-19.42	1.2594
-19.43	1.25923
-19.44	1.25906
-19.45	1.25889
-19.46	1.25872
-19.47	1.25854
-19.48	1.25837
-19.49	1.2582
-19.5	1.25803
-19.51	1.25786
-19.52	1.25769
-19.53	1.25752
-19.54	1.25735
-19.55	1.25718
-19.56	1.25701
-19.57	1.25684
-19.58	1.25667
-19.59	1.25651
-19.6	1.25634
-19.61	1.25617
-19.62	1.256
-19.63	1.25583
-19.64	1.25567
-19.65	1.2555
-19.66	1.25533
-19.67	1.25516
-19.68	1.255
-19.69	1.25483
-19.7	1.25466
-19.71	1.2545
-19.72	1.25433
-19.73	1.25417
-19.74	1.254
-19.75	1.25383
-19.76	1.25367
-19.77	1.2535
-19.78	1.25334
-19.79	1.25317
-19.8	1.25301
-19.81	1.25285
-19.82	1.25268
-19.83	1.25252
-19.84	1.25235
-19.85	1.25219
-19.86	1.25203
-19.87	1.25186
-19.88	1.2517
-19.89	1.25154
-19.9	1.25138
-19.91	1.25121
-19.92	1.25105
-19.93	1.25089
-19.94	1.25073
-19.95	1.25057
-19.96	1.25041
-19.97	1.25024
-19.98	1.25008
-19.99	1.24992
-20	1.24976
-20.01	1.2496
-20.02	1.24944
-20.03	1.24928
-20.04	1.24912
-20.05	1.24896
-20.06	1.2488
-20.07	1.24864
-20.08	1.24849
-20.09	1.24833
-20.1	1.24817
-20.11	1.24801
-20.12	1.24785
-20.13	1.24769
-20.14	1.24754
-20.15	1.24738
-20.16	1.24722
-20.17	1.24706
-20.18	1.24691
-20.19	1.24675
-20.2	1.24659
-20.21	1.24644
-20.22	1.24628
-20.23	1.24612
-20.24	1.24597
-20.25	1.24581
-20.26	1.24566
-20.27	1.2455
-20.28	1.24535
-20.29	1.24519
-20.3	1.24504
-20.31	1.24488
-20.32	1.24473
-20.33	1.24457
-20.34	1.24442
-20.35	1.24427
-20.36	1.24411
-20.37	1.24396
-20.38	1.24381
-20.39	1.24365
-20.4	1.2435
-20.41	1.24335
-20.42	1.24319
-20.43	1.24304
-20.44	1.24289
-20.45	1.24274
-20.46	1.24259
-20.47	1.24243
-20.48	1.24228
-20.49	1.24213
-20.5	1.24198
-20.51	1.24183
-20.52	1.24168
-20.53	1.24153
-20.54	1.24138
-20.55	1.24123
-20.56	1.24108
-20.57	1.24093
-20.58	1.24078
-20.59	1.24063
-20.6	1.24048
-20.61	1.24033
-20.62	1.24018
-20.63	1.24003
-20.64	1.23988
-20.65	1.23973
-20.66	1.23958
-20.67	1.23944
-20.68	1.23929
-20.69	1.23914
-20.7	1.23899
-20.71	1.23884
-20.72	1.2387
-20.73	1.23855
-20.74	1.2384
-20.75	1.23826
-20.76	1.23811
-20.77	1.23796
-20.78	1.23782
-20.79	1.23767
-20.8	1.23752
-20.81	1.23738
-20.82	1.23723
-20.83	1.23709
-20.84	1.23694
-20.85	1.2368
-20.86	1.23665
-20.87	1.23651
-20.88	1.23636
-20.89	1.23622
-20.9	1.23607
-20.91	1.23593
-20.92	1.23579
-20.93	1.23564
-20.94	1.2355
-20.95	1.23535
-20.96	1.23521
-20.97	1.23507
-20.98	1.23493
-20.99	1.23478
-21	1.23464
-21.01	1.2345
-21.02	1.23435
-21.03	1.23421
-21.04	1.23407
-21.05	1.23393
-21.06	1.23379
-21.07	1.23365
-21.08	1.2335
-21.09	1.23336
-21.1	1.23322
-21.11	1.23308
-21.12	1.23294
-21.13	1.2328
-21.14	1.23266
-21.15	1.23252
-21.16	1.23238
-21.17	1.23224
-21.18	1.2321
-21.19	1.23196
-21.2	1.23182
-21.21	1.23168
-21.22	1.23154
-21.23	1.2314
-21.24	1.23126
-21.25	1.23112
-21.26	1.23099
-21.27	1.23085
-21.28	1.23071
-21.29	1.23057
-21.3	1.23043
-21.31	1.2303
-21.32	1.23016
-21.33	1.23002
-21.34	1.22988
-21.35	1.22975
-21.36	1.22961
-21.37	1.22947
-21.38	1.22934
-21.39	1.2292
-21.4	1.22906
-21.41	1.22893
-21.42	1.22879
-21.43	1.22865
-21.44	1.22852
-21.45	1.22838
-21.46	1.22825
-21.47	1.22811
-21.48	1.22798
-21.49	1.22784
-21.5	1.22771
-21.51	1.22757
-21.52	1.22744
-21.53	1.2273
-21.54	1.22717
-21.55	1.22704
-21.56	1.2269
-21.57	1.22677
-21.58	1.22663
-21.59	1.2265
-21.6	1.22637
-21.61	1.22623
-21.62	1.2261
-21.63	1.22597
-21.64	1.22584
-21.65	1.2257
-21.66	1.22557
-21.67	1.22544
-21.68	1.22531
-21.69	1.22517
-21.7	1.22504
-21.71	1.22491
-21.72	1.22478
-21.73	1.22465
-21.74	1.22452
-21.75	1.22438
-21.76	1.22425
-21.77	1.22412
-21.78	1.22399
-21.79	1.22386
-21.8	1.22373
-21.81	1.2236
-21.82	1.22347
-21.83	1.22334
-21.84	1.22321
-21.85	1.22308
-21.86	1.22295
-21.87	1.22282
-21.88	1.22269
-21.89	1.22256
-21.9	1.22243
-21.91	1.2223
-21.92	1.22218
-21.93	1.22205
-21.94	1.22192
-21.95	1.22179
-21.96	1.22166
-21.97	1.22153
-21.98	1.22141
-21.99	1.22128
-22	1.22115
-22.01	1.22102
-22.02	1.22089
-22.03	1.22077
-22.04	1.22064
-22.05	1.22051
-22.06	1.22039
-22.07	1.22026
-22.08	1.22013
-22.09	1.22001
-22.1	1.21988
-22.11	1.21975
-22.12	1.21963
-22.13	1.2195
-22.14	1.21938
-22.15	1.21925
-22.16	1.21913
-22.17	1.219
-22.18	1.21888
-22.19	1.21875
-22.2	1.21862
-22.21	1.2185
-22.22	1.21838
-22.23	1.21825
-22.24	1.21813
-22.25	1.218
-22.26	1.21788
-22.27	1.21775
-22.28	1.21763
-22.29	1.21751
-22.3	1.21738
-22.31	1.21726
-22.32	1.21714
-22.33	1.21701
-22.34	1.21689
-22.35	1.21677
-22.36	1.21664
-22.37	1.21652
-22.38	1.2164
-22.39	1.21628
-22.4	1.21615
-22.41	1.21603
-22.42	1.21591
-22.43	1.21579
-22.44	1.21567
-22.45	1.21554
-22.46	1.21542
-22.47	1.2153
-22.48	1.21518
-22.49	1.21506
-22.5	1.21494
-22.51	1.21482
-22.52	1.2147
-22.53	1.21457
-22.54	1.21445
-22.55	1.21433
-22.56	1.21421
-22.57	1.21409
-22.58	1.21397
-22.59	1.21385
-22.6	1.21373
-22.61	1.21361
-22.62	1.21349
-22.63	1.21337
-22.64	1.21326
-22.65	1.21314
-22.66	1.21302
-22.67	1.2129
-22.68	1.21278
-22.69	1.21266
-22.7	1.21254
-22.71	1.21242
-22.72	1.21231
-22.73	1.21219
-22.74	1.21207
-22.75	1.21195
-22.76	1.21183
-22.77	1.21172
-22.78	1.2116
-22.79	1.21148
-22.8	1.21136
-22.81	1.21125
-22.82	1.21113
-22.83	1.21101
-22.84	1.2109
-22.85	1.21078
-22.86	1.21066
-22.87	1.21055
-22.88	1.21043
-22.89	1.21031
-22.9	1.2102
-22.91	1.21008
-22.92	1.20997
-22.93	1.20985
-22.94	1.20973
-22.95	1.20962
-22.96	1.2095
-22.97	1.20939
-22.98	1.20927
-22.99	1.20916
-23	1.20904
-23.01	1.20893
-23.02	1.20881
-23.03	1.2087
-23.04	1.20858
-23.05	1.20847
-23.06	1.20836
-23.07	1.20824
-23.08	1.20813
-23.09	1.20801
-23.1	1.2079
-23.11	1.20779
-23.12	1.20767
-23.13	1.20756
-23.14	1.20745
-23.15	1.20733
-23.16	1.20722
-23.17	1.20711
-23.18	1.20699
-23.19	1.20688
-23.2	1.20677
-23.21	1.20666
-23.22	1.20654
-23.23	1.20643
-23.24	1.20632
-23.25	1.20621
-23.26	1.2061
-23.27	1.20598
-23.28	1.20587
-23.29	1.20576
-23.3	1.20565
-23.31	1.20554
-23.32	1.20543
-23.33	1.20532
-23.34	1.2052
-23.35	1.20509
-23.36	1.20498
-23.37	1.20487
-23.38	1.20476
-23.39	1.20465
-23.4	1.20454
-23.41	1.20443
-23.42	1.20432
-23.43	1.20421
-23.44	1.2041
-23.45	1.20399
-23.46	1.20388
-23.47	1.20377
-23.48	1.20366
-23.49	1.20355
-23.5	1.20344
-23.51	1.20333
-23.52	1.20323
-23.53	1.20312
-23.54	1.20301
-23.55	1.2029
-23.56	1.20279
-23.57	1.20268
-23.58	1.20257
-23.59	1.20246
-23.6	1.20236
-23.61	1.20225
-23.62	1.20214
-23.63	1.20203
-23.64	1.20193
-23.65	1.20182
-23.66	1.20171
-23.67	1.2016
-23.68	1.2015
-23.69	1.20139
-23.7	1.20128
-23.71	1.20117
-23.72	1.20107
-23.73	1.20096
-23.74	1.20085
-23.75	1.20075
-23.76	1.20064
-23.77	1.20053
-23.78	1.20043
-23.79	1.20032
-23.8	1.20022
-23.81	1.20011
-23.82	1.2
-23.83	1.1999
-23.84	1.19979
-23.85	1.19969
-23.86	1.19958
-23.87	1.19948
-23.88	1.19937
-23.89	1.19927
-23.9	1.19916
-23.91	1.19906
-23.92	1.19895
-23.93	1.19885
-23.94	1.19874
-23.95	1.19864
-23.96	1.19853
-23.97	1.19843
-23.98	1.19832
-23.99	1.19822
-24	1.19812
-24.01	1.19801
-24.02	1.19791
-24.03	1.19781
-24.04	1.1977
-24.05	1.1976
-24.06	1.19749
-24.07	1.19739
-24.08	1.19729
-24.09	1.19719
-24.1	1.19708
-24.11	1.19698
-24.12	1.19688
-24.13	1.19677
-24.14	1.19667
-24.15	1.19657
-24.16	1.19647
-24.17	1.19636
-24.18	1.19626
-24.19	1.19616
-24.2	1.19606
-24.21	1.19596
-24.22	1.19585
-24.23	1.19575
-24.24	1.19565
-24.25	1.19555
-24.26	1.19545
-24.27	1.19535
-24.28	1.19525
-24.29	1.19514
-24.3	1.19504
-24.31	1.19494
-24.32	1.19484
-24.33	1.19474
-24.34	1.19464
-24.35	1.19454
-24.36	1.19444
-24.37	1.19434
-24.38	1.19424
-24.39	1.19414
-24.4	1.19404
-24.41	1.19394
-24.42	1.19384
-24.43	1.19374
-24.44	1.19364
-24.45	1.19354
-24.46	1.19344
-24.47	1.19334
-24.48	1.19324
-24.49	1.19314
-24.5	1.19304
-24.51	1.19294
-24.52	1.19285
-24.53	1.19275
-24.54	1.19265
-24.55	1.19255
-24.56	1.19245
-24.57	1.19235
-24.58	1.19225
-24.59	1.19216
-24.6	1.19206
-24.61	1.19196
-24.62	1.19186
-24.63	1.19176
-24.64	1.19167
-24.65	1.19157
-24.66	1.19147
-24.67	1.19137
-24.68	1.19128
-24.69	1.19118
-24.7	1.19108
-24.71	1.19098
-24.72	1.19089
-24.73	1.19079
-24.74	1.19069
-24.75	1.1906
-24.76	1.1905
-24.77	1.1904
-24.78	1.19031
-24.79	1.19021
-24.8	1.19011
-24.81	1.19002
-24.82	1.18992
-24.83	1.18983
-24.84	1.18973
-24.85	1.18963
-24.86	1.18954
-24.87	1.18944
-24.88	1.18935
-24.89	1.18925
-24.9	1.18916
-24.91	1.18906
-24.92	1.18897
-24.93	1.18887
-24.94	1.18878
-24.95	1.18868
-24.96	1.18859
-24.97	1.18849
-24.98	1.1884
-24.99	1.1883
-25	1.18821
-25.01	1.18811
-25.02	1.18802
-25.03	1.18792
-25.04	1.18783
-25.05	1.18774
-25.06	1.18764
-25.07	1.18755
-25.08	1.18745
-25.09	1.18736
-25.1	1.18727
-25.11	1.18717
-25.12	1.18708
-25.13	1.18699
-25.14	1.18689
-25.15	1.1868
-25.16	1.18671
-25.17	1.18661
-25.18	1.18652
-25.19	1.18643
-25.2	1.18633
-25.21	1.18624
-25.22	1.18615
-25.23	1.18606
-25.24	1.18596
-25.25	1.18587
-25.26	1.18578
-25.27	1.18569
-25.28	1.1856
-25.29	1.1855
-25.3	1.18541
-25.31	1.18532
-25.32	1.18523
-25.33	1.18514
-25.34	1.18504
-25.35	1.18495
-25.36	1.18486
-25.37	1.18477
-25.38	1.18468
-25.39	1.18459
-25.4	1.1845
-25.41	1.18441
-25.42	1.18431
-25.43	1.18422
-25.44	1.18413
-25.45	1.18404
-25.46	1.18395
-25.47	1.18386
-25.48	1.18377
-25.49	1.18368
-25.5	1.18359
-25.51	1.1835
-25.52	1.18341
-25.53	1.18332
-25.54	1.18323
-25.55	1.18314
-25.56	1.18305
-25.57	1.18296
-25.58	1.18287
-25.59	1.18278
-25.6	1.18269
-25.61	1.1826
-25.62	1.18251
-25.63	1.18242
-25.64	1.18233
-25.65	1.18225
-25.66	1.18216
-25.67	1.18207
-25.68	1.18198
-25.69	1.18189
-25.7	1.1818
-25.71	1.18171
-25.72	1.18162
-25.73	1.18154
-25.74	1.18145
-25.75	1.18136
-25.76	1.18127
-25.77	1.18118
-25.78	1.1811
-25.79	1.18101
-25.8	1.18092
-25.81	1.18083
-25.82	1.18074
-25.83	1.18066
-25.84	1.18057
-25.85	1.18048
-25.86	1.18039
-25.87	1.18031
-25.88	1.18022
-25.89	1.18013
-25.9	1.18005
-25.91	1.17996
-25.92	1.17987
-25.93	1.17978
-25.94	1.1797
-25.95	1.17961
-25.96	1.17952
-25.97	1.17944
-25.98	1.17935
-25.99	1.17926
-26	1.17918
-26.01	1.17909
-26.02	1.17901
-26.03	1.17892
-26.04	1.17883
-26.05	1.17875
-26.06	1.17866
-26.07	1.17858
-26.08	1.17849
-26.09	1.17841
-26.1	1.17832
-26.11	1.17823
-26.12	1.17815
-26.13	1.17806
-26.14	1.17798
-26.15	1.17789
-26.16	1.17781
-26.17	1.17772
-26.18	1.17764
-26.19	1.17755
-26.2	1.17747
-26.21	1.17738
-26.22	1.1773
-26.23	1.17721
-26.24	1.17713
-26.25	1.17705
-26.26	1.17696
-26.27	1.17688
-26.28	1.17679
-26.29	1.17671
-26.3	1.17662
-26.31	1.17654
-26.32	1.17646
-26.33	1.17637
-26.34	1.17629
-26.35	1.17621
-26.36	1.17612
-26.37	1.17604
-26.38	1.17595
-26.39	1.17587
-26.4	1.17579
-26.41	1.1757
-26.42	1.17562
-26.43	1.17554
-26.44	1.17546
-26.45	1.17537
-26.46	1.17529
-26.47	1.17521
-26.48	1.17512
-26.49	1.17504
-26.5	1.17496
-26.51	1.17488
-26.52	1.17479
-26.53	1.17471
-26.54	1.17463
-26.55	1.17455
-26.56	1.17446
-26.57	1.17438
-26.58	1.1743
-26.59	1.17422
-26.6	1.17414
-26.61	1.17406
-26.62	1.17397
-26.63	1.17389
-26.64	1.17381
-26.65	1.17373
-26.66	1.17365
-26.67	1.17357
-26.68	1.17348
-26.69	1.1734
-26.7	1.17332
-26.71	1.17324
-26.72	1.17316
-26.73	1.17308
-26.74	1.173
-26.75	1.17292
-26.76	1.17284
-26.77	1.17276
-26.78	1.17268
-26.79	1.17259
-26.8	1.17251
-26.81	1.17243
-26.82	1.17235
-26.83	1.17227
-26.84	1.17219
-26.85	1.17211
-26.86	1.17203
-26.87	1.17195
-26.88	1.17187
-26.89	1.17179
-26.9	1.17171
-26.91	1.17163
-26.92	1.17155
-26.93	1.17147
-26.94	1.17139
-26.95	1.17132
-26.96	1.17124
-26.97	1.17116
-26.98	1.17108
-26.99	1.171
-27	1.17092
-27.01	1.17084
-27.02	1.17076
-27.03	1.17068
-27.04	1.1706
-27.05	1.17052
-27.06	1.17045
-27.07	1.17037
-27.08	1.17029
-27.09	1.17021
-27.1	1.17013
-27.11	1.17005
-27.12	1.16997
-27.13	1.1699
-27.14	1.16982
-27.15	1.16974
-27.16	1.16966
-27.17	1.16958
-27.18	1.16951
-27.19	1.16943
-27.2	1.16935
-27.21	1.16927
-27.22	1.1692
-27.23	1.16912
-27.24	1.16904
-27.25	1.16896
-27.26	1.16889
-27.27	1.16881
-27.28	1.16873
-27.29	1.16865
-27.3	1.16858
-27.31	1.1685
-27.32	1.16842
-27.33	1.16835
-27.34	1.16827
-27.35	1.16819
-27.36	1.16812
-27.37	1.16804
-27.38	1.16796
-27.39	1.16789
-27.4	1.16781
-27.41	1.16773
-27.42	1.16766
-27.43	1.16758
-27.44	1.1675
-27.45	1.16743
-27.46	1.16735
-27.47	1.16728
-27.48	1.1672
-27.49	1.16712
-27.5	1.16705
-27.51	1.16697
-27.52	1.1669
-27.53	1.16682
-27.54	1.16674
-27.55	1.16667
-27.56	1.16659
-27.57	1.16652
-27.58	1.16644
-27.59	1.16637
-27.6	1.16629
-27.61	1.16622
-27.62	1.16614
-27.63	1.16607
-27.64	1.16599
-27.65	1.16592
-27.66	1.16584
-27.67	1.16577
-27.68	1.16569
-27.69	1.16562
-27.7	1.16554
-27.71	1.16547
-27.72	1.16539
-27.73	1.16532
-27.74	1.16525
-27.75	1.16517
-27.76	1.1651
-27.77	1.16502
-27.78	1.16495
-27.79	1.16488
-27.8	1.1648
-27.81	1.16473
-27.82	1.16465
-27.83	1.16458
-27.84	1.16451
-27.85	1.16443
-27.86	1.16436
-27.87	1.16429
-27.88	1.16421
-27.89	1.16414
-27.9	1.16406
-27.91	1.16399
-27.92	1.16392
-27.93	1.16384
-27.94	1.16377
-27.95	1.1637
-27.96	1.16363
-27.97	1.16355
-27.98	1.16348
-27.99	1.16341
-28	1.16333
-28.01	1.16326
-28.02	1.16319
-28.03	1.16312
-28.04	1.16304
-28.05	1.16297
-28.06	1.1629
-28.07	1.16283
-28.08	1.16275
-28.09	1.16268
-28.1	1.16261
-28.11	1.16254
-28.12	1.16247
-28.13	1.16239
-28.14	1.16232
-28.15	1.16225
-28.16	1.16218
-28.17	1.16211
-28.18	1.16203
-28.19	1.16196
-28.2	1.16189
-28.21	1.16182
-28.22	1.16175
-28.23	1.16168
-28.24	1.16161
-28.25	1.16153
-28.26	1.16146
-28.27	1.16139
-28.28	1.16132
-28.29	1.16125
-28.3	1.16118
-28.31	1.16111
-28.32	1.16104
-28.33	1.16097
-28.34	1.16089
-28.35	1.16082
-28.36	1.16075
-28.37	1.16068
-28.38	1.16061
-28.39	1.16054
-28.4	1.16047
-28.41	1.1604
-28.42	1.16033
-28.43	1.16026
-28.44	1.16019
-28.45	1.16012
-28.46	1.16005
-28.47	1.15998
-28.48	1.15991
-28.49	1.15984
-28.5	1.15977
-28.51	1.1597
-28.52	1.15963
-28.53	1.15956
-28.54	1.15949
-28.55	1.15942
-28.56	1.15935
-28.57	1.15928
-28.58	1.15921
-28.59	1.15914
-28.6	1.15907
-28.61	1.159
-28.62	1.15894
-28.63	1.15887
-28.64	1.1588
-28.65	1.15873
-28.66	1.15866
-28.67	1.15859
-28.68	1.15852
-28.69	1.15845
-28.7	1.15838
-28.71	1.15831
-28.72	1.15825
-28.73	1.15818
-28.74	1.15811
-28.75	1.15804
-28.76	1.15797
-28.77	1.1579
-28.78	1.15784
-28.79	1.15777
-28.8	1.1577
-28.81	1.15763
-28.82	1.15756
-28.83	1.15749
-28.84	1.15743
-28.85	1.15736
-28.86	1.15729
-28.87	1.15722
-28.88	1.15715
-28.89	1.15709
-28.9	1.15702
-28.91	1.15695
-28.92	1.15688
-28.93	1.15682
-28.94	1.15675
-28.95	1.15668
-28.96	1.15661
-28.97	1.15655
-28.98	1.15648
-28.99	1.15641
-29	1.15635
-29.01	1.15628
-29.02	1.15621
-29.03	1.15614
-29.04	1.15608
-29.05	1.15601
-29.06	1.15594
-29.07	1.15588
-29.08	1.15581
-29.09	1.15574
-29.1	1.15568
-29.11	1.15561
-29.12	1.15554
-29.13	1.15548
-29.14	1.15541
-29.15	1.15534
-29.16	1.15528
-29.17	1.15521
-29.18	1.15514
-29.19	1.15508
-29.2	1.15501
-29.21	1.15495
-29.22	1.15488
-29.23	1.15481
-29.24	1.15475
-29.25	1.15468
-29.26	1.15462
-29.27	1.15455
-29.28	1.15449
-29.29	1.15442
-29.3	1.15435
-29.31	1.15429
-29.32	1.15422
-29.33	1.15416
-29.34	1.15409
-29.35	1.15403
-29.36	1.15396
-29.37	1.1539
-29.38	1.15383
-29.39	1.15377
-29.4	1.1537
-29.41	1.15364
-29.42	1.15357
-29.43	1.15351
-29.44	1.15344
-29.45	1.15338
-29.46	1.15331
-29.47	1.15325
-29.48	1.15318
-29.49	1.15312
-29.5	1.15305
-29.51	1.15299
-29.52	1.15292
-29.53	1.15286
-29.54	1.15279
-29.55	1.15273
-29.56	1.15267
-29.57	1.1526
-29.58	1.15254
-29.59	1.15247
-29.6	1.15241
-29.61	1.15234
-29.62	1.15228
-29.63	1.15222
-29.64	1.15215
-29.65	1.15209
-29.66	1.15203
-29.67	1.15196
-29.68	1.1519
-29.69	1.15183
-29.7	1.15177
-29.71	1.15171
-29.72	1.15164
-29.73	1.15158
-29.74	1.15152
-29.75	1.15145
-29.76	1.15139
-29.77	1.15133
-29.78	1.15126
-29.79	1.1512
-29.8	1.15114
-29.81	1.15107
-29.82	1.15101
-29.83	1.15095
-29.84	1.15088
-29.85	1.15082
-29.86	1.15076
-29.87	1.1507
-29.88	1.15063
-29.89	1.15057
-29.9	1.15051
-29.91	1.15045
-29.92	1.15038
-29.93	1.15032
-29.94	1.15026
-29.95	1.1502
-29.96	1.15013
-29.97	1.15007
-29.98	1.15001
-29.99	1.14995
-30	1.14988
