x	y
30	0.847912
29.99	0.847949
29.98	0.847987
29.97	0.848024
29.96	0.848062
29.95	0.848099
29.94	0.848137
29.93	0.848174
29.92	0.848212
29.91	0.848249
29.9	0.848287
29.89	0.848324
29.88	0.848362
29.87	0.8484
29.86	0.848438
29.85	0.848475
29.84	0.848513
29.83	0.848551
29.82	0.848589
29.81	0.848627
29.8	0.848665
29.79	0.848702
29.78	0.84874
29.77	0.848778
29.76	0.848816
29.75	0.848854
29.74	0.848893
29.73	0.848931
29.72	0.848969
29.71	0.849007
29.7	0.849045
29.69	0.849083
29.68	0.849122
29.67	0.84916
29.66	0.849198
29.65	0.849236
29.64	0.849275
29.63	0.849313
29.62	0.849352
29.61	0.84939
29.6	0.849428
29.59	0.849467
29.58	0.849506
29.57	0.849544
29.56	0.849583
29.55	0.849621
29.54	0.84966
29.53	0.849699
29.52	0.849737
29.51	0.849776
29.5	0.849815
29.49	0.849854
29.48	0.849892
29.47	0.849931
29.46	0.84997
29.45	0.850009
29.44	0.850048
29.43	0.850087
29.42	0.850126
29.41	0.850165
29.4	0.850204
29.39	0.850243
29.38	0.850282
29.37	0.850321
29.36	0.850361
29.35	0.8504
29.34	0.850439
29.33	0.850478
29.32	0.850518
29.31	0.850557
29.3	0.850596
29.29	0.850636
29.28	0.850675
29.27	0.850715
29.26	0.850754
29.25	0.850793
29.24	0.850833
29.23	0.850873
29.22	0.850912
29.21	0.850952
29.2	0.850991
29.19	0.851031
29.18	0.851071
29.17	0.851111
29.16	0.85115
29.15	0.85119
29.14	0.85123
29.13	0.85127
29.12	0.85131
29.11	0.85135
29.1	0.85139
29.09	0.85143
29.08	0.85147
29.07	0.85151
29.06	0.85155
29.05	0.85159
29.04	0.85163
29.03	0.85167
29.02	0.85171
29.01	0.851751
29	0.851791
28.99	0.851831
28.98	0.851872
28.97	0.851912
28.96	0.851952
28.95	0.851993
28.94	0.852033
28.93	0.852074
28.92	0.852114
28.91	0.852155
28.9	0.852195
28.89	0.852236
28.88	0.852277
28.87	0.852317
28.86	0.852358
28.85	0.852399
28.84	0.85244
28.83	0.85248
28.82	0.852521
28.81	0.852562
28.8	0.852603
28.79	0.852644
28.78	0.852685
28.77	0.852726
28.76	0.852767
28.75	0.852808
28.74	0.852849
28.73	0.85289
28.72	0.852931
28.71	0.852972
28.7	0.853014
28.69	0.853055
28.68	0.853096
28.67	0.853137
28.66	0.853179
28.65	0.85322
28.64	0.853262
28.63	0.853303
28.62	0.853345
28.61	0.853386
28.6	0.853428
28.59	0.853469
28.58	0.853511
28.57	0.853552
28.56	0.853594
28.55	0.853636
28.54	0.853678
28.53	0.853719
28.52	0.853761
28.51	0.853803
28.5	0.853845
28.49	0.853887
28.48	0.853929
28.47	0.853971
28.46	0.854013
28.45	0.854055
28.44	0.854097
28.43	0.854139
28.42	0.854181
28.41	0.854223
28.4	0.854265
28.39	0.854307
28.38	0.85435
28.37	0.854392
28.36	0.854434
28.35	0.854477
28.34	0.854519
28.33	0.854562
28.32	0.854604
28.31	0.854647
28.3	0.854689
28.29	0.854732
28.28	0.854774
28.27	0.854817
28.26	0.85486
28.25	0.854902
28.24	0.854945
28.23	0.854988
28.22	0.855031
28.21	0.855073
28.2	0.855116
28.19	0.855159
28.18	0.855202
28.17	0.855245
28.16	0.855288
28.15	0.855331
28.14	0.855374
28.13	0.855417
28.12	0.85546
28.11	0.855504
28.1	0.855547
28.09	0.85559
28.08	0.855633
28.07	0.855677
28.06	0.85572
28.05	0.855763
28.04	0.855807
28.03	0.85585
28.02	0.855894
28.01	0.855937
28	0.855981
27.99	0.856024
27.98	0.856068
27.97	0.856112
27.96	0.856155
27.95	0.856199
27.94	0.856243
27.93	0.856287
27.92	0.856331
27.91	0.856374
27.9	0.856418
27.89	0.856462
27.88	0.856506
27.87	0.85655
27.86	0.856594
27.85	0.856638
27.84	0.856682
27.83	0.856727
27.82	0.856771
27.81	0.856815
27.8	0.856859
27.79	0.856904
27.78	0.856948
27.77	0.856992
27.76	0.857037
27.75	0.857081
27.74	0.857126
27.73	0.85717
27.72	0.857215
27.71	0.857259
27.7	0.857304
27.69	0.857349
27.68	0.857393
27.67	0.857438
27.66	0.857483
27.65	0.857528
27.64	0.857572
27.63	0.857617
27.62	0.857662
27.61	0.857707
27.6	0.857752
27.59	0.857797
27.58	0.857842
27.57	0.857887
27.56	0.857933
27.55	0.857978
27.54	0.858023
27.53	0.858068
27.52	0.858113
27.51	0.858159
27.5	0.858204
27.49	0.858249
27.48	0.858295
27.47	0.85834
27.46	0.858386
27.45	0.858431
27.44	0.858477
27.43	0.858523
27.42	0.858568
27.41	0.858614
27.4	0.85866
27.39	0.858705
27.38	0.858751
27.37	0.858797
27.36	0.858843
27.35	0.858889
27.34	0.858935
27.33	0.858981
27.32	0.859027
27.31	0.859073
27.3	0.859119
27.29	0.859165
27.28	0.859211
27.27	0.859258
27.26	0.859304
27.25	0.85935
27.24	0.859396
27.23	0.859443
27.22	0.859489
27.21	0.859536
27.2	0.859582
27.19	0.859629
27.18	0.859675
27.17	0.859722
27.16	0.859769
27.15	0.859815
27.14	0.859862
27.13	0.859909
27.12	0.859955
27.11	0.860002
27.1	0.860049
27.09	0.860096
27.08	0.860143
27.07	0.86019
27.06	0.860237
27.05	0.860284
27.04	0.860331
27.03	0.860378
27.02	0.860426
27.01	0.860473
27	0.86052
26.99	0.860567
26.98	0.860615
26.97	0.860662
26.96	0.86071
26.95	0.860757
26.94	0.860805
26.93	0.860852
26.92	0.8609
26.91	0.860947
26.9	0.860995
26.89	0.861043
26.88	0.86109
26.87	0.861138
26.86	0.861186
26.85	0.861234
26.84	0.861282
26.83	0.86133
26.82	0.861378
26.81	0.861426
26.8	0.861474
26.79	0.861522
26.78	0.86157
26.77	0.861618
26.76	0.861666
26.75	0.861715
26.74	0.861763
26.73	0.861811
26.72	0.86186
26.71	0.861908
26.7	0.861957
26.69	0.862005
26.68	0.862054
26.67	0.862102
26.66	0.862151
26.65	0.8622
26.64	0.862248
26.63	0.862297
26.62	0.862346
26.61	0.862395
26.6	0.862444
26.59	0.862493
26.58	0.862541
26.57	0.862591
26.56	0.86264
26.55	0.862689
26.54	0.862738
26.53	0.862787
26.52	0.862836
26.51	0.862885
26.5	0.862935
26.49	0.862984
26.48	0.863033
26.47	0.863083
26.46	0.863132
26.45	0.863182
26.44	0.863231
26.43	0.863281
26.42	0.863331
26.41	0.86338
26.4	0.86343
26.39	0.86348
26.38	0.86353
26.37	0.86358
26.36	0.863629
26.35	0.863679
26.34	0.863729
26.33	0.863779
26.32	0.863829
26.31	0.86388
26.3	0.86393
26.29	0.86398
26.28	0.86403
26.27	0.86408
26.26	0.864131
26.25	0.864181
26.24	0.864231
26.23	0.864282
26.22	0.864332
26.21	0.864383
26.2	0.864434
26.19	0.864484
26.18	0.864535
26.17	0.864586
26.16	0.864636
26.15	0.864687
26.14	0.864738
26.13	0.864789
26.12	0.86484
26.11	0.864891
26.1	0.864942
26.09	0.864993
26.08	0.865044
26.07	0.865095
26.06	0.865146
26.05	0.865198
26.04	0.865249
26.03	0.8653
26.02	0.865352
26.01	0.865403
26	0.865454
25.99	0.865506
25.98	0.865558
25.97	0.865609
25.96	0.865661
25.95	0.865713
25.94	0.865764
25.93	0.865816
25.92	0.865868
25.91	0.86592
25.9	0.865972
25.89	0.866024
25.88	0.866076
25.87	0.866128
25.86	0.86618
25.85	0.866232
25.84	0.866284
25.83	0.866336
25.82	0.866389
25.81	0.866441
25.8	0.866493
25.79	0.866546
25.78	0.866598
25.77	0.866651
25.76	0.866703
25.75	0.866756
25.74	0.866809
25.73	0.866861
25.72	0.866914
25.71	0.866967
25.7	0.86702
25.69	0.867073
25.68	0.867125
25.67	0.867178
25.66	0.867231
25.65	0.867285
25.64	0.867338
25.63	0.867391
25.62	0.867444
25.61	0.867497
25.6	0.867551
25.59	0.867604
25.58	0.867657
25.57	0.867711
25.56	0.867764
25.55	0.867818
25.54	0.867871
25.53	0.867925
25.52	0.867979
25.51	0.868033
25.5	0.868086
25.49	0.86814
25.48	0.868194
25.47	0.868248
25.46	0.868302
25.45	0.868356
25.44	0.86841
25.43	0.868464
25.42	0.868518
25.41	0.868572
25.4	0.868627
25.39	0.868681
25.38	0.868735
25.37	0.86879
25.36	0.868844
25.35	0.868899
25.34	0.868953
25.33	0.869008
25.32	0.869063
25.31	0.869117
25.3	0.869172
25.29	0.869227
25.28	0.869282
25.27	0.869337
25.26	0.869392
25.25	0.869447
25.24	0.869502
25.23	0.869557
25.22	0.869612
25.21	0.869667
25.2	0.869722
25.19	0.869778
25.18	0.869833
25.17	0.869888
25.16	0.869944
25.15	0.869999
25.14	0.870055
25.13	0.87011
25.12	0.870166
25.11	0.870222
25.1	0.870278
25.09	0.870333
25.08	0.870389
25.07	0.870445
25.06	0.870501
25.05	0.870557
25.04	0.870613
25.03	0.870669
25.02	0.870725
25.01	0.870782
25	0.870838
24.99	0.870894
24.98	0.87095
24.97	0.871007
24.96	0.871063
24.95	0.87112
24.94	0.871176
24.93	0.871233
24.92	0.87129
24.91	0.871346
24.9	0.871403
24.89	0.87146
24.88	0.871517
24.87	0.871574
24.86	0.871631
24.85	0.871688
24.84	0.871745
24.83	0.871802
24.82	0.871859
24.81	0.871916
24.8	0.871974
24.79	0.872031
24.78	0.872088
24.77	0.872146
24.76	0.872203
24.75	0.872261
24.74	0.872319
24.73	0.872376
24.72	0.872434
24.71	0.872492
24.7	0.87255
24.69	0.872607
24.68	0.872665
24.67	0.872723
24.66	0.872781
24.65	0.87284
24.64	0.872898
24.63	0.872956
24.62	0.873014
24.61	0.873072
24.6	0.873131
24.59	0.873189
24.58	0.873248
24.57	0.873306
24.56	0.873365
24.55	0.873423
24.54	0.873482
24.53	0.873541
24.52	0.8736
24.51	0.873658
24.5	0.873717
24.49	0.873776
24.48	0.873835
24.47	0.873894
24.46	0.873954
24.45	0.874013
24.44	0.874072
24.43	0.874131
24.42	0.874191
24.41	0.87425
24.4	0.874309
24.39	0.874369
24.38	0.874428
24.37	0.874488
24.36	0.874548
24.35	0.874608
24.34	0.874667
24.33	0.874727
24.32	0.874787
24.31	0.874847
24.3	0.874907
24.29	0.874967
24.28	0.875027
24.27	0.875087
24.26	0.875148
24.25	0.875208
24.24	0.875268
24.23	0.875329
24.22	0.875389
24.21	0.87545
24.2	0.87551
24.19	0.875571
24.18	0.875632
24.17	0.875692
24.16	0.875753
24.15	0.875814
24.14	0.875875
24.13	0.875936
24.12	0.875997
24.11	0.876058
24.1	0.876119
24.09	0.87618
24.08	0.876242
24.07	0.876303
24.06	0.876364
24.05	0.876426
24.04	0.876487
24.03	0.876549
24.02	0.876611
24.01	0.876672
24	0.876734
23.99	0.876796
23.98	0.876858
23.97	0.87692
23.96	0.876982
23.95	0.877044
23.94	0.877106
23.93	0.877168
23.92	0.87723
23.91	0.877292
23.9	0.877355
23.89	0.877417
23.88	0.87748
23.87	0.877542
23.86	0.877605
23.85	0.877667
23.84	0.87773
23.83	0.877793
23.82	0.877856
23.81	0.877918
23.8	0.877981
23.79	0.878044
23.78	0.878107
23.77	0.878171
23.76	0.878234
23.75	0.878297
23.74	0.87836
23.73	0.878424
23.72	0.878487
23.71	0.878551
23.7	0.878614
23.69	0.878678
23.68	0.878741
23.67	0.878805
23.66	0.878869
23.65	0.878933
23.64	0.878997
23.63	0.879061
23.62	0.879125
23.61	0.879189
23.6	0.879253
23.59	0.879317
23.58	0.879381
23.57	0.879446
23.56	0.87951
23.55	0.879575
23.54	0.879639
23.53	0.879704
23.52	0.879768
23.51	0.879833
23.5	0.879898
23.49	0.879963
23.48	0.880028
23.47	0.880093
23.46	0.880158
23.45	0.880223
23.44	0.880288
23.43	0.880353
23.42	0.880419
23.41	0.880484
23.4	0.880549
23.39	0.880615
23.38	0.880681
23.37	0.880746
23.36	0.880812
23.35	0.880878
23.34	0.880943
23.33	0.881009
23.32	0.881075
23.31	0.881141
23.3	0.881207
23.29	0.881273
23.28	0.88134
23.27	0.881406
23.26	0.881472
23.25	0.881539
23.24	0.881605
23.23	0.881672
23.22	0.881738
23.21	0.881805
23.2	0.881872
23.19	0.881938
23.18	0.882005
23.17	0.882072
23.16	0.882139
23.15	0.882206
23.14	0.882273
23.13	0.882341
23.12	0.882408
23.11	0.882475
23.1	0.882543
23.09	0.88261
23.08	0.882678
23.07	0.882745
23.06	0.882813
23.05	0.882881
23.04	0.882948
23.03	0.883016
23.02	0.883084
23.01	0.883152
23	0.88322
22.99	0.883288
22.98	0.883357
22.97	0.883425
22.96	0.883493
22.95	0.883562
22.94	0.88363
22.93	0.883699
22.92	0.883767
22.91	0.883836
22.9	0.883905
22.89	0.883973
22.88	0.884042
22.87	0.884111
22.86	0.88418
22.85	0.88425
22.84	0.884319
22.83	0.884388
22.82	0.884457
22.81	0.884527
22.8	0.884596
22.79	0.884666
22.78	0.884735
22.77	0.884805
22.76	0.884875
22.75	0.884944
22.74	0.885014
22.73	0.885084
22.72	0.885154
22.71	0.885224
22.7	0.885294
22.69	0.885365
22.68	0.885435
22.67	0.885505
22.66	0.885576
22.65	0.885646
22.64	0.885717
22.63	0.885788
22.62	0.885858
22.61	0.885929
22.6	0.886
22.59	0.886071
22.58	0.886142
22.57	0.886213
22.56	0.886284
22.55	0.886355
22.54	0.886427
22.53	0.886498
22.52	0.88657
22.51	0.886641
22.5	0.886713
22.49	0.886784
22.48	0.886856
22.47	0.886928
22.46	0.887
22.45	0.887072
22.44	0.887144
22.43	0.887216
22.42	0.887288
22.41	0.887361
22.4	0.887433
22.39	0.887505
22.38	0.887578
22.37	0.88765
22.36	0.887723
22.35	0.887796
22.34	0.887869
22.33	0.887941
22.32	0.888014
22.31	0.888087
22.3	0.88816
22.29	0.888234
22.28	0.888307
22.27	0.88838
22.26	0.888454
22.25	0.888527
22.24	0.888601
22.23	0.888674
22.22	0.888748
22.21	0.888822
22.2	0.888896
22.19	0.88897
22.18	0.889044
22.17	0.889118
22.16	0.889192
22.15	0.889266
22.14	0.88934
22.13	0.889415
22.12	0.889489
22.11	0.889564
22.1	0.889638
22.09	0.889713
22.08	0.889788
22.07	0.889863
22.06	0.889938
22.05	0.890013
22.04	0.890088
22.03	0.890163
22.02	0.890238
22.01	0.890314
22	0.890389
21.99	0.890465
21.98	0.89054
21.97	0.890616
21.96	0.890692
21.95	0.890767
21.94	0.890843
21.93	0.890919
21.92	0.890995
21.91	0.891072
21.9	0.891148
21.89	0.891224
21.88	0.8913
21.87	0.891377
21.86	0.891454
21.85	0.89153
21.84	0.891607
21.83	0.891684
21.82	0.89176
21.81	0.891837
21.8	0.891914
21.79	0.891992
21.78	0.892069
21.77	0.892146
21.76	0.892223
21.75	0.892301
21.74	0.892378
21.73	0.892456
21.72	0.892534
21.71	0.892612
21.7	0.892689
21.69	0.892767
21.68	0.892845
21.67	0.892923
21.66	0.893002
21.65	0.89308
21.64	0.893158
21.63	0.893237
21.62	0.893315
21.61	0.893394
21.6	0.893473
21.59	0.893551
21.58	0.89363
21.57	0.893709
21.56	0.893788
21.55	0.893867
21.54	0.893947
21.53	0.894026
21.52	0.894105
21.51	0.894185
21.5	0.894264
21.49	0.894344
21.48	0.894424
21.47	0.894503
21.46	0.894583
21.45	0.894663
21.44	0.894743
21.43	0.894823
21.42	0.894904
21.41	0.894984
21.4	0.895065
21.39	0.895145
21.38	0.895226
21.37	0.895306
21.36	0.895387
21.35	0.895468
21.34	0.895549
21.33	0.89563
21.32	0.895711
21.31	0.895792
21.3	0.895874
21.29	0.895955
21.28	0.896036
21.27	0.896118
21.26	0.8962
21.25	0.896281
21.24	0.896363
21.23	0.896445
21.22	0.896527
21.21	0.896609
21.2	0.896691
21.19	0.896774
21.18	0.896856
21.17	0.896939
21.16	0.897021
21.15	0.897104
21.14	0.897187
21.13	0.897269
21.12	0.897352
21.11	0.897435
21.1	0.897518
21.09	0.897602
21.08	0.897685
21.07	0.897768
21.06	0.897852
21.05	0.897935
21.04	0.898019
21.03	0.898103
21.02	0.898187
21.01	0.89827
21	0.898355
20.99	0.898439
20.98	0.898523
20.97	0.898607
20.96	0.898692
20.95	0.898776
20.94	0.898861
20.93	0.898945
20.92	0.89903
20.91	0.899115
20.9	0.8992
20.89	0.899285
20.88	0.89937
20.87	0.899455
20.86	0.899541
20.85	0.899626
20.84	0.899712
20.83	0.899797
20.82	0.899883
20.81	0.899969
20.8	0.900055
20.79	0.900141
20.78	0.900227
20.77	0.900313
20.76	0.9004
20.75	0.900486
20.74	0.900573
20.73	0.900659
20.72	0.900746
20.71	0.900833
20.7	0.90092
20.69	0.901007
20.68	0.901094
20.67	0.901181
20.66	0.901268
20.65	0.901356
20.64	0.901443
20.63	0.901531
20.62	0.901618
20.61	0.901706
20.6	0.901794
20.59	0.901882
20.58	0.90197
20.57	0.902058
20.56	0.902147
20.55	0.902235
20.54	0.902323
20.53	0.902412
20.52	0.902501
20.51	0.902589
20.5	0.902678
20.49	0.902767
20.48	0.902856
20.47	0.902946
20.46	0.903035
20.45	0.903124
20.44	0.903214
20.43	0.903304
20.42	0.903393
20.41	0.903483
20.4	0.903573
20.39	0.903663
20.38	0.903753
20.37	0.903843
20.36	0.903934
20.35	0.904024
20.34	0.904115
20.33	0.904205
20.32	0.904296
20.31	0.904387
20.3	0.904478
20.29	0.904569
20.28	0.90466
20.27	0.904751
20.26	0.904843
20.25	0.904934
20.24	0.905026
20.23	0.905118
20.22	0.905209
20.21	0.905301
20.2	0.905393
20.19	0.905485
20.18	0.905578
20.17	0.90567
20.16	0.905762
20.15	0.905855
20.14	0.905948
20.13	0.90604
20.12	0.906133
20.11	0.906226
20.1	0.906319
20.09	0.906413
20.08	0.906506
20.07	0.906599
20.06	0.906693
20.05	0.906787
20.04	0.90688
20.03	0.906974
20.02	0.907068
20.01	0.907162
20	0.907256
19.99	0.907351
19.98	0.907445
19.97	0.90754
19.96	0.907634
19.95	0.907729
19.94	0.907824
19.93	0.907919
19.92	0.908014
19.91	0.908109
19.9	0.908204
19.89	0.9083
19.88	0.908395
19.87	0.908491
19.86	0.908587
19.85	0.908683
19.84	0.908779
19.83	0.908875
19.82	0.908971
19.81	0.909067
19.8	0.909164
19.79	0.90926
19.78	0.909357
19.77	0.909454
19.76	0.909551
19.75	0.909648
19.74	0.909745
19.73	0.909842
19.72	0.90994
19.71	0.910037
19.7	0.910135
19.69	0.910232
19.68	0.91033
19.67	0.910428
19.66	0.910526
19.65	0.910624
19.64	0.910723
19.63	0.910821
19.62	0.91092
19.61	0.911018
19.6	0.911117
19.59	0.911216
19.58	0.911315
19.57	0.911414
19.56	0.911514
19.55	0.911613
19.54	0.911712
19.53	0.911812
19.52	0.911912
19.51	0.912012
19.5	0.912112
19.49	0.912212
19.48	0.912312
19.47	0.912412
19.46	0.912513
19.45	0.912613
19.44	0.912714
19.43	0.912815
19.42	0.912916
19.41	0.913017
19.4	0.913118
19.39	0.913219
19.38	0.913321
19.37	0.913422
19.36	0.913524
19.35	0.913626
19.34	0.913728
19.33	0.91383
19.32	0.913932
19.31	0.914035
19.3	0.914137
19.29	0.91424
19.28	0.914342
19.27	0.914445
19.26	0.914548
19.25	0.914651
19.24	0.914754
19.23	0.914858
19.22	0.914961
19.21	0.915065
19.2	0.915168
19.19	0.915272
19.18	0.915376
19.17	0.91548
19.16	0.915585
19.15	0.915689
19.14	0.915793
19.13	0.915898
19.12	0.916003
19.11	0.916108
19.1	0.916213
19.09	0.916318
19.08	0.916423
19.07	0.916528
19.06	0.916634
19.05	0.91674
19.04	0.916845
19.03	0.916951
19.02	0.917057
19.01	0.917164
19	0.91727
18.99	0.917376
18.98	0.917483
18.97	0.91759
18.96	0.917696
18.95	0.917803
18.94	0.917911
18.93	0.918018
18.92	0.918125
18.91	0.918233
18.9	0.91834
18.89	0.918448
18.88	0.918556
18.87	0.918664
18.86	0.918772
18.85	0.918881
18.84	0.918989
18.83	0.919098
18.82	0.919207
18.81	0.919315
18.8	0.919424
18.79	0.919534
18.78	0.919643
18.77	0.919752
18.76	0.919862
18.75	0.919972
18.74	0.920081
18.73	0.920191
18.72	0.920302
18.71	0.920412
18.7	0.920522
18.69	0.920633
18.68	0.920744
18.67	0.920854
18.66	0.920965
18.65	0.921076
18.64	0.921188
18.63	0.921299
18.62	0.921411
18.61	0.921522
18.6	0.921634
18.59	0.921746
18.58	0.921858
18.57	0.921971
18.56	0.922083
18.55	0.922195
18.54	0.922308
18.53	0.922421
18.52	0.922534
18.51	0.922647
18.5	0.92276
18.49	0.922874
18.48	0.922987
18.47	0.923101
18.46	0.923215
18.45	0.923329
18.44	0.923443
18.43	0.923557
18.42	0.923672
18.41	0.923786
18.4	0.923901
18.39	0.924016
18.38	0.924131
18.37	0.924246
18.36	0.924362
18.35	0.924477
18.34	0.924593
18.33	0.924709
18.32	0.924825
18.31	0.924941
18.3	0.925057
18.29	0.925173
18.28	0.92529
18.27	0.925407
18.26	0.925523
18.25	0.92564
18.24	0.925758
18.23	0.925875
18.22	0.925992
18.21	0.92611
18.2	0.926228
18.19	0.926346
18.18	0.926464
18.17	0.926582
18.16	0.9267
18.15	0.926819
18.14	0.926938
18.13	0.927057
18.12	0.927176
18.11	0.927295
18.1	0.927414
18.09	0.927534
18.08	0.927653
18.07	0.927773
18.06	0.927893
18.05	0.928013
18.04	0.928133
18.03	0.928254
18.02	0.928375
18.01	0.928495
18	0.928616
17.99	0.928737
17.98	0.928859
17.97	0.92898
17.96	0.929102
17.95	0.929223
17.94	0.929345
17.93	0.929467
17.92	0.92959
17.91	0.929712
17.9	0.929834
17.89	0.929957
17.88	0.93008
17.87	0.930203
17.86	0.930326
17.85	0.93045
17.84	0.930573
17.83	0.930697
17.82	0.930821
17.81	0.930945
17.8	0.931069
17.79	0.931194
17.78	0.931318
17.77	0.931443
17.76	0.931568
17.75	0.931693
17.74	0.931818
17.73	0.931943
17.72	0.932069
17.71	0.932195
17.7	0.932321
17.69	0.932447
17.68	0.932573
17.67	0.932699
17.66	0.932826
17.65	0.932953
17.64	0.93308
17.63	0.933207
17.62	0.933334
17.61	0.933461
17.6	0.933589
17.59	0.933717
17.58	0.933845
17.57	0.933973
17.56	0.934101
17.55	0.93423
17.54	0.934359
17.53	0.934487
17.52	0.934616
17.51	0.934746
17.5	0.934875
17.49	0.935005
17.48	0.935134
17.47	0.935264
17.46	0.935394
17.45	0.935525
17.44	0.935655
17.43	0.935786
17.42	0.935917
17.41	0.936048
17.4	0.936179
17.39	0.93631
17.38	0.936442
17.37	0.936574
17.36	0.936705
17.35	0.936838
17.34	0.93697
17.33	0.937102
17.32	0.937235
17.31	0.937368
17.3	0.937501
17.29	0.937634
17.28	0.937767
17.27	0.937901
17.26	0.938035
17.25	0.938169
17.24	0.938303
17.23	0.938437
17.22	0.938572
17.21	0.938706
17.2	0.938841
17.19	0.938976
17.18	0.939112
17.17	0.939247
17.16	0.939383
17.15	0.939519
17.14	0.939655
17.13	0.939791
17.12	0.939927
17.11	0.940064
17.1	0.940201
17.09	0.940338
17.08	0.940475
17.07	0.940612
17.06	0.94075
17.05	0.940888
17.04	0.941026
17.03	0.941164
17.02	0.941302
17.01	0.941441
17	0.94158
16.99	0.941719
16.98	0.941858
16.97	0.941997
16.96	0.942137
16.95	0.942277
16.94	0.942417
16.93	0.942557
16.92	0.942697
16.91	0.942838
16.9	0.942978
16.89	0.943119
16.88	0.943261
16.87	0.943402
16.86	0.943543
16.85	0.943685
16.84	0.943827
16.83	0.943969
16.82	0.944112
16.81	0.944254
16.8	0.944397
16.79	0.94454
16.78	0.944683
16.77	0.944827
16.76	0.944971
16.75	0.945114
16.74	0.945258
16.73	0.945403
16.72	0.945547
16.71	0.945692
16.7	0.945837
16.69	0.945982
16.68	0.946127
16.67	0.946273
16.66	0.946418
16.65	0.946564
16.64	0.946711
16.63	0.946857
16.62	0.947004
16.61	0.94715
16.6	0.947297
16.59	0.947445
16.58	0.947592
16.57	0.94774
16.56	0.947888
16.55	0.948036
16.54	0.948184
16.53	0.948333
16.52	0.948481
16.51	0.94863
16.5	0.94878
16.49	0.948929
16.48	0.949079
16.47	0.949228
16.46	0.949379
16.45	0.949529
16.44	0.949679
16.43	0.94983
16.42	0.949981
16.41	0.950132
16.4	0.950284
16.39	0.950435
16.38	0.950587
16.37	0.950739
16.36	0.950892
16.35	0.951044
16.34	0.951197
16.33	0.95135
16.32	0.951503
16.31	0.951657
16.3	0.951811
16.29	0.951964
16.28	0.952119
16.27	0.952273
16.26	0.952428
16.25	0.952583
16.24	0.952738
16.23	0.952893
16.22	0.953048
16.21	0.953204
16.2	0.95336
16.19	0.953517
16.18	0.953673
16.17	0.95383
16.16	0.953987
16.15	0.954144
16.14	0.954301
16.13	0.954459
16.12	0.954617
16.11	0.954775
16.1	0.954934
16.09	0.955092
16.08	0.955251
16.07	0.95541
16.06	0.95557
16.05	0.955729
16.04	0.955889
16.03	0.956049
16.02	0.95621
16.01	0.95637
16	0.956531
15.99	0.956692
15.98	0.956854
15.97	0.957015
15.96	0.957177
15.95	0.957339
15.94	0.957501
15.93	0.957664
15.92	0.957827
15.91	0.95799
15.9	0.958153
15.89	0.958317
15.88	0.958481
15.87	0.958645
15.86	0.958809
15.85	0.958974
15.84	0.959139
15.83	0.959304
15.82	0.959469
15.81	0.959635
15.8	0.959801
15.79	0.959967
15.78	0.960133
15.77	0.9603
15.76	0.960467
15.75	0.960634
15.74	0.960801
15.73	0.960969
15.72	0.961137
15.71	0.961305
15.7	0.961474
15.69	0.961643
15.68	0.961812
15.67	0.961981
15.66	0.962151
15.65	0.96232
15.64	0.96249
15.63	0.962661
15.62	0.962831
15.61	0.963002
15.6	0.963174
15.59	0.963345
15.58	0.963517
15.57	0.963689
15.56	0.963861
15.55	0.964034
15.54	0.964206
15.53	0.964379
15.52	0.964553
15.51	0.964726
15.5	0.9649
15.49	0.965075
15.48	0.965249
15.47	0.965424
15.46	0.965599
15.45	0.965774
15.44	0.96595
15.43	0.966125
15.42	0.966302
15.41	0.966478
15.4	0.966655
15.39	0.966832
15.38	0.967009
15.37	0.967187
15.36	0.967364
15.35	0.967543
15.34	0.967721
15.33	0.9679
15.32	0.968079
15.31	0.968258
15.3	0.968438
15.29	0.968617
15.28	0.968798
15.27	0.968978
15.26	0.969159
15.25	0.96934
15.24	0.969521
15.23	0.969703
15.22	0.969885
15.21	0.970067
15.2	0.97025
15.19	0.970432
15.18	0.970616
15.17	0.970799
15.16	0.970983
15.15	0.971167
15.14	0.971351
15.13	0.971536
15.12	0.971721
15.11	0.971906
15.1	0.972091
15.09	0.972277
15.08	0.972463
15.07	0.97265
15.06	0.972836
15.05	0.973024
15.04	0.973211
15.03	0.973399
15.02	0.973587
15.01	0.973775
15	0.973964
14.99	0.974153
14.98	0.974342
14.97	0.974531
14.96	0.974721
14.95	0.974911
14.94	0.975102
14.93	0.975293
14.92	0.975484
14.91	0.975675
14.9	0.975867
14.89	0.976059
14.88	0.976252
14.87	0.976444
14.86	0.976637
14.85	0.976831
14.84	0.977025
14.83	0.977219
14.82	0.977413
14.81	0.977608
14.8	0.977803
14.79	0.977998
14.78	0.978194
14.77	0.97839
14.76	0.978586
14.75	0.978783
14.74	0.97898
14.73	0.979177
14.72	0.979375
14.71	0.979573
14.7	0.979771
14.69	0.97997
14.68	0.980169
14.67	0.980368
14.66	0.980568
14.65	0.980768
14.64	0.980969
14.63	0.981169
14.62	0.98137
14.61	0.981572
14.6	0.981774
14.59	0.981976
14.58	0.982178
14.57	0.982381
14.56	0.982584
14.55	0.982788
14.54	0.982992
14.53	0.983196
14.52	0.9834
14.51	0.983605
14.5	0.98381
14.49	0.984016
14.48	0.984222
14.47	0.984428
14.46	0.984635
14.45	0.984842
14.44	0.98505
14.43	0.985257
14.42	0.985466
14.41	0.985674
14.4	0.985883
14.39	0.986092
14.38	0.986302
14.37	0.986512
14.36	0.986722
14.35	0.986933
14.34	0.987144
14.33	0.987355
14.32	0.987567
14.31	0.987779
14.3	0.987992
14.29	0.988205
14.28	0.988418
14.27	0.988632
14.26	0.988846
14.25	0.98906
14.24	0.989275
14.23	0.98949
14.22	0.989706
14.21	0.989922
14.2	0.990138
14.19	0.990355
14.18	0.990572
14.17	0.990789
14.16	0.991007
14.15	0.991226
14.14	0.991444
14.13	0.991663
14.12	0.991883
14.11	0.992103
14.1	0.992323
14.09	0.992543
14.08	0.992764
14.07	0.992986
14.06	0.993208
14.05	0.99343
14.04	0.993652
14.03	0.993875
14.02	0.994099
14.01	0.994323
14	0.994547
13.99	0.994771
13.98	0.994997
13.97	0.995222
13.96	0.995448
13.95	0.995674
13.94	0.995901
13.93	0.996128
13.92	0.996355
13.91	0.996583
13.9	0.996812
13.89	0.99704
13.88	0.997269
13.87	0.997499
13.86	0.997729
13.85	0.997959
13.84	0.99819
13.83	0.998421
13.82	0.998653
13.81	0.998885
13.8	0.999118
13.79	0.999351
13.78	0.999584
13.77	0.999818
13.76	1.00005
13.75	1.00029
13.74	1.00052
13.73	1.00076
13.72	1.00099
13.71	1.00123
13.7	1.00147
13.69	1.0017
13.68	1.00194
13.67	1.00218
13.66	1.00242
13.65	1.00266
13.64	1.0029
13.63	1.00314
13.62	1.00338
13.61	1.00362
13.6	1.00386
13.59	1.0041
13.58	1.00434
13.57	1.00459
13.56	1.00483
13.55	1.00507
13.54	1.00532
13.53	1.00556
13.52	1.00581
13.51	1.00605
13.5	1.0063
13.49	1.00654
13.48	1.00679
13.47	1.00704
13.46	1.00729
13.45	1.00753
13.44	1.00778
13.43	1.00803
13.42	1.00828
13.41	1.00853
13.4	1.00878
13.39	1.00903
13.38	1.00929
13.37	1.00954
13.36	1.00979
13.35	1.01004
13.34	1.0103
13.33	1.01055
13.32	1.01081
13.31	1.01106
13.3	1.01132
13.29	1.01157
13.28	1.01183
13.27	1.01209
13.26	1.01234
13.25	1.0126
13.24	1.01286
13.23	1.01312
13.22	1.01338
13.21	1.01364
13.2	1.0139
13.19	1.01416
13.18	1.01442
13.17	1.01468
13.16	1.01494
13.15	1.01521
13.14	1.01547
13.13	1.01574
13.12	1.016
13.11	1.01626
13.1	1.01653
13.09	1.0168
13.08	1.01706
13.07	1.01733
13.06	1.0176
13.05	1.01787
13.04	1.01813
13.03	1.0184
13.02	1.01867
13.01	1.01894
13	1.01921
12.99	1.01949
12.98	1.01976
12.97	1.02003
12.96	1.0203
12.95	1.02058
12.94	1.02085
12.93	1.02113
12.92	1.0214
12.91	1.02168
12.9	1.02195
12.89	1.02223
12.88	1.02251
12.87	1.02279
12.86	1.02306
12.85	1.02334
12.84	1.02362
12.83	1.0239
12.82	1.02418
12.81	1.02447
12.8	1.02475
12.79	1.02503
12.78	1.02531
12.77	1.0256
12.76	1.02588
12.75	1.02617
12.74	1.02645
12.73	1.02674
12.72	1.02702
12.71	1.02731
12.7	1.0276
12.69	1.02789
12.68	1.02818
12.67	1.02846
12.66	1.02875
12.65	1.02905
12.64	1.02934
12.63	1.02963
12.62	1.02992
12.61	1.03021
12.6	1.03051
12.59	1.0308
12.58	1.0311
12.57	1.03139
12.56	1.03169
12.55	1.03199
12.54	1.03228
12.53	1.03258
12.52	1.03288
12.51	1.03318
12.5	1.03348
12.49	1.03378
12.48	1.03408
12.47	1.03438
12.46	1.03468
12.45	1.03499
12.44	1.03529
12.43	1.03559
12.42	1.0359
12.41	1.0362
12.4	1.03651
12.39	1.03682
12.38	1.03712
12.37	1.03743
12.36	1.03774
12.35	1.03805
12.34	1.03836
12.33	1.03867
12.32	1.03898
12.31	1.0393
12.3	1.03961
12.29	1.03992
12.28	1.04024
12.27	1.04055
12.26	1.04087
12.25	1.04118
12.24	1.0415
12.23	1.04182
12.22	1.04213
12.21	1.04245
12.2	1.04277
12.19	1.04309
12.18	1.04341
12.17	1.04373
12.16	1.04406
12.15	1.04438
12.14	1.0447
12.13	1.04503
12.12	1.04535
12.11	1.04568
12.1	1.046
12.09	1.04633
12.08	1.04666
12.07	1.04699
12.06	1.04732
12.05	1.04765
12.04	1.04798
12.03	1.04831
12.02	1.04864
12.01	1.04897
12	1.04931
11.99	1.04964
11.98	1.04998
11.97	1.05031
11.96	1.05065
11.95	1.05099
11.94	1.05133
11.93	1.05166
11.92	1.052
11.91	1.05234
11.9	1.05269
11.89	1.05303
11.88	1.05337
11.87	1.05371
11.86	1.05406
11.85	1.0544
11.84	1.05475
11.83	1.05509
11.82	1.05544
11.81	1.05579
11.8	1.05614
11.79	1.05649
11.78	1.05684
11.77	1.05719
11.76	1.05754
11.75	1.05789
11.74	1.05825
11.73	1.0586
11.72	1.05896
11.71	1.05931
11.7	1.05967
11.69	1.06003
11.68	1.06038
11.67	1.06074
11.66	1.0611
11.65	1.06146
11.64	1.06183
11.63	1.06219
11.62	1.06255
11.61	1.06292
11.6	1.06328
11.59	1.06365
11.58	1.06401
11.57	1.06438
11.56	1.06475
11.55	1.06512
11.54	1.06549
11.53	1.06586
11.52	1.06623
11.51	1.0666
11.5	1.06698
11.49	1.06735
11.48	1.06773
11.47	1.0681
11.46	1.06848
11.45	1.06886
11.44	1.06924
11.43	1.06962
11.42	1.07
11.41	1.07038
11.4	1.07076
11.39	1.07114
11.38	1.07153
11.37	1.07191
11.36	1.0723
11.35	1.07268
11.34	1.07307
11.33	1.07346
11.32	1.07385
11.31	1.07424
11.3	1.07463
11.29	1.07502
11.28	1.07542
11.27	1.07581
11.26	1.07621
11.25	1.0766
11.24	1.077
11.23	1.0774
11.22	1.0778
11.21	1.0782
11.2	1.0786
11.19	1.079
11.18	1.0794
11.17	1.07981
11.16	1.08021
11.15	1.08062
11.14	1.08102
11.13	1.08143
11.12	1.08184
11.11	1.08225
11.1	1.08266
11.09	1.08307
11.08	1.08348
11.07	1.0839
11.06	1.08431
11.05	1.08473
11.04	1.08514
11.03	1.08556
11.02	1.08598
11.01	1.0864
11	1.08682
10.99	1.08724
10.98	1.08767
10.97	1.08809
10.96	1.08851
10.95	1.08894
10.94	1.08937
10.93	1.0898
10.92	1.09023
10.91	1.09066
10.9	1.09109
10.89	1.09152
10.88	1.09195
10.87	1.09239
10.86	1.09282
10.85	1.09326
10.84	1.0937
10.83	1.09414
10.82	1.09458
10.81	1.09502
10.8	1.09546
10.79	1.0959
10.78	1.09635
10.77	1.09679
10.76	1.09724
10.75	1.09769
10.74	1.09814
10.73	1.09859
10.72	1.09904
10.71	1.09949
10.7	1.09994
10.69	1.1004
10.68	1.10086
10.67	1.10131
10.66	1.10177
10.65	1.10223
10.64	1.10269
10.63	1.10315
10.62	1.10362
10.61	1.10408
10.6	1.10455
10.59	1.10501
10.58	1.10548
10.57	1.10595
10.56	1.10642
10.55	1.10689
10.54	1.10736
10.53	1.10784
10.52	1.10831
10.51	1.10879
10.5	1.10927
10.49	1.10975
10.48	1.11023
10.47	1.11071
10.46	1.11119
10.45	1.11167
10.44	1.11216
10.43	1.11265
10.42	1.11313
10.41	1.11362
10.4	1.11411
10.39	1.1146
10.38	1.1151
10.37	1.11559
10.36	1.11609
10.35	1.11658
10.34	1.11708
10.33	1.11758
10.32	1.11808
10.31	1.11859
10.3	1.11909
10.29	1.11959
10.28	1.1201
10.27	1.12061
10.26	1.12112
10.25	1.12163
10.24	1.12214
10.23	1.12265
10.22	1.12317
10.21	1.12368
10.2	1.1242
10.19	1.12472
10.18	1.12524
10.17	1.12576
10.16	1.12628
10.15	1.12681
10.14	1.12734
10.13	1.12786
10.12	1.12839
10.11	1.12892
10.1	1.12945
10.09	1.12999
10.08	1.13052
10.07	1.13106
10.06	1.1316
10.05	1.13214
10.04	1.13268
10.03	1.13322
10.02	1.13376
10.01	1.13431
10	1.13485
9.99	1.1354
9.98	1.13595
9.97	1.1365
9.96	1.13706
9.95	1.13761
9.94	1.13817
9.93	1.13872
9.92	1.13928
9.91	1.13984
9.9	1.14041
9.89	1.14097
9.88	1.14154
9.87	1.1421
9.86	1.14267
9.85	1.14324
9.84	1.14381
9.83	1.14439
9.82	1.14496
9.81	1.14554
9.8	1.14612
9.79	1.1467
9.78	1.14728
9.77	1.14787
9.76	1.14845
9.75	1.14904
9.74	1.14963
9.73	1.15022
9.72	1.15081
9.71	1.1514
9.7	1.152
9.69	1.1526
9.68	1.15319
9.67	1.1538
9.66	1.1544
9.65	1.155
9.64	1.15561
9.63	1.15622
9.62	1.15683
9.61	1.15744
9.6	1.15805
9.59	1.15867
9.58	1.15928
9.57	1.1599
9.56	1.16052
9.55	1.16115
9.54	1.16177
9.53	1.1624
9.52	1.16302
9.51	1.16365
9.5	1.16429
9.49	1.16492
9.48	1.16556
9.47	1.16619
9.46	1.16683
9.45	1.16747
9.44	1.16812
9.43	1.16876
9.42	1.16941
9.41	1.17006
9.4	1.17071
9.39	1.17136
9.38	1.17202
9.37	1.17268
9.36	1.17334
9.35	1.174
9.34	1.17466
9.33	1.17533
9.32	1.17599
9.31	1.17666
9.3	1.17733
9.29	1.17801
9.28	1.17868
9.27	1.17936
9.26	1.18004
9.25	1.18072
9.24	1.18141
9.23	1.18209
9.22	1.18278
9.21	1.18347
9.2	1.18416
9.19	1.18486
9.18	1.18556
9.17	1.18626
9.16	1.18696
9.15	1.18766
9.14	1.18837
9.13	1.18908
9.12	1.18979
9.11	1.1905
9.1	1.19121
9.09	1.19193
9.08	1.19265
9.07	1.19337
9.06	1.1941
9.05	1.19482
9.04	1.19555
9.03	1.19628
9.02	1.19702
9.01	1.19775
9	1.19849
8.99	1.19923
8.98	1.19997
8.97	1.20072
8.96	1.20147
8.95	1.20222
8.94	1.20297
8.93	1.20373
8.92	1.20448
8.91	1.20524
8.9	1.20601
8.89	1.20677
8.88	1.20754
8.87	1.20831
8.86	1.20908
8.85	1.20986
8.84	1.21064
8.83	1.21142
8.82	1.2122
8.81	1.21298
8.8	1.21377
8.79	1.21456
8.78	1.21536
8.77	1.21615
8.76	1.21695
8.75	1.21775
8.74	1.21856
8.73	1.21937
8.72	1.22018
8.71	1.22099
8.7	1.2218
8.69	1.22262
8.68	1.22344
8.67	1.22427
8.66	1.22509
8.65	1.22592
8.64	1.22676
8.63	1.22759
8.62	1.22843
8.61	1.22927
8.6	1.23011
8.59	1.23096
8.58	1.23181
8.57	1.23266
8.56	1.23352
8.55	1.23438
8.54	1.23524
8.53	1.2361
8.52	1.23697
8.51	1.23784
8.5	1.23871
8.49	1.23959
8.48	1.24047
8.47	1.24135
8.46	1.24224
8.45	1.24313
8.44	1.24402
8.43	1.24491
8.42	1.24581
8.41	1.24672
8.4	1.24762
8.39	1.24853
8.38	1.24944
8.37	1.25035
8.36	1.25127
8.35	1.25219
8.34	1.25312
8.33	1.25405
8.32	1.25498
8.31	1.25591
8.3	1.25685
8.29	1.25779
8.28	1.25874
8.27	1.25969
8.26	1.26064
8.25	1.26159
8.24	1.26255
8.23	1.26352
8.22	1.26448
8.21	1.26545
8.2	1.26642
8.19	1.2674
8.18	1.26838
8.17	1.26937
8.16	1.27035
8.15	1.27134
8.14	1.27234
8.13	1.27334
8.12	1.27434
8.11	1.27535
8.1	1.27636
8.09	1.27737
8.08	1.27839
8.07	1.27941
8.06	1.28044
8.05	1.28147
8.04	1.2825
8.03	1.28354
8.02	1.28458
8.01	1.28562
8	1.28667
7.99	1.28773
7.98	1.28878
7.97	1.28984
7.96	1.29091
7.95	1.29198
7.94	1.29305
7.93	1.29413
7.92	1.29521
7.91	1.2963
7.9	1.29739
7.89	1.29849
7.88	1.29958
7.87	1.30069
7.86	1.3018
7.85	1.30291
7.84	1.30403
7.83	1.30515
7.82	1.30627
7.81	1.3074
7.8	1.30854
7.79	1.30968
7.78	1.31082
7.77	1.31197
7.76	1.31312
7.75	1.31428
7.74	1.31544
7.73	1.31661
7.72	1.31778
7.71	1.31895
7.7	1.32013
7.69	1.32132
7.68	1.32251
7.67	1.32371
7.66	1.32491
7.65	1.32611
7.64	1.32732
7.63	1.32854
7.62	1.32976
7.61	1.33098
7.6	1.33221
7.59	1.33345
7.58	1.33469
7.57	1.33594
7.56	1.33719
7.55	1.33844
7.54	1.3397
7.53	1.34097
7.52	1.34224
7.51	1.34352
7.5	1.3448
7.49	1.34609
7.48	1.34739
7.47	1.34868
7.46	1.34999
7.45	1.3513
7.44	1.35262
7.43	1.35394
7.42	1.35526
7.41	1.3566
7.4	1.35794
7.39	1.35928
7.38	1.36063
7.37	1.36199
7.36	1.36335
7.35	1.36472
7.34	1.36609
7.33	1.36747
7.32	1.36886
7.31	1.37025
7.3	1.37165
7.29	1.37305
7.28	1.37446
7.27	1.37588
7.26	1.3773
7.25	1.37873
7.24	1.38017
7.23	1.38161
7.22	1.38306
7.21	1.38452
7.2	1.38598
7.19	1.38745
7.18	1.38892
7.17	1.3904
7.16	1.39189
7.15	1.39339
7.14	1.39489
7.13	1.3964
7.12	1.39792
7.11	1.39944
7.1	1.40097
7.09	1.40251
7.08	1.40405
7.07	1.4056
7.06	1.40716
7.05	1.40873
7.04	1.4103
7.03	1.41188
7.02	1.41347
7.01	1.41506
7	1.41666
6.99	1.41827
6.98	1.41989
6.97	1.42152
6.96	1.42315
6.95	1.42479
6.94	1.42644
6.93	1.4281
6.92	1.42976
6.91	1.43144
6.9	1.43312
6.89	1.4348
6.88	1.4365
6.87	1.43821
6.86	1.43992
6.85	1.44164
6.84	1.44337
6.83	1.44511
6.82	1.44686
6.81	1.44861
6.8	1.45038
6.79	1.45215
6.78	1.45393
6.77	1.45573
6.76	1.45753
6.75	1.45933
6.74	1.46115
6.73	1.46298
6.72	1.46481
6.71	1.46666
6.7	1.46851
6.69	1.47038
6.68	1.47225
6.67	1.47414
6.66	1.47603
6.65	1.47793
6.64	1.47984
6.63	1.48176
6.62	1.4837
6.61	1.48564
6.6	1.48759
6.59	1.48955
6.58	1.49152
6.57	1.49351
6.56	1.4955
6.55	1.4975
6.54	1.49951
6.53	1.50154
6.52	1.50357
6.51	1.50562
6.5	1.50768
6.49	1.50974
6.48	1.51182
6.47	1.51391
6.46	1.51601
6.45	1.51812
6.44	1.52025
6.43	1.52238
6.42	1.52453
6.41	1.52669
6.4	1.52886
6.39	1.53104
6.38	1.53323
6.37	1.53544
6.36	1.53766
6.35	1.53989
6.34	1.54213
6.33	1.54438
6.32	1.54665
6.31	1.54893
6.3	1.55122
6.29	1.55353
6.28	1.55585
6.27	1.55818
6.26	1.56053
6.25	1.56288
6.24	1.56525
6.23	1.56764
6.22	1.57004
6.21	1.57245
6.2	1.57488
6.19	1.57732
6.18	1.57977
6.17	1.58224
6.16	1.58472
6.15	1.58722
6.14	1.58973
6.13	1.59226
6.12	1.5948
6.11	1.59736
6.1	1.59993
6.09	1.60252
6.08	1.60512
6.07	1.60774
6.06	1.61037
6.05	1.61302
6.04	1.61568
6.03	1.61837
6.02	1.62106
6.01	1.62378
6	1.62651
5.99	1.62925
5.98	1.63202
5.97	1.6348
5.96	1.6376
5.95	1.64041
5.94	1.64324
5.93	1.64609
5.92	1.64896
5.91	1.65185
5.9	1.65475
5.89	1.65767
5.88	1.66061
5.87	1.66357
5.86	1.66655
5.85	1.66955
5.84	1.67256
5.83	1.6756
5.82	1.67865
5.81	1.68173
5.8	1.68482
5.79	1.68794
5.78	1.69107
5.77	1.69423
5.76	1.6974
5.75	1.7006
5.74	1.70382
5.73	1.70706
5.72	1.71032
5.71	1.7136
5.7	1.7169
5.69	1.72023
5.68	1.72358
5.67	1.72695
5.66	1.73034
5.65	1.73376
5.64	1.7372
5.63	1.74067
5.62	1.74415
5.61	1.74766
5.6	1.7512
5.59	1.75476
5.58	1.75835
5.57	1.76196
5.56	1.76559
5.55	1.76925
5.54	1.77294
5.53	1.77665
5.52	1.78039
5.51	1.78415
5.5	1.78795
5.49	1.79177
5.48	1.79561
5.47	1.79949
5.46	1.80339
5.45	1.80732
5.44	1.81128
5.43	1.81527
5.42	1.81929
5.41	1.82334
5.4	1.82741
5.39	1.83152
5.38	1.83566
5.37	1.83983
5.36	1.84403
5.35	1.84826
5.34	1.85253
5.33	1.85682
5.32	1.86115
5.31	1.86552
5.3	1.86991
5.29	1.87434
5.28	1.87881
5.27	1.8833
5.26	1.88784
5.25	1.89241
5.24	1.89701
5.23	1.90166
5.22	1.90634
5.21	1.91105
5.2	1.9158
5.19	1.9206
5.18	1.92543
5.17	1.9303
5.16	1.9352
5.15	1.94015
5.14	1.94514
5.13	1.95017
5.12	1.95524
5.11	1.96036
5.1	1.96552
5.09	1.97071
5.08	1.97596
5.07	1.98124
5.06	1.98658
5.05	1.99195
5.04	1.99738
5.03	2.00285
5.02	2.00836
5.01	2.01393
5	2.01954
4.99	2.0252
4.98	2.03091
4.97	2.03667
4.96	2.04249
4.95	2.04835
4.94	2.05427
4.93	2.06024
4.92	2.06626
4.91	2.07234
4.9	2.07847
4.89	2.08466
4.88	2.0909
4.87	2.09721
4.86	2.10357
4.85	2.10999
4.84	2.11647
4.83	2.12301
4.82	2.12961
4.81	2.13628
4.8	2.14301
4.79	2.1498
4.78	2.15666
4.77	2.16359
4.76	2.17058
4.75	2.17764
4.74	2.18477
4.73	2.19197
4.72	2.19925
4.71	2.20659
4.7	2.21401
4.69	2.2215
4.68	2.22907
4.67	2.23672
4.66	2.24445
4.65	2.25225
4.64	2.26014
4.63	2.2681
4.62	2.27616
4.61	2.28429
4.6	2.29251
4.59	2.30082
4.58	2.30922
4.57	2.31771
4.56	2.3263
4.55	2.33497
4.54	2.34374
4.53	2.35261
4.52	2.36158
4.51	2.37064
4.5	2.37981
4.49	2.38908
4.48	2.39846
4.47	2.40794
4.46	2.41754
4.45	2.42724
4.44	2.43706
4.43	2.447
4.42	2.45705
4.41	2.46722
4.4	2.47751
4.39	2.48793
4.38	2.49848
4.37	2.50915
4.36	2.51995
4.35	2.53089
4.34	2.54197
4.33	2.55318
4.32	2.56454
4.31	2.57604
4.3	2.58769
4.29	2.5995
4.28	2.61145
4.27	2.62356
4.26	2.63584
4.25	2.64827
4.24	2.66088
4.23	2.67366
4.22	2.68661
4.21	2.69974
4.2	2.71305
4.19	2.72655
4.18	2.74024
4.17	2.75412
4.16	2.76821
4.15	2.7825
4.14	2.797
4.13	2.81171
4.12	2.82664
4.11	2.8418
4.1	2.85719
4.09	2.87281
4.08	2.88867
4.07	2.90479
4.06	2.92115
4.05	2.93778
4.04	2.95468
4.03	2.97185
4.02	2.9893
4.01	3.00705
4	3.02509
3.99	3.04343
3.98	3.06209
3.97	3.08108
3.96	3.1004
3.95	3.12006
3.94	3.14008
3.93	3.16045
3.92	3.18121
3.91	3.20235
3.9	3.22389
3.89	3.24584
3.88	3.26821
3.87	3.29103
3.86	3.3143
3.85	3.33803
3.84	3.36226
3.83	3.38698
3.82	3.41223
3.81	3.43801
3.8	3.46435
3.79	3.49127
3.78	3.5188
3.77	3.54695
3.76	3.57575
3.75	3.60523
3.74	3.63541
3.73	3.66632
3.72	3.69801
3.71	3.73049
3.7	3.76381
3.69	3.798
3.68	3.8331
3.67	3.86917
3.66	3.90624
3.65	3.94437
3.64	3.98361
3.63	4.02401
3.62	4.06566
3.61	4.1086
3.6	4.15292
3.59	4.1987
3.58	4.24603
3.57	4.29501
3.56	4.34573
3.55	4.39832
3.54	4.45291
3.53	4.50964
3.52	4.56868
3.51	4.63019
3.5	4.69437
3.49	4.76146
3.48	4.83169
3.47	4.90537
3.46	4.98282
3.45	5.06441
3.44	5.15058
3.43	5.24185
3.42	5.33881
3.41	5.44219
3.4	5.55282
3.39	5.67176
3.38	5.80029
3.37	5.94001
3.36	6.09296
3.35	6.2618
3.34	6.45008
3.33	6.66269
3.32	6.90662
3.31	7.19243
3.3	7.53706
3.29	7.97047
3.28	8.55357
3.27	9.44485
3.26	11.3948
-3.26	11.3948
-3.27	9.44485
-3.28	8.55357
-3.29	7.97047
-3.3	7.53706
-3.31	7.19243
-3.32	6.90662
-3.33	6.66269
-3.34	6.45008
-3.35	6.2618
-3.36	6.09296
-3.37	5.94001
-3.38	5.80029
-3.39	5.67176
-3.4	5.55282
-3.41	5.44219
-3.42	5.33881
-3.43	5.24185
-3.44	5.15058
-3.45	5.06441
-3.46	4.98282
-3.47	4.90537
-3.48	4.83169
-3.49	4.76146
-3.5	4.69437
-3.51	4.63019
-3.52	4.56868
-3.53	4.50964
-3.54	4.45291
-3.55	4.39832
-3.56	4.34573
-3.57	4.29501
-3.58	4.24603
-3.59	4.1987
-3.6	4.15292
-3.61	4.1086
-3.62	4.06566
-3.63	4.02401
-3.64	3.98361
-3.65	3.94437
-3.66	3.90624
-3.67	3.86917
-3.68	3.8331
-3.69	3.798
-3.7	3.76381
-3.71	3.73049
-3.72	3.69801
-3.73	3.66632
-3.74	3.63541
-3.75	3.60523
-3.76	3.57575
-3.77	3.54695
-3.78	3.5188
-3.79	3.49127
-3.8	3.46435
-3.81	3.43801
-3.82	3.41223
-3.83	3.38698
-3.84	3.36226
-3.85	3.33803
-3.86	3.3143
-3.87	3.29103
-3.88	3.26821
-3.89	3.24584
-3.9	3.22389
-3.91	3.20235
-3.92	3.18121
-3.93	3.16045
-3.94	3.14008
-3.95	3.12006
-3.96	3.1004
-3.97	3.08108
-3.98	3.06209
-3.99	3.04343
-4	3.02509
-4.01	3.00705
-4.02	2.9893
-4.03	2.97185
-4.04	2.95468
-4.05	2.93778
-4.06	2.92115
-4.07	2.90479
-4.08	2.88867
-4.09	2.87281
-4.1	2.85719
-4.11	2.8418
-4.12	2.82664
-4.13	2.81171
-4.14	2.797
-4.15	2.7825
-4.16	2.76821
-4.17	2.75412
-4.18	2.74024
-4.19	2.72655
-4.2	2.71305
-4.21	2.69974
-4.22	2.68661
-4.23	2.67366
-4.24	2.66088
-4.25	2.64827
-4.26	2.63584
-4.27	2.62356
-4.28	2.61145
-4.29	2.5995
-4.3	2.58769
-4.31	2.57604
-4.32	2.56454
-4.33	2.55318
-4.34	2.54197
-4.35	2.53089
-4.36	2.51995
-4.37	2.50915
-4.38	2.49848
-4.39	2.48793
-4.4	2.47751
-4.41	2.46722
-4.42	2.45705
-4.43	2.447
-4.44	2.43706
-4.45	2.42724
-4.46	2.41754
-4.47	2.40794
-4.48	2.39846
-4.49	2.38908
-4.5	2.37981
-4.51	2.37064
-4.52	2.36158
-4.53	2.35261
-4.54	2.34374
-4.55	2.33497
-4.56	2.3263
-4.57	2.31771
-4.58	2.30922
-4.59	2.30082
-4.6	2.29251
-4.61	2.28429
-4.62	2.27616
-4.63	2.2681
-4.64	2.26014
-4.65	2.25225
-4.66	2.24445
-4.67	2.23672
-4.68	2.22907
-4.69	2.2215
-4.7	2.21401
-4.71	2.20659
-4.72	2.19925
-4.73	2.19197
-4.74	2.18477
-4.75	2.17764
-4.76	2.17058
-4.77	2.16359
-4.78	2.15666
-4.79	2.1498
-4.8	2.14301
-4.81	2.13628
-4.82	2.12961
-4.83	2.12301
-4.84	2.11647
-4.85	2.10999
-4.86	2.10357
-4.87	2.09721
-4.88	2.0909
-4.89	2.08466
-4.9	2.07847
-4.91	2.07234
-4.92	2.06626
-4.93	2.06024
-4.94	2.05427
-4.95	2.04835
-4.96	2.04249
-4.97	2.03667
-4.98	2.03091
-4.99	2.0252
-5	2.01954
-5.01	2.01393
-5.02	2.00836
-5.03	2.00285
-5.04	1.99738
-5.05	1.99195
-5.06	1.98658
-5.07	1.98124
-5.08	1.97596
-5.09	1.97071
-5.1	1.96552
-5.11	1.96036
-5.12	1.95524
-5.13	1.95017
-5.14	1.94514
-5.15	1.94015
-5.16	1.9352
-5.17	1.9303
-5.18	1.92543
-5.19	1.9206
-5.2	1.9158
-5.21	1.91105
-5.22	1.90634
-5.23	1.90166
-5.24	1.89701
-5.25	1.89241
-5.26	1.88784
-5.27	1.8833
-5.28	1.87881
-5.29	1.87434
-5.3	1.86991
-5.31	1.86552
-5.32	1.86115
-5.33	1.85682
-5.34	1.85253
-5.35	1.84826
-5.36	1.84403
-5.37	1.83983
-5.38	1.83566
-5.39	1.83152
-5.4	1.82741
-5.41	1.82334
-5.42	1.81929
-5.43	1.81527
-5.44	1.81128
-5.45	1.80732
-5.46	1.80339
-5.47	1.79949
-5.48	1.79561
-5.49	1.79177
-5.5	1.78795
-5.51	1.78415
-5.52	1.78039
-5.53	1.77665
-5.54	1.77294
-5.55	1.76925
-5.56	1.76559
-5.57	1.76196
-5.58	1.75835
-5.59	1.75476
-5.6	1.7512
-5.61	1.74766
-5.62	1.74415
-5.63	1.74067
-5.64	1.7372
-5.65	1.73376
-5.66	1.73034
-5.67	1.72695
-5.68	1.72358
-5.69	1.72023
-5.7	1.7169
-5.71	1.7136
-5.72	1.71032
-5.73	1.70706
-5.74	1.70382
-5.75	1.7006
-5.76	1.6974
-5.77	1.69423
-5.78	1.69107
-5.79	1.68794
-5.8	1.68482
-5.81	1.68173
-5.82	1.67865
-5.83	1.6756
-5.84	1.67256
-5.85	1.66955
-5.86	1.66655
-5.87	1.66357
-5.88	1.66061
-5.89	1.65767
-5.9	1.65475
-5.91	1.65185
-5.92	1.64896
-5.93	1.64609
-5.94	1.64324
-5.95	1.64041
-5.96	1.6376
-5.97	1.6348
-5.98	1.63202
-5.99	1.62925
-6	1.62651
-6.01	1.62378
-6.02	1.62106
-6.03	1.61837
-6.04	1.61568
-6.05	1.61302
-6.06	1.61037
-6.07	1.60774
-6.08	1.60512
-6.09	1.60252
-6.1	1.59993
-6.11	1.59736
-6.12	1.5948
-6.13	1.59226
-6.14	1.58973
-6.15	1.58722
-6.16	1.58472
-6.17	1.58224
-6.18	1.57977
-6.19	1.57732
-6.2	1.57488
-6.21	1.57245
-6.22	1.57004
-6.23	1.56764
-6.24	1.56525
-6.25	1.56288
-6.26	1.56053
-6.27	1.55818
-6.28	1.55585
-6.29	1.55353
-6.3	1.55122
-6.31	1.54893
-6.32	1.54665
-6.33	1.54438
-6.34	1.54213
-6.35	1.53989
-6.36	1.53766
-6.37	1.53544
-6.38	1.53323
-6.39	1.53104
-6.4	1.52886
-6.41	1.52669
-6.42	1.52453
-6.43	1.52238
-6.44	1.52025
-6.45	1.51812
-6.46	1.51601
-6.47	1.51391
-6.48	1.51182
-6.49	1.50974
-6.5	1.50768
-6.51	1.50562
-6.52	1.50357
-6.53	1.50154
-6.54	1.49951
-6.55	1.4975
-6.56	1.4955
-6.57	1.49351
-6.58	1.49152
-6.59	1.48955
-6.6	1.48759
-6.61	1.48564
-6.62	1.4837
-6.63	1.48176
-6.64	1.47984
-6.65	1.47793
-6.66	1.47603
-6.67	1.47414
-6.68	1.47225
-6.69	1.47038
-6.7	1.46851
-6.71	1.46666
-6.72	1.46481
-6.73	1.46298
-6.74	1.46115
-6.75	1.45933
-6.76	1.45753
-6.77	1.45573
-6.78	1.45393
-6.79	1.45215
-6.8	1.45038
-6.81	1.44861
-6.82	1.44686
-6.83	1.44511
-6.84	1.44337
-6.85	1.44164
-6.86	1.43992
-6.87	1.43821
-6.88	1.4365
-6.89	1.4348
-6.9	1.43312
-6.91	1.43144
-6.92	1.42976
-6.93	1.4281
-6.94	1.42644
-6.95	1.42479
-6.96	1.42315
-6.97	1.42152
-6.98	1.41989
-6.99	1.41827
-7	1.41666
-7.01	1.41506
-7.02	1.41347
-7.03	1.41188
-7.04	1.4103
-7.05	1.40873
-7.06	1.40716
-7.07	1.4056
-7.08	1.40405
-7.09	1.40251
-7.1	1.40097
-7.11	1.39944
-7.12	1.39792
-7.13	1.3964
-7.14	1.39489
-7.15	1.39339
-7.16	1.39189
-7.17	1.3904
-7.18	1.38892
-7.19	1.38745
-7.2	1.38598
-7.21	1.38452
-7.22	1.38306
-7.23	1.38161
-7.24	1.38017
-7.25	1.37873
-7.26	1.3773
-7.27	1.37588
-7.28	1.37446
-7.29	1.37305
-7.3	1.37165
-7.31	1.37025
-7.32	1.36886
-7.33	1.36747
-7.34	1.36609
-7.35	1.36472
-7.36	1.36335
-7.37	1.36199
-7.38	1.36063
-7.39	1.35928
-7.4	1.35794
-7.41	1.3566
-7.42	1.35526
-7.43	1.35394
-7.44	1.35262
-7.45	1.3513
-7.46	1.34999
-7.47	1.34868
-7.48	1.34739
-7.49	1.34609
-7.5	1.3448
-7.51	1.34352
-7.52	1.34224
-7.53	1.34097
-7.54	1.3397
-7.55	1.33844
-7.56	1.33719
-7.57	1.33594
-7.58	1.33469
-7.59	1.33345
-7.6	1.33221
-7.61	1.33098
-7.62	1.32976
-7.63	1.32854
-7.64	1.32732
-7.65	1.32611
-7.66	1.32491
-7.67	1.32371
-7.68	1.32251
-7.69	1.32132
-7.7	1.32013
-7.71	1.31895
-7.72	1.31778
-7.73	1.31661
-7.74	1.31544
-7.75	1.31428
-7.76	1.31312
-7.77	1.31197
-7.78	1.31082
-7.79	1.30968
-7.8	1.30854
-7.81	1.3074
-7.82	1.30627
-7.83	1.30515
-7.84	1.30403
-7.85	1.30291
-7.86	1.3018
-7.87	1.30069
-7.88	1.29958
-7.89	1.29849
-7.9	1.29739
-7.91	1.2963
-7.92	1.29521
-7.93	1.29413
-7.94	1.29305
-7.95	1.29198
-7.96	1.29091
-7.97	1.28984
-7.98	1.28878
-7.99	1.28773
-8	1.28667
-8.01	1.28562
-8.02	1.28458
-8.03	1.28354
-8.04	1.2825
-8.05	1.28147
-8.06	1.28044
-8.07	1.27941
-8.08	1.27839
-8.09	1.27737
-8.1	1.27636
-8.11	1.27535
-8.12	1.27434
-8.13	1.27334
-8.14	1.27234
-8.15	1.27134
-8.16	1.27035
-8.17	1.26937
-8.18	1.26838
-8.19	1.2674
-8.2	1.26642
-8.21	1.26545
-8.22	1.26448
-8.23	1.26352
-8.24	1.26255
-8.25	1.26159
-8.26	1.26064
-8.27	1.25969
-8.28	1.25874
-8.29	1.25779
-8.3	1.25685
-8.31	1.25591
-8.32	1.25498
-8.33	1.25405
-8.34	1.25312
-8.35	1.25219
-8.36	1.25127
-8.37	1.25035
-8.38	1.24944
-8.39	1.24853
-8.4	1.24762
-8.41	1.24672
-8.42	1.24581
-8.43	1.24491
-8.44	1.24402
-8.45	1.24313
-8.46	1.24224
-8.47	1.24135
-8.48	1.24047
-8.49	1.23959
-8.5	1.23871
-8.51	1.23784
-8.52	1.23697
-8.53	1.2361
-8.54	1.23524
-8.55	1.23438
-8.56	1.23352
-8.57	1.23266
-8.58	1.23181
-8.59	1.23096
-8.6	1.23011
-8.61	1.22927
-8.62	1.22843
-8.63	1.22759
-8.64	1.22676
-8.65	1.22592
-8.66	1.22509
-8.67	1.22427
-8.68	1.22344
-8.69	1.22262
-8.7	1.2218
-8.71	1.22099
-8.72	1.22018
-8.73	1.21937
-8.74	1.21856
-8.75	1.21775
-8.76	1.21695
-8.77	1.21615
-8.78	1.21536
-8.79	1.21456
-8.8	1.21377
-8.81	1.21298
-8.82	1.2122
-8.83	1.21142
-8.84	1.21064
-8.85	1.20986
-8.86	1.20908
-8.87	1.20831
-8.88	1.20754
-8.89	1.20677
-8.9	1.20601
-8.91	1.20524
-8.92	1.20448
-8.93	1.20373
-8.94	1.20297
-8.95	1.20222
-8.96	1.20147
-8.97	1.20072
-8.98	1.19997
-8.99	1.19923
-9	1.19849
-9.01	1.19775
-9.02	1.19702
-9.03	1.19628
-9.04	1.19555
-9.05	1.19482
-9.06	1.1941
-9.07	1.19337
-9.08	1.19265
-9.09	1.19193
-9.1	1.19121
-9.11	1.1905
-9.12	1.18979
-9.13	1.18908
-9.14	1.18837
-9.15	1.18766
-9.16	1.18696
-9.17	1.18626
-9.18	1.18556
-9.19	1.18486
-9.2	1.18416
-9.21	1.18347
-9.22	1.18278
-9.23	1.18209
-9.24	1.18141
-9.25	1.18072
-9.26	1.18004
-9.27	1.17936
-9.28	1.17868
-9.29	1.17801
-9.3	1.17733
-9.31	1.17666
-9.32	1.17599
-9.33	1.17533
-9.34	1.17466
-9.35	1.174
-9.36	1.17334
-9.37	1.17268
-9.38	1.17202
-9.39	1.17136
-9.4	1.17071
-9.41	1.17006
-9.42	1.16941
-9.43	1.16876
-9.44	1.16812
-9.45	1.16747
-9.46	1.16683
-9.47	1.16619
-9.48	1.16556
-9.49	1.16492
-9.5	1.16429
-9.51	1.16365
-9.52	1.16302
-9.53	1.1624
-9.54	1.16177
-9.55	1.16115
-9.56	1.16052
-9.57	1.1599
-9.58	1.15928
-9.59	1.15867
-9.6	1.15805
-9.61	1.15744
-9.62	1.15683
-9.63	1.15622
-9.64	1.15561
-9.65	1.155
-9.66	1.1544
-9.67	1.1538
-9.68	1.15319
-9.69	1.1526
-9.7	1.152
-9.71	1.1514
-9.72	1.15081
-9.73	1.15022
-9.74	1.14963
-9.75	1.14904
-9.76	1.14845
-9.77	1.14787
-9.78	1.14728
-9.79	1.1467
-9.8	1.14612
-9.81	1.14554
-9.82	1.14496
-9.83	1.14439
-9.84	1.14381
-9.85	1.14324
-9.86	1.14267
-9.87	1.1421
-9.88	1.14154
-9.89	1.14097
-9.9	1.14041
-9.91	1.13984
-9.92	1.13928
-9.93	1.13872
-9.94	1.13817
-9.95	1.13761
-9.96	1.13706
-9.97	1.1365
-9.98	1.13595
-9.99	1.1354
-10	1.13485
-10.01	1.13431
-10.02	1.13376
-10.03	1.13322
-10.04	1.13268
-10.05	1.13214
-10.06	1.1316
-10.07	1.13106
-10.08	1.13052
-10.09	1.12999
-10.1	1.12945
-10.11	1.12892
-10.12	1.12839
-10.13	1.12786
-10.14	1.12734
-10.15	1.12681
-10.16	1.12628
-10.17	1.12576
-10.18	1.12524
-10.19	1.12472
-10.2	1.1242
-10.21	1.12368
-10.22	1.12317
-10.23	1.12265
-10.24	1.12214
-10.25	1.12163
-10.26	1.12112
-10.27	1.12061
-10.28	1.1201
-10.29	1.11959
-10.3	1.11909
-10.31	1.11859
-10.32	1.11808
-10.33	1.11758
-10.34	1.11708
-10.35	1.11658
-10.36	1.11609
-10.37	1.11559
-10.38	1.1151
-10.39	1.1146
-10.4	1.11411
-10.41	1.11362
-10.42	1.11313
-10.43	1.11265
-10.44	1.11216
-10.45	1.11167
-10.46	1.11119
-10.47	1.11071
-10.48	1.11023
-10.49	1.10975
-10.5	1.10927
-10.51	1.10879
-10.52	1.10831
-10.53	1.10784
-10.54	1.10736
-10.55	1.10689
-10.56	1.10642
-10.57	1.10595
-10.58	1.10548
-10.59	1.10501
-10.6	1.10455
-10.61	1.10408
-10.62	1.10362
-10.63	1.10315
-10.64	1.10269
-10.65	1.10223
-10.66	1.10177
-10.67	1.10131
-10.68	1.10086
-10.69	1.1004
-10.7	1.09994
-10.71	1.09949
-10.72	1.09904
-10.73	1.09859
-10.74	1.09814
-10.75	1.09769
-10.76	1.09724
-10.77	1.09679
-10.78	1.09635
-10.79	1.0959
-10.8	1.09546
-10.81	1.09502
-10.82	1.09458
-10.83	1.09414
-10.84	1.0937
-10.85	1.09326
-10.86	1.09282
-10.87	1.09239
-10.88	1.09195
-10.89	1.09152
-10.9	1.09109
-10.91	1.09066
-10.92	1.09023
-10.93	1.0898
-10.94	1.08937
-10.95	1.08894
-10.96	1.08851
-10.97	1.08809
-10.98	1.08767
-10.99	1.08724
-11	1.08682
-11.01	1.0864
-11.02	1.08598
-11.03	1.08556
-11.04	1.08514
-11.05	1.08473
-11.06	1.08431
-11.07	1.0839
-11.08	1.08348
-11.09	1.08307
-11.1	1.08266
-11.11	1.08225
-11.12	1.08184
-11.13	1.08143
-11.14	1.08102
-11.15	1.08062
-11.16	1.08021
-11.17	1.07981
-11.18	1.0794
-11.19	1.079
-11.2	1.0786
-11.21	1.0782
-11.22	1.0778
-11.23	1.0774
-11.24	1.077
-11.25	1.0766
-11.26	1.07621
-11.27	1.07581
-11.28	1.07542
-11.29	1.07502
-11.3	1.07463
-11.31	1.07424
-11.32	1.07385
-11.33	1.07346
-11.34	1.07307
-11.35	1.07268
-11.36	1.0723
-11.37	1.07191
-11.38	1.07153
-11.39	1.07114
-11.4	1.07076
-11.41	1.07038
-11.42	1.07
-11.43	1.06962
-11.44	1.06924
-11.45	1.06886
-11.46	1.06848
-11.47	1.0681
-11.48	1.06773
-11.49	1.06735
-11.5	1.06698
-11.51	1.0666
-11.52	1.06623
-11.53	1.06586
-11.54	1.06549
-11.55	1.06512
-11.56	1.06475
-11.57	1.06438
-11.58	1.06401
-11.59	1.06365
-11.6	1.06328
-11.61	1.06292
-11.62	1.06255
-11.63	1.06219
-11.64	1.06183
-11.65	1.06146
-11.66	1.0611
-11.67	1.06074
-11.68	1.06038
-11.69	1.06003
-11.7	1.05967
-11.71	1.05931
-11.72	1.05896
-11.73	1.0586
-11.74	1.05825
-11.75	1.05789
-11.76	1.05754
-11.77	1.05719
-11.78	1.05684
-11.79	1.05649
-11.8	1.05614
-11.81	1.05579
-11.82	1.05544
-11.83	1.05509
-11.84	1.05475
-11.85	1.0544
-11.86	1.05406
-11.87	1.05371
-11.88	1.05337
-11.89	1.05303
-11.9	1.05269
-11.91	1.05234
-11.92	1.052
-11.93	1.05166
-11.94	1.05133
-11.95	1.05099
-11.96	1.05065
-11.97	1.05031
-11.98	1.04998
-11.99	1.04964
-12	1.04931
-12.01	1.04897
-12.02	1.04864
-12.03	1.04831
-12.04	1.04798
-12.05	1.04765
-12.06	1.04732
-12.07	1.04699
-12.08	1.04666
-12.09	1.04633
-12.1	1.046
-12.11	1.04568
-12.12	1.04535
-12.13	1.04503
-12.14	1.0447
-12.15	1.04438
-12.16	1.04406
-12.17	1.04373
-12.18	1.04341
-12.19	1.04309
-12.2	1.04277
-12.21	1.04245
-12.22	1.04213
-12.23	1.04182
-12.24	1.0415
-12.25	1.04118
-12.26	1.04087
-12.27	1.04055
-12.28	1.04024
-12.29	1.03992
-12.3	1.03961
-12.31	1.0393
-12.32	1.03898
-12.33	1.03867
-12.34	1.03836
-12.35	1.03805
-12.36	1.03774
-12.37	1.03743
-12.38	1.03712
-12.39	1.03682
-12.4	1.03651
-12.41	1.0362
-12.42	1.0359
-12.43	1.03559
-12.44	1.03529
-12.45	1.03499
-12.46	1.03468
-12.47	1.03438
-12.48	1.03408
-12.49	1.03378
-12.5	1.03348
-12.51	1.03318
-12.52	1.03288
-12.53	1.03258
-12.54	1.03228
-12.55	1.03199
-12.56	1.03169
-12.57	1.03139
-12.58	1.0311
-12.59	1.0308
-12.6	1.03051
-12.61	1.03021
-12.62	1.02992
-12.63	1.02963
-12.64	1.02934
-12.65	1.02905
-12.66	1.02875
-12.67	1.02846
-12.68	1.02818
-12.69	1.02789
-12.7	1.0276
-12.71	1.02731
-12.72	1.02702
-12.73	1.02674
-12.74	1.02645
-12.75	1.02617
-12.76	1.02588
-12.77	1.0256
-12.78	1.02531
-12.79	1.02503
-12.8	1.02475
-12.81	1.02447
-12.82	1.02418
-12.83	1.0239
-12.84	1.02362
-12.85	1.02334
-12.86	1.02306
-12.87	1.02279
-12.88	1.02251
-12.89	1.02223
-12.9	1.02195
-12.91	1.02168
-12.92	1.0214
-12.93	1.02113
-12.94	1.02085
-12.95	1.02058
-12.96	1.0203
-12.97	1.02003
-12.98	1.01976
-12.99	1.01949
-13	1.01921
-13.01	1.01894
-13.02	1.01867
-13.03	1.0184
-13.04	1.01813
-13.05	1.01787
-13.06	1.0176
-13.07	1.01733
-13.08	1.01706
-13.09	1.0168
-13.1	1.01653
-13.11	1.01626
-13.12	1.016
-13.13	1.01574
-13.14	1.01547
-13.15	1.01521
-13.16	1.01494
-13.17	1.01468
-13.18	1.01442
-13.19	1.01416
-13.2	1.0139
-13.21	1.01364
-13.22	1.01338
-13.23	1.01312
-13.24	1.01286
-13.25	1.0126
-13.26	1.01234
-13.27	1.01209
-13.28	1.01183
-13.29	1.01157
-13.3	1.01132
-13.31	1.01106
-13.32	1.01081
-13.33	1.01055
-13.34	1.0103
-13.35	1.01004
-13.36	1.00979
-13.37	1.00954
-13.38	1.00929
-13.39	1.00903
-13.4	1.00878
-13.41	1.00853
-13.42	1.00828
-13.43	1.00803
-13.44	1.00778
-13.45	1.00753
-13.46	1.00729
-13.47	1.00704
-13.48	1.00679
-13.49	1.00654
-13.5	1.0063
-13.51	1.00605
-13.52	1.00581
-13.53	1.00556
-13.54	1.00532
-13.55	1.00507
-13.56	1.00483
-13.57	1.00459
-13.58	1.00434
-13.59	1.0041
-13.6	1.00386
-13.61	1.00362
-13.62	1.00338
-13.63	1.00314
-13.64	1.0029
-13.65	1.00266
-13.66	1.00242
-13.67	1.00218
-13.68	1.00194
-13.69	1.0017
-13.7	1.00147
-13.71	1.00123
-13.72	1.00099
-13.73	1.00076
-13.74	1.00052
-13.75	1.00029
-13.76	1.00005
-13.77	0.999818
-13.78	0.999584
-13.79	0.999351
-13.8	0.999118
-13.81	0.998885
-13.82	0.998653
-13.83	0.998421
-13.84	0.99819
-13.85	0.997959
-13.86	0.997729
-13.87	0.997499
-13.88	0.997269
-13.89	0.99704
-13.9	0.996812
-13.91	0.996583
-13.92	0.996355
-13.93	0.996128
-13.94	0.995901
-13.95	0.995674
-13.96	0.995448
-13.97	0.995222
-13.98	0.994997
-13.99	0.994771
-14	0.994547
-14.01	0.994323
-14.02	0.994099
-14.03	0.993875
-14.04	0.993652
-14.05	0.99343
-14.06	0.993208
-14.07	0.992986
-14.08	0.992764
-14.09	0.992543
-14.1	0.992323
-14.11	0.992103
-14.12	0.991883
-14.13	0.991663
-14.14	0.991444
-14.15	0.991226
-14.16	0.991007
-14.17	0.990789
-14.18	0.990572
-14.19	0.990355
-14.2	0.990138
-14.21	0.989922
-14.22	0.989706
-14.23	0.98949
-14.24	0.989275
-14.25	0.98906
-14.26	0.988846
-14.27	0.988632
-14.28	0.988418
-14.29	0.988205
-14.3	0.987992
-14.31	0.987779
-14.32	0.987567
-14.33	0.987355
-14.34	0.987144
-14.35	0.986933
-14.36	0.986722
-14.37	0.986512
-14.38	0.986302
-14.39	0.986092
-14.4	0.985883
-14.41	0.985674
-14.42	0.985466
-14.43	0.985257
-14.44	0.98505
-14.45	0.984842
-14.46	0.984635
-14.47	0.984428
-14.48	0.984222
-14.49	0.984016
-14.5	0.98381
-14.51	0.983605
-14.52	0.9834
-14.53	0.983196
-14.54	0.982992
-14.55	0.982788
-14.56	0.982584
-14.57	0.982381
-14.58	0.982178
-14.59	0.981976
-14.6	0.981774
-14.61	0.981572
-14.62	0.98137
-14.63	0.981169
-14.64	0.980969
-14.65	0.980768
-14.66	0.980568
-14.67	0.980368
-14.68	0.980169
-14.69	0.97997
-14.7	0.979771
-14.71	0.979573
-14.72	0.979375
-14.73	0.979177
-14.74	0.97898
-14.75	0.978783
-14.76	0.978586
-14.77	0.97839
-14.78	0.978194
-14.79	0.977998
-14.8	0.977803
-14.81	0.977608
-14.82	0.977413
-14.83	0.977219
-14.84	0.977025
-14.85	0.976831
-14.86	0.976637
-14.87	0.976444
-14.88	0.976252
-14.89	0.976059
-14.9	0.975867
-14.91	0.975675
-14.92	0.975484
-14.93	0.975293
-14.94	0.975102
-14.95	0.974911
-14.96	0.974721
-14.97	0.974531
-14.98	0.974342
-14.99	0.974153
-15	0.973964
-15.01	0.973775
-15.02	0.973587
-15.03	0.973399
-15.04	0.973211
-15.05	0.973024
-15.06	0.972836
-15.07	0.97265
-15.08	0.972463
-15.09	0.972277
-15.1	0.972091
-15.11	0.971906
-15.12	0.971721
-15.13	0.971536
-15.14	0.971351
-15.15	0.971167
-15.16	0.970983
-15.17	0.970799
-15.18	0.970616
-15.19	0.970432
-15.2	0.97025
-15.21	0.970067
-15.22	0.969885
-15.23	0.969703
-15.24	0.969521
-15.25	0.96934
-15.26	0.969159
-15.27	0.968978
-15.28	0.968798
-15.29	0.968617
-15.3	0.968438
-15.31	0.968258
-15.32	0.968079
-15.33	0.9679
-15.34	0.967721
-15.35	0.967543
-15.36	0.967364
-15.37	0.967187
-15.38	0.967009
-15.39	0.966832
-15.4	0.966655
-15.41	0.966478
-15.42	0.966302
-15.43	0.966125
-15.44	0.96595
-15.45	0.965774
-15.46	0.965599
-15.47	0.965424
-15.48	0.965249
-15.49	0.965075
-15.5	0.9649
-15.51	0.964726
-15.52	0.964553
-15.53	0.964379
-15.54	0.964206
-15.55	0.964034
-15.56	0.963861
-15.57	0.963689
-15.58	0.963517
-15.59	0.963345
-15.6	0.963174
-15.61	0.963002
-15.62	0.962831
-15.63	0.962661
-15.64	0.96249
-15.65	0.96232
-15.66	0.962151
-15.67	0.961981
-15.68	0.961812
-15.69	0.961643
-15.7	0.961474
-15.71	0.961305
-15.72	0.961137
-15.73	0.960969
-15.74	0.960801
-15.75	0.960634
-15.76	0.960467
-15.77	0.9603
-15.78	0.960133
-15.79	0.959967
-15.8	0.959801
-15.81	0.959635
-15.82	0.959469
-15.83	0.959304
-15.84	0.959139
-15.85	0.958974
-15.86	0.958809
-15.87	0.958645
-15.88	0.958481
-15.89	0.958317
-15.9	0.958153
-15.91	0.95799
-15.92	0.957827
-15.93	0.957664
-15.94	0.957501
-15.95	0.957339
-15.96	0.957177
-15.97	0.957015
-15.98	0.956854
-15.99	0.956692
-16	0.956531
-16.01	0.95637
-16.02	0.95621
-16.03	0.956049
-16.04	0.955889
-16.05	0.955729
-16.06	0.95557
-16.07	0.95541
-16.08	0.955251
-16.09	0.955092
-16.1	0.954934
-16.11	0.954775
-16.12	0.954617
-16.13	0.954459
-16.14	0.954301
-16.15	0.954144
-16.16	0.953987
-16.17	0.95383
-16.18	0.953673
-16.19	0.953517
-16.2	0.95336
-16.21	0.953204
-16.22	0.953048
-16.23	0.952893
-16.24	0.952738
-16.25	0.952583
-16.26	0.952428
-16.27	0.952273
-16.28	0.952119
-16.29	0.951964
-16.3	0.951811
-16.31	0.951657
-16.32	0.951503
-16.33	0.95135
-16.34	0.951197
-16.35	0.951044
-16.36	0.950892
-16.37	0.950739
-16.38	0.950587
-16.39	0.950435
-16.4	0.950284
-16.41	0.950132
-16.42	0.949981
-16.43	0.94983
-16.44	0.949679
-16.45	0.949529
-16.46	0.949379
-16.47	0.949228
-16.48	0.949079
-16.49	0.948929
-16.5	0.94878
-16.51	0.94863
-16.52	0.948481
-16.53	0.948333
-16.54	0.948184
-16.55	0.948036
-16.56	0.947888
-16.57	0.94774
-16.58	0.947592
-16.59	0.947445
-16.6	0.947297
-16.61	0.94715
-16.62	0.947004
-16.63	0.946857
-16.64	0.946711
-16.65	0.946564
-16.66	0.946418
-16.67	0.946273
-16.68	0.946127
-16.69	0.945982
-16.7	0.945837
-16.71	0.945692
-16.72	0.945547
-16.73	0.945403
-16.74	0.945258
-16.75	0.945114
-16.76	0.944971
-16.77	0.944827
-16.78	0.944683
-16.79	0.94454
-16.8	0.944397
-16.81	0.944254
-16.82	0.944112
-16.83	0.943969
-16.84	0.943827
-16.85	0.943685
-16.86	0.943543
-16.87	0.943402
-16.88	0.943261
-16.89	0.943119
-16.9	0.942978
-16.91	0.942838
-16.92	0.942697
-16.93	0.942557
-16.94	0.942417
-16.95	0.942277
-16.96	0.942137
-16.97	0.941997
-16.98	0.941858
-16.99	0.941719
-17	0.94158
-17.01	0.941441
-17.02	0.941302
-17.03	0.941164
-17.04	0.941026
-17.05	0.940888
-17.06	0.94075
-17.07	0.940612
-17.08	0.940475
-17.09	0.940338
-17.1	0.940201
-17.11	0.940064
-17.12	0.939927
-17.13	0.939791
-17.14	0.939655
-17.15	0.939519
-17.16	0.939383
-17.17	0.939247
-17.18	0.939112
-17.19	0.938976
-17.2	0.938841
-17.21	0.938706
-17.22	0.938572
-17.23	0.938437
-17.24	0.938303
-17.25	0.938169
-17.26	0.938035
-17.27	0.937901
-17.28	0.937767
-17.29	0.937634
-17.3	0.937501
-17.31	0.937368
-17.32	0.937235
-17.33	0.937102
-17.34	0.93697
-17.35	0.936838
-17.36	0.936705
-17.37	0.936574
-17.38	0.936442
-17.39	0.93631
-17.4	0.936179
-17.41	0.936048
-17.42	0.935917
-17.43	0.935786
-17.44	0.935655
-17.45	0.935525
-17.46	0.935394
-17.47	0.935264
-17.48	0.935134
-17.49	0.935005
-17.5	0.934875
-17.51	0.934746
-17.52	0.934616
-17.53	0.934487
-17.54	0.934359
-17.55	0.93423
-17.56	0.934101
-17.57	0.933973
-17.58	0.933845
-17.59	0.933717
-17.6	0.933589
-17.61	0.933461
-17.62	0.933334
-17.63	0.933207
-17.64	0.93308
-17.65	0.932953
-17.66	0.932826
-17.67	0.932699
-17.68	0.932573
-17.69	0.932447
-17.7	0.932321
-17.71	0.932195
-17.72	0.932069
-17.73	0.931943
-17.74	0.931818
-17.75	0.931693
-17.76	0.931568
-17.77	0.931443
-17.78	0.931318
-17.79	0.931194
-17.8	0.931069
-17.81	0.930945
-17.82	0.930821
-17.83	0.930697
-17.84	0.930573
-17.85	0.93045
-17.86	0.930326
-17.87	0.930203
-17.88	0.93008
-17.89	0.929957
-17.9	0.929834
-17.91	0.929712
-17.92	0.92959
-17.93	0.929467
-17.94	0.929345
-17.95	0.929223
-17.96	0.929102
-17.97	0.92898
-17.98	0.928859
-17.99	0.928737
-18	0.928616
-18.01	0.928495
-18.02	0.928375
-18.03	0.928254
-18.04	0.928133
-18.05	0.928013
-18.06	0.927893
-18.07	0.927773
-18.08	0.927653
-18.09	0.927534
-18.1	0.927414
-18.11	0.927295
-18.12	0.927176
-18.13	0.927057
-18.14	0.926938
-18.15	0.926819
-18.16	0.9267
-18.17	0.926582
-18.18	0.926464
-18.19	0.926346
-18.2	0.926228
-18.21	0.92611
-18.22	0.925992
-18.23	0.925875
-18.24	0.925758
-18.25	0.92564
-18.26	0.925523
-18.27	0.925407
-18.28	0.92529
-18.29	0.925173
-18.3	0.925057
-18.31	0.924941
-18.32	0.924825
-18.33	0.924709
-18.34	0.924593
-18.35	0.924477
-18.36	0.924362
-18.37	0.924246
-18.38	0.924131
-18.39	0.924016
-18.4	0.923901
-18.41	0.923786
-18.42	0.923672
-18.43	0.923557
-18.44	0.923443
-18.45	0.923329
-18.46	0.923215
-18.47	0.923101
-18.48	0.922987
-18.49	0.922874
-18.5	0.92276
-18.51	0.922647
-18.52	0.922534
-18.53	0.922421
-18.54	0.922308
-18.55	0.922195
-18.56	0.922083
-18.57	0.921971
-18.58	0.921858
-18.59	0.921746
-18.6	0.921634
-18.61	0.921522
-18.62	0.921411
-18.63	0.921299
-18.64	0.921188
-18.65	0.921076
-18.66	0.920965
-18.67	0.920854
-18.68	0.920744
-18.69	0.920633
-18.7	0.920522
-18.71	0.920412
-18.72	0.920302
-18.73	0.920191
-18.74	0.920081
-18.75	0.919972
-18.76	0.919862
-18.77	0.919752
-18.78	0.919643
-18.79	0.919534
-18.8	0.919424
-18.81	0.919315
-18.82	0.919207
-18.83	0.919098
-18.84	0.918989
-18.85	0.918881
-18.86	0.918772
-18.87	0.918664
-18.88	0.918556
-18.89	0.918448
-18.9	0.91834
-18.91	0.918233
-18.92	0.918125
-18.93	0.918018
-18.94	0.917911
-18.95	0.917803
-18.96	0.917696
-18.97	0.91759
-18.98	0.917483
-18.99	0.917376
-19	0.91727
-19.01	0.917164
-19.02	0.917057
-19.03	0.916951
-19.04	0.916845
-19.05	0.91674
-19.06	0.916634
-19.07	0.916528
-19.08	0.916423
-19.09	0.916318
-19.1	0.916213
-19.11	0.916108
-19.12	0.916003
-19.13	0.915898
-19.14	0.915793
-19.15	0.915689
-19.16	0.915585
-19.17	0.91548
-19.18	0.915376
-19.19	0.915272
-19.2	0.915168
-19.21	0.915065
-19.22	0.914961
-19.23	0.914858
-19.24	0.914754
-19.25	0.914651
-19.26	0.914548
-19.27	0.914445
-19.28	0.914342
-19.29	0.91424
-19.3	0.914137
-19.31	0.914035
-19.32	0.913932
-19.33	0.91383
-19.34	0.913728
-19.35	0.913626
-19.36	0.913524
-19.37	0.913422
-19.38	0.913321
-19.39	0.913219
-19.4	0.913118
-19.41	0.913017
-19.42	0.912916
-19.43	0.912815
-19.44	0.912714
-19.45	0.912613
-19.46	0.912513
-19.47	0.912412
-19.48	0.912312
-19.49	0.912212
-19.5	0.912112
-19.51	0.912012
-19.52	0.911912
-19.53	0.911812
-19.54	0.911712
-19.55	0.911613
-19.56	0.911514
-19.57	0.911414
-19.58	0.911315
-19.59	0.911216
-19.6	0.911117
-19.61	0.911018
-19.62	0.91092
-19.63	0.910821
-19.64	0.910723
-19.65	0.910624
-19.66	0.910526
-19.67	0.910428
-19.68	0.91033
-19.69	0.910232
-19.7	0.910135
-19.71	0.910037
-19.72	0.90994
-19.73	0.909842
-19.74	0.909745
-19.75	0.909648
-19.76	0.909551
-19.77	0.909454
-19.78	0.909357
-19.79	0.90926
-19.8	0.909164
-19.81	0.909067
-19.82	0.908971
-19.83	0.908875
-19.84	0.908779
-19.85	0.908683
-19.86	0.908587
-19.87	0.908491
-19.88	0.908395
-19.89	0.9083
-19.9	0.908204
-19.91	0.908109
-19.92	0.908014
-19.93	0.907919
-19.94	0.907824
-19.95	0.907729
-19.96	0.907634
-19.97	0.90754
-19.98	0.907445
-19.99	0.907351
-20	0.907256
-20.01	0.907162
-20.02	0.907068
-20.03	0.906974
-20.04	0.90688
-20.05	0.906787
-20.06	0.906693
-20.07	0.906599
-20.08	0.906506
-20.09	0.906413
-20.1	0.906319
-20.11	0.906226
-20.12	0.906133
-20.13	0.90604
-20.14	0.905948
-20.15	0.905855
-20.16	0.905762
-20.17	0.90567
-20.18	0.905578
-20.19	0.905485
-20.2	0.905393
-20.21	0.905301
-20.22	0.905209
-20.23	0.905118
-20.24	0.905026
-20.25	0.904934
-20.26	0.904843
-20.27	0.904751
-20.28	0.90466
-20.29	0.904569
-20.3	0.904478
-20.31	0.904387
-20.32	0.904296
-20.33	0.904205
-20.34	0.904115
-20.35	0.904024
-20.36	0.903934
-20.37	0.903843
-20.38	0.903753
-20.39	0.903663
-20.4	0.903573
-20.41	0.903483
-20.42	0.903393
-20.43	0.903304
-20.44	0.903214
-20.45	0.903124
-20.46	0.903035
-20.47	0.902946
-20.48	0.902856
-20.49	0.902767
-20.5	0.902678
-20.51	0.902589
-20.52	0.902501
-20.53	0.902412
-20.54	0.902323
-20.55	0.902235
-20.56	0.902147
-20.57	0.902058
-20.58	0.90197
-20.59	0.901882
-20.6	0.901794
-20.61	0.901706
-20.62	0.901618
-20.63	0.901531
-20.64	0.901443
-20.65	0.901356
-20.66	0.901268
-20.67	0.901181
-20.68	0.901094
-20.69	0.901007
-20.7	0.90092
-20.71	0.900833
-20.72	0.900746
-20.73	0.900659
-20.74	0.900573
-20.75	0.900486
-20.76	0.9004
-20.77	0.900313
-20.78	0.900227
-20.79	0.900141
-20.8	0.900055
-20.81	0.899969
-20.82	0.899883
-20.83	0.899797
-20.84	0.899712
-20.85	0.899626
-20.86	0.899541
-20.87	0.899455
-20.88	0.89937
-20.89	0.899285
-20.9	0.8992
-20.91	0.899115
-20.92	0.89903
-20.93	0.898945
-20.94	0.898861
-20.95	0.898776
-20.96	0.898692
-20.97	0.898607
-20.98	0.898523
-20.99	0.898439
-21	0.898355
-21.01	0.89827
-21.02	0.898187
-21.03	0.898103
-21.04	0.898019
-21.05	0.897935
-21.06	0.897852
-21.07	0.897768
-21.08	0.897685
-21.09	0.897602
-21.1	0.897518
-21.11	0.897435
-21.12	0.897352
-21.13	0.897269
-21.14	0.897187
-21.15	0.897104
-21.16	0.897021
-21.17	0.896939
-21.18	0.896856
-21.19	0.896774
-21.2	0.896691
-21.21	0.896609
-21.22	0.896527
-21.23	0.896445
-21.24	0.896363
-21.25	0.896281
-21.26	0.8962
-21.27	0.896118
-21.28	0.896036
-21.29	0.895955
-21.3	0.895874
-21.31	0.895792
-21.32	0.895711
-21.33	0.89563
-21.34	0.895549
-21.35	0.895468
-21.36	0.895387
-21.37	0.895306
-21.38	0.895226
-21.39	0.895145
-21.4	0.895065
-21.41	0.894984
-21.42	0.894904
-21.43	0.894823
-21.44	0.894743
-21.45	0.894663
-21.46	0.894583
-21.47	0.894503
-21.48	0.894424
-21.49	0.894344
-21.5	0.894264
-21.51	0.894185
-21.52	0.894105
-21.53	0.894026
-21.54	0.893947
-21.55	0.893867
-21.56	0.893788
-21.57	0.893709
-21.58	0.89363
-21.59	0.893551
-21.6	0.893473
-21.61	0.893394
-21.62	0.893315
-21.63	0.893237
-21.64	0.893158
-21.65	0.89308
-21.66	0.893002
-21.67	0.892923
-21.68	0.892845
-21.69	0.892767
-21.7	0.892689
-21.71	0.892612
-21.72	0.892534
-21.73	0.892456
-21.74	0.892378
-21.75	0.892301
-21.76	0.892223
-21.77	0.892146
-21.78	0.892069
-21.79	0.891992
-21.8	0.891914
-21.81	0.891837
-21.82	0.89176
-21.83	0.891684
-21.84	0.891607
-21.85	0.89153
-21.86	0.891454
-21.87	0.891377
-21.88	0.8913
-21.89	0.891224
-21.9	0.891148
-21.91	0.891072
-21.92	0.890995
-21.93	0.890919
-21.94	0.890843
-21.95	0.890767
-21.96	0.890692
-21.97	0.890616
-21.98	0.89054
-21.99	0.890465
-22	0.890389
-22.01	0.890314
-22.02	0.890238
-22.03	0.890163
-22.04	0.890088
-22.05	0.890013
-22.06	0.889938
-22.07	0.889863
-22.08	0.889788
-22.09	0.889713
-22.1	0.889638
-22.11	0.889564
-22.12	0.889489
-22.13	0.889415
-22.14	0.88934
-22.15	0.889266
-22.16	0.889192
-22.17	0.889118
-22.18	0.889044
-22.19	0.88897
-22.2	0.888896
-22.21	0.888822
-22.22	0.888748
-22.23	0.888674
-22.24	0.888601
-22.25	0.888527
-22.26	0.888454
-22.27	0.88838
-22.28	0.888307
-22.29	0.888234
-22.3	0.88816
-22.31	0.888087
-22.32	0.888014
-22.33	0.887941
-22.34	0.887869
-22.35	0.887796
-22.36	0.887723
-22.37	0.88765
-22.38	0.887578
-22.39	0.887505
-22.4	0.887433
-22.41	0.887361
-22.42	0.887288
-22.43	0.887216
-22.44	0.887144
-22.45	0.887072
-22.46	0.887
-22.47	0.886928
-22.48	0.886856
-22.49	0.886784
-22.5	0.886713
-22.51	0.886641
-22.52	0.88657
-22.53	0.886498
-22.54	0.886427
-22.55	0.886355
-22.56	0.886284
-22.57	0.886213
-22.58	0.886142
-22.59	0.886071
-22.6	0.886
-22.61	0.885929
-22.62	0.885858
-22.63	0.885788
-22.64	0.885717
-22.65	0.885646
-22.66	0.885576
-22.67	0.885505
-22.68	0.885435
-22.69	0.885365
-22.7	0.885294
-22.71	0.885224
-22.72	0.885154
-22.73	0.885084
-22.74	0.885014
-22.75	0.884944
-22.76	0.884875
-22.77	0.884805
-22.78	0.884735
-22.79	0.884666
-22.8	0.884596
-22.81	0.884527
-22.82	0.884457
-22.83	0.884388
-22.84	0.884319
-22.85	0.88425
-22.86	0.88418
-22.87	0.884111
-22.88	0.884042
-22.89	0.883973
-22.9	0.883905
-22.91	0.883836
-22.92	0.883767
-22.93	0.883699
-22.94	0.88363
-22.95	0.883562
-22.96	0.883493
-22.97	0.883425
-22.98	0.883357
-22.99	0.883288
-23	0.88322
-23.01	0.883152
-23.02	0.883084
-23.03	0.883016
-23.04	0.882948
-23.05	0.882881
-23.06	0.882813
-23.07	0.882745
-23.08	0.882678
-23.09	0.88261
-23.1	0.882543
-23.11	0.882475
-23.12	0.882408
-23.13	0.882341
-23.14	0.882273
-23.15	0.882206
-23.16	0.882139
-23.17	0.882072
-23.18	0.882005
-23.19	0.881938
-23.2	0.881872
-23.21	0.881805
-23.22	0.881738
-23.23	0.881672
-23.24	0.881605
-23.25	0.881539
-23.26	0.881472
-23.27	0.881406
-23.28	0.88134
-23.29	0.881273
-23.3	0.881207
-23.31	0.881141
-23.32	0.881075
-23.33	0.881009
-23.34	0.880943
-23.35	0.880878
-23.36	0.880812
-23.37	0.880746
-23.38	0.880681
-23.39	0.880615
-23.4	0.880549
-23.41	0.880484
-23.42	0.880419
-23.43	0.880353
-23.44	0.880288
-23.45	0.880223
-23.46	0.880158
-23.47	0.880093
-23.48	0.880028
-23.49	0.879963
-23.5	0.879898
-23.51	0.879833
-23.52	0.879768
-23.53	0.879704
-23.54	0.879639
-23.55	0.879575
-23.56	0.87951
-23.57	0.879446
-23.58	0.879381
-23.59	0.879317
-23.6	0.879253
-23.61	0.879189
-23.62	0.879125
-23.63	0.879061
-23.64	0.878997
-23.65	0.878933
-23.66	0.878869
-23.67	0.878805
-23.68	0.878741
-23.69	0.878678
-23.7	0.878614
-23.71	0.878551
-23.72	0.878487
-23.73	0.878424
-23.74	0.87836
-23.75	0.878297
-23.76	0.878234
-23.77	0.878171
-23.78	0.878107
-23.79	0.878044
-23.8	0.877981
-23.81	0.877918
-23.82	0.877856
-23.83	0.877793
-23.84	0.87773
-23.85	0.877667
-23.86	0.877605
-23.87	0.877542
-23.88	0.87748
-23.89	0.877417
-23.9	0.877355
-23.91	0.877292
-23.92	0.87723
-23.93	0.877168
-23.94	0.877106
-23.95	0.877044
-23.96	0.876982
-23.97	0.87692
-23.98	0.876858
-23.99	0.876796
-24	0.876734
-24.01	0.876672
-24.02	0.876611
-24.03	0.876549
-24.04	0.876487
-24.05	0.876426
-24.06	0.876364
-24.07	0.876303
-24.08	0.876242
-24.09	0.87618
-24.1	0.876119
-24.11	0.876058
-24.12	0.875997
-24.13	0.875936
-24.14	0.875875
-24.15	0.875814
-24.16	0.875753
-24.17	0.875692
-24.18	0.875632
-24.19	0.875571
-24.2	0.87551
-24.21	0.87545
-24.22	0.875389
-24.23	0.875329
-24.24	0.875268
-24.25	0.875208
-24.26	0.875148
-24.27	0.875087
-24.28	0.875027
-24.29	0.874967
-24.3	0.874907
-24.31	0.874847
-24.32	0.874787
-24.33	0.874727
-24.34	0.874667
-24.35	0.874608
-24.36	0.874548
-24.37	0.874488
-24.38	0.874428
-24.39	0.874369
-24.4	0.874309
-24.41	0.87425
-24.42	0.874191
-24.43	0.874131
-24.44	0.874072
-24.45	0.874013
-24.46	0.873954
-24.47	0.873894
-24.48	0.873835
-24.49	0.873776
-24.5	0.873717
-24.51	0.873658
-24.52	0.8736
-24.53	0.873541
-24.54	0.873482
-24.55	0.873423
-24.56	0.873365
-24.57	0.873306
-24.58	0.873248
-24.59	0.873189
-24.6	0.873131
-24.61	0.873072
-24.62	0.873014
-24.63	0.872956
-24.64	0.872898
-24.65	0.87284
-24.66	0.872781
-24.67	0.872723
-24.68	0.872665
-24.69	0.872607
-24.7	0.87255
-24.71	0.872492
-24.72	0.872434
-24.73	0.872376
-24.74	0.872319
-24.75	0.872261
-24.76	0.872203
-24.77	0.872146
-24.78	0.872088
-24.79	0.872031
-24.8	0.871974
-24.81	0.871916
-24.82	0.871859
-24.83	0.871802
-24.84	0.871745
-24.85	0.871688
-24.86	0.871631
-24.87	0.871574
-24.88	0.871517
-24.89	0.87146
-24.9	0.871403
-24.91	0.871346
-24.92	0.87129
-24.93	0.871233
-24.94	0.871176
-24.95	0.87112
-24.96	0.871063
-24.97	0.871007
-24.98	0.87095
-24.99	0.870894
-25	0.870838
-25.01	0.870782
-25.02	0.870725
-25.03	0.870669
-25.04	0.870613
-25.05	0.870557
-25.06	0.870501
-25.07	0.870445
-25.08	0.870389
-25.09	0.870333
-25.1	0.870278
-25.11	0.870222
-25.12	0.870166
-25.13	0.87011
-25.14	0.870055
-25.15	0.869999
-25.16	0.869944
-25.17	0.869888
-25.18	0.869833
-25.19	0.869778
-25.2	0.869722
-25.21	0.869667
-25.22	0.869612
-25.23	0.869557
-25.24	0.869502
-25.25	0.869447
-25.26	0.869392
-25.27	0.869337
-25.28	0.869282
-25.29	0.869227
-25.3	0.869172
-25.31	0.869117
-25.32	0.869063
-25.33	0.869008
-25.34	0.868953
-25.35	0.868899
-25.36	0.868844
-25.37	0.86879
-25.38	0.868735
-25.39	0.868681
-25.4	0.868627
-25.41	0.868572
-25.42	0.868518
-25.43	0.868464
-25.44	0.86841
-25.45	0.868356
-25.46	0.868302
-25.47	0.868248
-25.48	0.868194
-25.49	0.86814
-25.5	0.868086
-25.51	0.868033
-25.52	0.867979
-25.53	0.867925
-25.54	0.867871
-25.55	0.867818
-25.56	0.867764
-25.57	0.867711
-25.58	0.867657
-25.59	0.867604
-25.6	0.867551
-25.61	0.867497
-25.62	0.867444
-25.63	0.867391
-25.64	0.867338
-25.65	0.867285
-25.66	0.867231
-25.67	0.867178
-25.68	0.867125
-25.69	0.867073
-25.7	0.86702
-25.71	0.866967
-25.72	0.866914
-25.73	0.866861
-25.74	0.866809
-25.75	0.866756
-25.76	0.866703
-25.77	0.866651
-25.78	0.866598
-25.79	0.866546
-25.8	0.866493
-25.81	0.866441
-25.82	0.866389
-25.83	0.866336
-25.84	0.866284
-25.85	0.866232
-25.86	0.86618
-25.87	0.866128
-25.88	0.866076
-25.89	0.866024
-25.9	0.865972
-25.91	0.86592
-25.92	0.865868
-25.93	0.865816
-25.94	0.865764
-25.95	0.865713
-25.96	0.865661
-25.97	0.865609
-25.98	0.865558
-25.99	0.865506
-26	0.865454
-26.01	0.865403
-26.02	0.865352
-26.03	0.8653
-26.04	0.865249
-26.05	0.865198
-26.06	0.865146
-26.07	0.865095
-26.08	0.865044
-26.09	0.864993
-26.1	0.864942
-26.11	0.864891
-26.12	0.86484
-26.13	0.864789
-26.14	0.864738
-26.15	0.864687
-26.16	0.864636
-26.17	0.864586
-26.18	0.864535
-26.19	0.864484
-26.2	0.864434
-26.21	0.864383
-26.22	0.864332
-26.23	0.864282
-26.24	0.864231
-26.25	0.864181
-26.26	0.864131
-26.27	0.86408
-26.28	0.86403
-26.29	0.86398
-26.3	0.86393
-26.31	0.86388
-26.32	0.863829
-26.33	0.863779
-26.34	0.863729
-26.35	0.863679
-26.36	0.863629
-26.37	0.86358
-26.38	0.86353
-26.39	0.86348
-26.4	0.86343
-26.41	0.86338
-26.42	0.863331
-26.43	0.863281
-26.44	0.863231
-26.45	0.863182
-26.46	0.863132
-26.47	0.863083
-26.48	0.863033
-26.49	0.862984
-26.5	0.862935
-26.51	0.862885
-26.52	0.862836
-26.53	0.862787
-26.54	0.862738
-26.55	0.862689
-26.56	0.86264
-26.57	0.862591
-26.58	0.862541
-26.59	0.862493
-26.6	0.862444
-26.61	0.862395
-26.62	0.862346
-26.63	0.862297
-26.64	0.862248
-26.65	0.8622
-26.66	0.862151
-26.67	0.862102
-26.68	0.862054
-26.69	0.862005
-26.7	0.861957
-26.71	0.861908
-26.72	0.86186
-26.73	0.861811
-26.74	0.861763
-26.75	0.861715
-26.76	0.861666
-26.77	0.861618
-26.78	0.86157
-26.79	0.861522
-26.8	0.861474
-26.81	0.861426
-26.82	0.861378
-26.83	0.86133
-26.84	0.861282
-26.85	0.861234
-26.86	0.861186
-26.87	0.861138
-26.88	0.86109
-26.89	0.861043
-26.9	0.860995
-26.91	0.860947
-26.92	0.8609
-26.93	0.860852
-26.94	0.860805
-26.95	0.860757
-26.96	0.86071
-26.97	0.860662
-26.98	0.860615
-26.99	0.860567
-27	0.86052
-27.01	0.860473
-27.02	0.860426
-27.03	0.860378
-27.04	0.860331
-27.05	0.860284
-27.06	0.860237
-27.07	0.86019
-27.08	0.860143
-27.09	0.860096
-27.1	0.860049
-27.11	0.860002
-27.12	0.859955
-27.13	0.859909
-27.14	0.859862
-27.15	0.859815
-27.16	0.859769
-27.17	0.859722
-27.18	0.859675
-27.19	0.859629
-27.2	0.859582
-27.21	0.859536
-27.22	0.859489
-27.23	0.859443
-27.24	0.859396
-27.25	0.85935
-27.26	0.859304
-27.27	0.859258
-27.28	0.859211
-27.29	0.859165
-27.3	0.859119
-27.31	0.859073
-27.32	0.859027
-27.33	0.858981
-27.34	0.858935
-27.35	0.858889
-27.36	0.858843
-27.37	0.858797
-27.38	0.858751
-27.39	0.858705
-27.4	0.85866
-27.41	0.858614
-27.42	0.858568
-27.43	0.858523
-27.44	0.858477
-27.45	0.858431
-27.46	0.858386
-27.47	0.85834
-27.48	0.858295
-27.49	0.858249
-27.5	0.858204
-27.51	0.858159
-27.52	0.858113
-27.53	0.858068
-27.54	0.858023
-27.55	0.857978
-27.56	0.857933
-27.57	0.857887
-27.58	0.857842
-27.59	0.857797
-27.6	0.857752
-27.61	0.857707
-27.62	0.857662
-27.63	0.857617
-27.64	0.857572
-27.65	0.857528
-27.66	0.857483
-27.67	0.857438
-27.68	0.857393
-27.69	0.857349
-27.7	0.857304
-27.71	0.857259
-27.72	0.857215
-27.73	0.85717
-27.74	0.857126
-27.75	0.857081
-27.76	0.857037
-27.77	0.856992
-27.78	0.856948
-27.79	0.856904
-27.8	0.856859
-27.81	0.856815
-27.82	0.856771
-27.83	0.856727
-27.84	0.856682
-27.85	0.856638
-27.86	0.856594
-27.87	0.85655
-27.88	0.856506
-27.89	0.856462
-27.9	0.856418
-27.91	0.856374
-27.92	0.856331
-27.93	0.856287
-27.94	0.856243
-27.95	0.856199
-27.96	0.856155
-27.97	0.856112
-27.98	0.856068
-27.99	0.856024
-28	0.855981
-28.01	0.855937
-28.02	0.855894
-28.03	0.85585
-28.04	0.855807
-28.05	0.855763
-28.06	0.85572
-28.07	0.855677
-28.08	0.855633
-28.09	0.85559
-28.1	0.855547
-28.11	0.855504
-28.12	0.85546
-28.13	0.855417
-28.14	0.855374
-28.15	0.855331
-28.16	0.855288
-28.17	0.855245
-28.18	0.855202
-28.19	0.855159
-28.2	0.855116
-28.21	0.855073
-28.22	0.855031
-28.23	0.854988
-28.24	0.854945
-28.25	0.854902
-28.26	0.85486
-28.27	0.854817
-28.28	0.854774
-28.29	0.854732
-28.3	0.854689
-28.31	0.854647
-28.32	0.854604
-28.33	0.854562
-28.34	0.854519
-28.35	0.854477
-28.36	0.854434
-28.37	0.854392
-28.38	0.85435
-28.39	0.854307
-28.4	0.854265
-28.41	0.854223
-28.42	0.854181
-28.43	0.854139
-28.44	0.854097
-28.45	0.854055
-28.46	0.854013
-28.47	0.853971
-28.48	0.853929
-28.49	0.853887
-28.5	0.853845
-28.51	0.853803
-28.52	0.853761
-28.53	0.853719
-28.54	0.853678
-28.55	0.853636
-28.56	0.853594
-28.57	0.853552
-28.58	0.853511
-28.59	0.853469
-28.6	0.853428
-28.61	0.853386
-28.62	0.853345
-28.63	0.853303
-28.64	0.853262
-28.65	0.85322
-28.66	0.853179
-28.67	0.853137
-28.68	0.853096
-28.69	0.853055
-28.7	0.853014
-28.71	0.852972
-28.72	0.852931
-28.73	0.85289
-28.74	0.852849
-28.75	0.852808
-28.76	0.852767
-28.77	0.852726
-28.78	0.852685
-28.79	0.852644
-28.8	0.852603
-28.81	0.852562
-28.82	0.852521
-28.83	0.85248
-28.84	0.85244
-28.85	0.852399
-28.86	0.852358
-28.87	0.852317
-28.88	0.852277
-28.89	0.852236
-28.9	0.852195
-28.91	0.852155
-28.92	0.852114
-28.93	0.852074
-28.94	0.852033
-28.95	0.851993
-28.96	0.851952
-28.97	0.851912
-28.98	0.851872
-28.99	0.851831
-29	0.851791
-29.01	0.851751
-29.02	0.85171
-29.03	0.85167
-29.04	0.85163
-29.05	0.85159
-29.06	0.85155
-29.07	0.85151
-29.08	0.85147
-29.09	0.85143
-29.1	0.85139
-29.11	0.85135
-29.12	0.85131
-29.13	0.85127
-29.14	0.85123
-29.15	0.85119
-29.16	0.85115
-29.17	0.851111
-29.18	0.851071
-29.19	0.851031
-29.2	0.850991
-29.21	0.850952
-29.22	0.850912
-29.23	0.850873
-29.24	0.850833
-29.25	0.850793
-29.26	0.850754
-29.27	0.850715
-29.28	0.850675
-29.29	0.850636
-29.3	0.850596
-29.31	0.850557
-29.32	0.850518
-29.33	0.850478
-29.34	0.850439
-29.35	0.8504
-29.36	0.850361
-29.37	0.850321
-29.38	0.850282
-29.39	0.850243
-29.4	0.850204
-29.41	0.850165
-29.42	0.850126
-29.43	0.850087
-29.44	0.850048
-29.45	0.850009
-29.46	0.84997
-29.47	0.849931
-29.48	0.849892
-29.49	0.849854
-29.5	0.849815
-29.51	0.849776
-29.52	0.849737
-29.53	0.849699
-29.54	0.84966
-29.55	0.849621
-29.56	0.849583
-29.57	0.849544
-29.58	0.849506
-29.59	0.849467
-29.6	0.849428
-29.61	0.84939
-29.62	0.849352
-29.63	0.849313
-29.64	0.849275
-29.65	0.849236
-29.66	0.849198
-29.67	0.84916
-29.68	0.849122
-29.69	0.849083
-29.7	0.849045
-29.71	0.849007
-29.72	0.848969
-29.73	0.848931
-29.74	0.848893
-29.75	0.848854
-29.76	0.848816
-29.77	0.848778
-29.78	0.84874
-29.79	0.848702
-29.8	0.848665
-29.81	0.848627
-29.82	0.848589
-29.83	0.848551
-29.84	0.848513
-29.85	0.848475
-29.86	0.848438
-29.87	0.8484
-29.88	0.848362
-29.89	0.848324
-29.9	0.848287
-29.91	0.848249
-29.92	0.848212
-29.93	0.848174
-29.94	0.848137
-29.95	0.848099
-29.96	0.848062
-29.97	0.848024
-29.98	0.847987
-29.99	0.847949
-30	0.847912
