x	y
30	0.65872
29.99	0.658745
29.98	0.658769
29.97	0.658793
29.96	0.658817
29.95	0.658841
29.94	0.658866
29.93	0.65889
29.92	0.658914
29.91	0.658938
29.9	0.658963
29.89	0.658987
29.88	0.659011
29.87	0.659036
29.86	0.65906
29.85	0.659085
29.84	0.659109
29.83	0.659133
29.82	0.659158
29.81	0.659182
29.8	0.659207
29.79	0.659231
29.78	0.659256
29.77	0.659281
29.76	0.659305
29.75	0.65933
29.74	0.659354
29.73	0.659379
29.72	0.659404
29.71	0.659428
29.7	0.659453
29.69	0.659478
29.68	0.659502
29.67	0.659527
29.66	0.659552
29.65	0.659577
29.64	0.659601
29.63	0.659626
29.62	0.659651
29.61	0.659676
29.6	0.659701
29.59	0.659726
29.58	0.65975
29.57	0.659775
29.56	0.6598
29.55	0.659825
29.54	0.65985
29.53	0.659875
29.52	0.6599
29.51	0.659925
29.5	0.65995
29.49	0.659975
29.48	0.66
29.47	0.660026
29.46	0.660051
29.45	0.660076
29.44	0.660101
29.43	0.660126
29.42	0.660151
29.41	0.660177
29.4	0.660202
29.39	0.660227
29.38	0.660252
29.37	0.660278
29.36	0.660303
29.35	0.660328
29.34	0.660354
29.33	0.660379
29.32	0.660404
29.31	0.66043
29.3	0.660455
29.29	0.660481
29.28	0.660506
29.27	0.660531
29.26	0.660557
29.25	0.660582
29.24	0.660608
29.23	0.660634
29.22	0.660659
29.21	0.660685
29.2	0.66071
29.19	0.660736
29.18	0.660762
29.17	0.660787
29.16	0.660813
29.15	0.660839
29.14	0.660864
29.13	0.66089
29.12	0.660916
29.11	0.660942
29.1	0.660968
29.09	0.660993
29.08	0.661019
29.07	0.661045
29.06	0.661071
29.05	0.661097
29.04	0.661123
29.03	0.661149
29.02	0.661175
29.01	0.661201
29	0.661227
28.99	0.661253
28.98	0.661279
28.97	0.661305
28.96	0.661331
28.95	0.661357
28.94	0.661383
28.93	0.661409
28.92	0.661435
28.91	0.661462
28.9	0.661488
28.89	0.661514
28.88	0.66154
28.87	0.661567
28.86	0.661593
28.85	0.661619
28.84	0.661645
28.83	0.661672
28.82	0.661698
28.81	0.661725
28.8	0.661751
28.79	0.661777
28.78	0.661804
28.77	0.66183
28.76	0.661857
28.75	0.661883
28.74	0.66191
28.73	0.661936
28.72	0.661963
28.71	0.66199
28.7	0.662016
28.69	0.662043
28.68	0.662069
28.67	0.662096
28.66	0.662123
28.65	0.662149
28.64	0.662176
28.63	0.662203
28.62	0.66223
28.61	0.662256
28.6	0.662283
28.59	0.66231
28.58	0.662337
28.57	0.662364
28.56	0.662391
28.55	0.662418
28.54	0.662445
28.53	0.662472
28.52	0.662499
28.51	0.662526
28.5	0.662553
28.49	0.66258
28.48	0.662607
28.47	0.662634
28.46	0.662661
28.45	0.662688
28.44	0.662715
28.43	0.662742
28.42	0.662769
28.41	0.662797
28.4	0.662824
28.39	0.662851
28.38	0.662878
28.37	0.662906
28.36	0.662933
28.35	0.66296
28.34	0.662988
28.33	0.663015
28.32	0.663042
28.31	0.66307
28.3	0.663097
28.29	0.663125
28.28	0.663152
28.27	0.66318
28.26	0.663207
28.25	0.663235
28.24	0.663262
28.23	0.66329
28.22	0.663318
28.21	0.663345
28.2	0.663373
28.19	0.663401
28.18	0.663428
28.17	0.663456
28.16	0.663484
28.15	0.663512
28.14	0.663539
28.13	0.663567
28.12	0.663595
28.11	0.663623
28.1	0.663651
28.09	0.663679
28.08	0.663707
28.07	0.663734
28.06	0.663762
28.05	0.66379
28.04	0.663818
28.03	0.663846
28.02	0.663875
28.01	0.663903
28	0.663931
27.99	0.663959
27.98	0.663987
27.97	0.664015
27.96	0.664043
27.95	0.664071
27.94	0.6641
27.93	0.664128
27.92	0.664156
27.91	0.664185
27.9	0.664213
27.89	0.664241
27.88	0.66427
27.87	0.664298
27.86	0.664326
27.85	0.664355
27.84	0.664383
27.83	0.664412
27.82	0.66444
27.81	0.664469
27.8	0.664497
27.79	0.664526
27.78	0.664554
27.77	0.664583
27.76	0.664612
27.75	0.66464
27.74	0.664669
27.73	0.664698
27.72	0.664726
27.71	0.664755
27.7	0.664784
27.69	0.664813
27.68	0.664842
27.67	0.66487
27.66	0.664899
27.65	0.664928
27.64	0.664957
27.63	0.664986
27.62	0.665015
27.61	0.665044
27.6	0.665073
27.59	0.665102
27.58	0.665131
27.57	0.66516
27.56	0.665189
27.55	0.665218
27.54	0.665247
27.53	0.665277
27.52	0.665306
27.51	0.665335
27.5	0.665364
27.49	0.665393
27.48	0.665423
27.47	0.665452
27.46	0.665481
27.45	0.665511
27.44	0.66554
27.43	0.665569
27.42	0.665599
27.41	0.665628
27.4	0.665658
27.39	0.665687
27.38	0.665717
27.37	0.665746
27.36	0.665776
27.35	0.665806
27.34	0.665835
27.33	0.665865
27.32	0.665894
27.31	0.665924
27.3	0.665954
27.29	0.665984
27.28	0.666013
27.27	0.666043
27.26	0.666073
27.25	0.666103
27.24	0.666133
27.23	0.666162
27.22	0.666192
27.21	0.666222
27.2	0.666252
27.19	0.666282
27.18	0.666312
27.17	0.666342
27.16	0.666372
27.15	0.666402
27.14	0.666433
27.13	0.666463
27.12	0.666493
27.11	0.666523
27.1	0.666553
27.09	0.666583
27.08	0.666614
27.07	0.666644
27.06	0.666674
27.05	0.666705
27.04	0.666735
27.03	0.666765
27.02	0.666796
27.01	0.666826
27	0.666857
26.99	0.666887
26.98	0.666918
26.97	0.666948
26.96	0.666979
26.95	0.667009
26.94	0.66704
26.93	0.66707
26.92	0.667101
26.91	0.667132
26.9	0.667162
26.89	0.667193
26.88	0.667224
26.87	0.667255
26.86	0.667285
26.85	0.667316
26.84	0.667347
26.83	0.667378
26.82	0.667409
26.81	0.66744
26.8	0.667471
26.79	0.667502
26.78	0.667533
26.77	0.667564
26.76	0.667595
26.75	0.667626
26.74	0.667657
26.73	0.667688
26.72	0.667719
26.71	0.66775
26.7	0.667782
26.69	0.667813
26.68	0.667844
26.67	0.667876
26.66	0.667907
26.65	0.667938
26.64	0.66797
26.63	0.668001
26.62	0.668032
26.61	0.668064
26.6	0.668095
26.59	0.668127
26.58	0.668158
26.57	0.66819
26.56	0.668221
26.55	0.668253
26.54	0.668285
26.53	0.668316
26.52	0.668348
26.51	0.66838
26.5	0.668411
26.49	0.668443
26.48	0.668475
26.47	0.668507
26.46	0.668539
26.45	0.668571
26.44	0.668602
26.43	0.668634
26.42	0.668666
26.41	0.668698
26.4	0.66873
26.39	0.668762
26.38	0.668794
26.37	0.668826
26.36	0.668859
26.35	0.668891
26.34	0.668923
26.33	0.668955
26.32	0.668987
26.31	0.669019
26.3	0.669052
26.29	0.669084
26.28	0.669116
26.27	0.669149
26.26	0.669181
26.25	0.669214
26.24	0.669246
26.23	0.669278
26.22	0.669311
26.21	0.669343
26.2	0.669376
26.19	0.669409
26.18	0.669441
26.17	0.669474
26.16	0.669506
26.15	0.669539
26.14	0.669572
26.13	0.669605
26.12	0.669637
26.11	0.66967
26.1	0.669703
26.09	0.669736
26.08	0.669769
26.07	0.669802
26.06	0.669835
26.05	0.669868
26.04	0.669901
26.03	0.669934
26.02	0.669967
26.01	0.67
26	0.670033
25.99	0.670066
25.98	0.670099
25.97	0.670132
25.96	0.670166
25.95	0.670199
25.94	0.670232
25.93	0.670265
25.92	0.670299
25.91	0.670332
25.9	0.670365
25.89	0.670399
25.88	0.670432
25.87	0.670466
25.86	0.670499
25.85	0.670533
25.84	0.670566
25.83	0.6706
25.82	0.670634
25.81	0.670667
25.8	0.670701
25.79	0.670735
25.78	0.670768
25.77	0.670802
25.76	0.670836
25.75	0.67087
25.74	0.670904
25.73	0.670938
25.72	0.670972
25.71	0.671005
25.7	0.671039
25.69	0.671073
25.68	0.671107
25.67	0.671142
25.66	0.671176
25.65	0.67121
25.64	0.671244
25.63	0.671278
25.62	0.671312
25.61	0.671347
25.6	0.671381
25.59	0.671415
25.58	0.671449
25.57	0.671484
25.56	0.671518
25.55	0.671553
25.54	0.671587
25.53	0.671622
25.52	0.671656
25.51	0.671691
25.5	0.671725
25.49	0.67176
25.48	0.671794
25.47	0.671829
25.46	0.671864
25.45	0.671898
25.44	0.671933
25.43	0.671968
25.42	0.672003
25.41	0.672038
25.4	0.672073
25.39	0.672107
25.38	0.672142
25.37	0.672177
25.36	0.672212
25.35	0.672247
25.34	0.672282
25.33	0.672318
25.32	0.672353
25.31	0.672388
25.3	0.672423
25.29	0.672458
25.28	0.672493
25.27	0.672529
25.26	0.672564
25.25	0.672599
25.24	0.672635
25.23	0.67267
25.22	0.672706
25.21	0.672741
25.2	0.672777
25.19	0.672812
25.18	0.672848
25.17	0.672883
25.16	0.672919
25.15	0.672954
25.14	0.67299
25.13	0.673026
25.12	0.673062
25.11	0.673097
25.1	0.673133
25.09	0.673169
25.08	0.673205
25.07	0.673241
25.06	0.673277
25.05	0.673313
25.04	0.673349
25.03	0.673385
25.02	0.673421
25.01	0.673457
25	0.673493
24.99	0.673529
24.98	0.673566
24.97	0.673602
24.96	0.673638
24.95	0.673674
24.94	0.673711
24.93	0.673747
24.92	0.673783
24.91	0.67382
24.9	0.673856
24.89	0.673893
24.88	0.673929
24.87	0.673966
24.86	0.674002
24.85	0.674039
24.84	0.674076
24.83	0.674112
24.82	0.674149
24.81	0.674186
24.8	0.674223
24.79	0.674259
24.78	0.674296
24.77	0.674333
24.76	0.67437
24.75	0.674407
24.74	0.674444
24.73	0.674481
24.72	0.674518
24.71	0.674555
24.7	0.674592
24.69	0.67463
24.68	0.674667
24.67	0.674704
24.66	0.674741
24.65	0.674778
24.64	0.674816
24.63	0.674853
24.62	0.674891
24.61	0.674928
24.6	0.674965
24.59	0.675003
24.58	0.67504
24.57	0.675078
24.56	0.675116
24.55	0.675153
24.54	0.675191
24.53	0.675229
24.52	0.675266
24.51	0.675304
24.5	0.675342
24.49	0.67538
24.48	0.675418
24.47	0.675456
24.46	0.675493
24.45	0.675531
24.44	0.675569
24.43	0.675608
24.42	0.675646
24.41	0.675684
24.4	0.675722
24.39	0.67576
24.38	0.675798
24.37	0.675837
24.36	0.675875
24.35	0.675913
24.34	0.675951
24.33	0.67599
24.32	0.676028
24.31	0.676067
24.3	0.676105
24.29	0.676144
24.28	0.676182
24.27	0.676221
24.26	0.67626
24.25	0.676298
24.24	0.676337
24.23	0.676376
24.22	0.676415
24.21	0.676453
24.2	0.676492
24.19	0.676531
24.18	0.67657
24.17	0.676609
24.16	0.676648
24.15	0.676687
24.14	0.676726
24.13	0.676765
24.12	0.676805
24.11	0.676844
24.1	0.676883
24.09	0.676922
24.08	0.676961
24.07	0.677001
24.06	0.67704
24.05	0.67708
24.04	0.677119
24.03	0.677159
24.02	0.677198
24.01	0.677238
24	0.677277
23.99	0.677317
23.98	0.677356
23.97	0.677396
23.96	0.677436
23.95	0.677476
23.94	0.677516
23.93	0.677555
23.92	0.677595
23.91	0.677635
23.9	0.677675
23.89	0.677715
23.88	0.677755
23.87	0.677795
23.86	0.677835
23.85	0.677876
23.84	0.677916
23.83	0.677956
23.82	0.677996
23.81	0.678037
23.8	0.678077
23.79	0.678117
23.78	0.678158
23.77	0.678198
23.76	0.678239
23.75	0.678279
23.74	0.67832
23.73	0.67836
23.72	0.678401
23.71	0.678442
23.7	0.678482
23.69	0.678523
23.68	0.678564
23.67	0.678605
23.66	0.678646
23.65	0.678687
23.64	0.678728
23.63	0.678769
23.62	0.67881
23.61	0.678851
23.6	0.678892
23.59	0.678933
23.58	0.678974
23.57	0.679015
23.56	0.679057
23.55	0.679098
23.54	0.679139
23.53	0.679181
23.52	0.679222
23.51	0.679264
23.5	0.679305
23.49	0.679347
23.48	0.679388
23.47	0.67943
23.46	0.679472
23.45	0.679513
23.44	0.679555
23.43	0.679597
23.42	0.679639
23.41	0.679681
23.4	0.679722
23.39	0.679764
23.38	0.679806
23.37	0.679848
23.36	0.679891
23.35	0.679933
23.34	0.679975
23.33	0.680017
23.32	0.680059
23.31	0.680102
23.3	0.680144
23.29	0.680186
23.28	0.680229
23.27	0.680271
23.26	0.680314
23.25	0.680356
23.24	0.680399
23.23	0.680441
23.22	0.680484
23.21	0.680527
23.2	0.680569
23.19	0.680612
23.18	0.680655
23.17	0.680698
23.16	0.680741
23.15	0.680784
23.14	0.680827
23.13	0.68087
23.12	0.680913
23.11	0.680956
23.1	0.680999
23.09	0.681042
23.08	0.681085
23.07	0.681129
23.06	0.681172
23.05	0.681215
23.04	0.681259
23.03	0.681302
23.02	0.681346
23.01	0.681389
23	0.681433
22.99	0.681476
22.98	0.68152
22.97	0.681564
22.96	0.681607
22.95	0.681651
22.94	0.681695
22.93	0.681739
22.92	0.681783
22.91	0.681827
22.9	0.681871
22.89	0.681915
22.88	0.681959
22.87	0.682003
22.86	0.682047
22.85	0.682091
22.84	0.682136
22.83	0.68218
22.82	0.682224
22.81	0.682269
22.8	0.682313
22.79	0.682358
22.78	0.682402
22.77	0.682447
22.76	0.682491
22.75	0.682536
22.74	0.682581
22.73	0.682626
22.72	0.68267
22.71	0.682715
22.7	0.68276
22.69	0.682805
22.68	0.68285
22.67	0.682895
22.66	0.68294
22.65	0.682985
22.64	0.68303
22.63	0.683075
22.62	0.683121
22.61	0.683166
22.6	0.683211
22.59	0.683257
22.58	0.683302
22.57	0.683348
22.56	0.683393
22.55	0.683439
22.54	0.683484
22.53	0.68353
22.52	0.683576
22.51	0.683621
22.5	0.683667
22.49	0.683713
22.48	0.683759
22.47	0.683805
22.46	0.683851
22.45	0.683897
22.44	0.683943
22.43	0.683989
22.42	0.684035
22.41	0.684081
22.4	0.684128
22.39	0.684174
22.38	0.68422
22.37	0.684267
22.36	0.684313
22.35	0.68436
22.34	0.684406
22.33	0.684453
22.32	0.684499
22.31	0.684546
22.3	0.684593
22.29	0.68464
22.28	0.684686
22.27	0.684733
22.26	0.68478
22.25	0.684827
22.24	0.684874
22.23	0.684921
22.22	0.684968
22.21	0.685015
22.2	0.685063
22.19	0.68511
22.18	0.685157
22.17	0.685205
22.16	0.685252
22.15	0.685299
22.14	0.685347
22.13	0.685394
22.12	0.685442
22.11	0.68549
22.1	0.685537
22.09	0.685585
22.08	0.685633
22.07	0.685681
22.06	0.685729
22.05	0.685777
22.04	0.685825
22.03	0.685873
22.02	0.685921
22.01	0.685969
22	0.686017
21.99	0.686065
21.98	0.686114
21.97	0.686162
21.96	0.68621
21.95	0.686259
21.94	0.686307
21.93	0.686356
21.92	0.686404
21.91	0.686453
21.9	0.686502
21.89	0.68655
21.88	0.686599
21.87	0.686648
21.86	0.686697
21.85	0.686746
21.84	0.686795
21.83	0.686844
21.82	0.686893
21.81	0.686942
21.8	0.686991
21.79	0.687041
21.78	0.68709
21.77	0.687139
21.76	0.687189
21.75	0.687238
21.74	0.687288
21.73	0.687337
21.72	0.687387
21.71	0.687436
21.7	0.687486
21.69	0.687536
21.68	0.687586
21.67	0.687635
21.66	0.687685
21.65	0.687735
21.64	0.687785
21.63	0.687835
21.62	0.687886
21.61	0.687936
21.6	0.687986
21.59	0.688036
21.58	0.688087
21.57	0.688137
21.56	0.688187
21.55	0.688238
21.54	0.688289
21.53	0.688339
21.52	0.68839
21.51	0.688441
21.5	0.688491
21.49	0.688542
21.48	0.688593
21.47	0.688644
21.46	0.688695
21.45	0.688746
21.44	0.688797
21.43	0.688848
21.42	0.688899
21.41	0.688951
21.4	0.689002
21.39	0.689053
21.38	0.689105
21.37	0.689156
21.36	0.689208
21.35	0.689259
21.34	0.689311
21.33	0.689363
21.32	0.689414
21.31	0.689466
21.3	0.689518
21.29	0.68957
21.28	0.689622
21.27	0.689674
21.26	0.689726
21.25	0.689778
21.24	0.68983
21.23	0.689883
21.22	0.689935
21.21	0.689987
21.2	0.69004
21.19	0.690092
21.18	0.690145
21.17	0.690197
21.16	0.69025
21.15	0.690303
21.14	0.690355
21.13	0.690408
21.12	0.690461
21.11	0.690514
21.1	0.690567
21.09	0.69062
21.08	0.690673
21.07	0.690726
21.06	0.69078
21.05	0.690833
21.04	0.690886
21.03	0.69094
21.02	0.690993
21.01	0.691047
21	0.6911
20.99	0.691154
20.98	0.691207
20.97	0.691261
20.96	0.691315
20.95	0.691369
20.94	0.691423
20.93	0.691477
20.92	0.691531
20.91	0.691585
20.9	0.691639
20.89	0.691693
20.88	0.691747
20.87	0.691802
20.86	0.691856
20.85	0.691911
20.84	0.691965
20.83	0.69202
20.82	0.692074
20.81	0.692129
20.8	0.692184
20.79	0.692239
20.78	0.692293
20.77	0.692348
20.76	0.692403
20.75	0.692458
20.74	0.692514
20.73	0.692569
20.72	0.692624
20.71	0.692679
20.7	0.692735
20.69	0.69279
20.68	0.692846
20.67	0.692901
20.66	0.692957
20.65	0.693012
20.64	0.693068
20.63	0.693124
20.62	0.69318
20.61	0.693236
20.6	0.693292
20.59	0.693348
20.58	0.693404
20.57	0.69346
20.56	0.693516
20.55	0.693572
20.54	0.693629
20.53	0.693685
20.52	0.693742
20.51	0.693798
20.5	0.693855
20.49	0.693911
20.48	0.693968
20.47	0.694025
20.46	0.694082
20.45	0.694139
20.44	0.694196
20.43	0.694253
20.42	0.69431
20.41	0.694367
20.4	0.694424
20.39	0.694482
20.38	0.694539
20.37	0.694596
20.36	0.694654
20.35	0.694711
20.34	0.694769
20.33	0.694827
20.32	0.694885
20.31	0.694942
20.3	0.695
20.29	0.695058
20.28	0.695116
20.27	0.695174
20.26	0.695232
20.25	0.695291
20.24	0.695349
20.23	0.695407
20.22	0.695466
20.21	0.695524
20.2	0.695583
20.19	0.695641
20.18	0.6957
20.17	0.695759
20.16	0.695818
20.15	0.695876
20.14	0.695935
20.13	0.695994
20.12	0.696054
20.11	0.696113
20.1	0.696172
20.09	0.696231
20.08	0.696291
20.07	0.69635
20.06	0.696409
20.05	0.696469
20.04	0.696529
20.03	0.696588
20.02	0.696648
20.01	0.696708
20	0.696768
19.99	0.696828
19.98	0.696888
19.97	0.696948
19.96	0.697008
19.95	0.697068
19.94	0.697129
19.93	0.697189
19.92	0.69725
19.91	0.69731
19.9	0.697371
19.89	0.697431
19.88	0.697492
19.87	0.697553
19.86	0.697614
19.85	0.697675
19.84	0.697736
19.83	0.697797
19.82	0.697858
19.81	0.697919
19.8	0.697981
19.79	0.698042
19.78	0.698103
19.77	0.698165
19.76	0.698226
19.75	0.698288
19.74	0.69835
19.73	0.698412
19.72	0.698474
19.71	0.698536
19.7	0.698597
19.69	0.69866
19.68	0.698722
19.67	0.698784
19.66	0.698846
19.65	0.698909
19.64	0.698971
19.63	0.699034
19.62	0.699096
19.61	0.699159
19.6	0.699222
19.59	0.699285
19.58	0.699347
19.57	0.69941
19.56	0.699474
19.55	0.699537
19.54	0.6996
19.53	0.699663
19.52	0.699726
19.51	0.69979
19.5	0.699853
19.49	0.699917
19.48	0.699981
19.47	0.700044
19.46	0.700108
19.45	0.700172
19.44	0.700236
19.43	0.7003
19.42	0.700364
19.41	0.700428
19.4	0.700493
19.39	0.700557
19.38	0.700621
19.37	0.700686
19.36	0.70075
19.35	0.700815
19.34	0.70088
19.33	0.700944
19.32	0.701009
19.31	0.701074
19.3	0.701139
19.29	0.701204
19.28	0.70127
19.27	0.701335
19.26	0.7014
19.25	0.701466
19.24	0.701531
19.23	0.701597
19.22	0.701662
19.21	0.701728
19.2	0.701794
19.19	0.70186
19.18	0.701926
19.17	0.701992
19.16	0.702058
19.15	0.702124
19.14	0.702191
19.13	0.702257
19.12	0.702323
19.11	0.70239
19.1	0.702456
19.09	0.702523
19.08	0.70259
19.07	0.702657
19.06	0.702724
19.05	0.702791
19.04	0.702858
19.03	0.702925
19.02	0.702992
19.01	0.70306
19	0.703127
18.99	0.703195
18.98	0.703262
18.97	0.70333
18.96	0.703398
18.95	0.703465
18.94	0.703533
18.93	0.703601
18.92	0.703669
18.91	0.703738
18.9	0.703806
18.89	0.703874
18.88	0.703943
18.87	0.704011
18.86	0.70408
18.85	0.704148
18.84	0.704217
18.83	0.704286
18.82	0.704355
18.81	0.704424
18.8	0.704493
18.79	0.704562
18.78	0.704632
18.77	0.704701
18.76	0.70477
18.75	0.70484
18.74	0.70491
18.73	0.704979
18.72	0.705049
18.71	0.705119
18.7	0.705189
18.69	0.705259
18.68	0.705329
18.67	0.705399
18.66	0.70547
18.65	0.70554
18.64	0.705611
18.63	0.705681
18.62	0.705752
18.61	0.705823
18.6	0.705893
18.59	0.705964
18.58	0.706035
18.57	0.706106
18.56	0.706178
18.55	0.706249
18.54	0.70632
18.53	0.706392
18.52	0.706463
18.51	0.706535
18.5	0.706607
18.49	0.706679
18.48	0.70675
18.47	0.706823
18.46	0.706895
18.45	0.706967
18.44	0.707039
18.43	0.707111
18.42	0.707184
18.41	0.707256
18.4	0.707329
18.39	0.707402
18.38	0.707475
18.37	0.707548
18.36	0.707621
18.35	0.707694
18.34	0.707767
18.33	0.70784
18.32	0.707914
18.31	0.707987
18.3	0.708061
18.29	0.708134
18.28	0.708208
18.27	0.708282
18.26	0.708356
18.25	0.70843
18.24	0.708504
18.23	0.708578
18.22	0.708653
18.21	0.708727
18.2	0.708802
18.19	0.708876
18.18	0.708951
18.17	0.709026
18.16	0.709101
18.15	0.709176
18.14	0.709251
18.13	0.709326
18.12	0.709401
18.11	0.709477
18.1	0.709552
18.09	0.709628
18.08	0.709703
18.07	0.709779
18.06	0.709855
18.05	0.709931
18.04	0.710007
18.03	0.710083
18.02	0.710159
18.01	0.710236
18	0.710312
17.99	0.710389
17.98	0.710466
17.97	0.710542
17.96	0.710619
17.95	0.710696
17.94	0.710773
17.93	0.71085
17.92	0.710928
17.91	0.711005
17.9	0.711083
17.89	0.71116
17.88	0.711238
17.87	0.711316
17.86	0.711393
17.85	0.711471
17.84	0.711549
17.83	0.711628
17.82	0.711706
17.81	0.711784
17.8	0.711863
17.79	0.711941
17.78	0.71202
17.77	0.712099
17.76	0.712178
17.75	0.712257
17.74	0.712336
17.73	0.712415
17.72	0.712494
17.71	0.712574
17.7	0.712653
17.69	0.712733
17.68	0.712813
17.67	0.712893
17.66	0.712973
17.65	0.713053
17.64	0.713133
17.63	0.713213
17.62	0.713294
17.61	0.713374
17.6	0.713455
17.59	0.713535
17.58	0.713616
17.57	0.713697
17.56	0.713778
17.55	0.713859
17.54	0.71394
17.53	0.714022
17.52	0.714103
17.51	0.714185
17.5	0.714267
17.49	0.714348
17.48	0.71443
17.47	0.714512
17.46	0.714594
17.45	0.714677
17.44	0.714759
17.43	0.714841
17.42	0.714924
17.41	0.715007
17.4	0.715089
17.39	0.715172
17.38	0.715255
17.37	0.715338
17.36	0.715422
17.35	0.715505
17.34	0.715589
17.33	0.715672
17.32	0.715756
17.31	0.71584
17.3	0.715923
17.29	0.716008
17.28	0.716092
17.27	0.716176
17.26	0.71626
17.25	0.716345
17.24	0.716429
17.23	0.716514
17.22	0.716599
17.21	0.716684
17.2	0.716769
17.19	0.716854
17.18	0.71694
17.17	0.717025
17.16	0.71711
17.15	0.717196
17.14	0.717282
17.13	0.717368
17.12	0.717454
17.11	0.71754
17.1	0.717626
17.09	0.717713
17.08	0.717799
17.07	0.717886
17.06	0.717972
17.05	0.718059
17.04	0.718146
17.03	0.718233
17.02	0.71832
17.01	0.718408
17	0.718495
16.99	0.718583
16.98	0.71867
16.97	0.718758
16.96	0.718846
16.95	0.718934
16.94	0.719022
16.93	0.719111
16.92	0.719199
16.91	0.719288
16.9	0.719376
16.89	0.719465
16.88	0.719554
16.87	0.719643
16.86	0.719732
16.85	0.719822
16.84	0.719911
16.83	0.720001
16.82	0.72009
16.81	0.72018
16.8	0.72027
16.79	0.72036
16.78	0.72045
16.77	0.720541
16.76	0.720631
16.75	0.720722
16.74	0.720812
16.73	0.720903
16.72	0.720994
16.71	0.721085
16.7	0.721176
16.69	0.721268
16.68	0.721359
16.67	0.721451
16.66	0.721542
16.65	0.721634
16.64	0.721726
16.63	0.721818
16.62	0.721911
16.61	0.722003
16.6	0.722095
16.59	0.722188
16.58	0.722281
16.57	0.722374
16.56	0.722467
16.55	0.72256
16.54	0.722653
16.53	0.722747
16.52	0.72284
16.51	0.722934
16.5	0.723028
16.49	0.723122
16.48	0.723216
16.47	0.72331
16.46	0.723405
16.45	0.723499
16.44	0.723594
16.43	0.723689
16.42	0.723784
16.41	0.723879
16.4	0.723974
16.39	0.724069
16.38	0.724165
16.37	0.72426
16.36	0.724356
16.35	0.724452
16.34	0.724548
16.33	0.724644
16.32	0.724741
16.31	0.724837
16.3	0.724934
16.29	0.72503
16.28	0.725127
16.27	0.725224
16.26	0.725321
16.25	0.725419
16.24	0.725516
16.23	0.725614
16.22	0.725711
16.21	0.725809
16.2	0.725907
16.19	0.726006
16.18	0.726104
16.17	0.726202
16.16	0.726301
16.15	0.7264
16.14	0.726499
16.13	0.726598
16.12	0.726697
16.11	0.726796
16.1	0.726896
16.09	0.726995
16.08	0.727095
16.07	0.727195
16.06	0.727295
16.05	0.727395
16.04	0.727496
16.03	0.727596
16.02	0.727697
16.01	0.727798
16	0.727899
15.99	0.728
15.98	0.728101
15.97	0.728202
15.96	0.728304
15.95	0.728406
15.94	0.728508
15.93	0.72861
15.92	0.728712
15.91	0.728814
15.9	0.728917
15.89	0.729019
15.88	0.729122
15.87	0.729225
15.86	0.729328
15.85	0.729431
15.84	0.729535
15.83	0.729638
15.82	0.729742
15.81	0.729846
15.8	0.72995
15.79	0.730054
15.78	0.730159
15.77	0.730263
15.76	0.730368
15.75	0.730473
15.74	0.730578
15.73	0.730683
15.72	0.730788
15.71	0.730894
15.7	0.730999
15.69	0.731105
15.68	0.731211
15.67	0.731317
15.66	0.731423
15.65	0.73153
15.64	0.731636
15.63	0.731743
15.62	0.73185
15.61	0.731957
15.6	0.732064
15.59	0.732172
15.58	0.732279
15.57	0.732387
15.56	0.732495
15.55	0.732603
15.54	0.732711
15.53	0.73282
15.52	0.732929
15.51	0.733037
15.5	0.733146
15.49	0.733255
15.48	0.733365
15.47	0.733474
15.46	0.733584
15.45	0.733693
15.44	0.733803
15.43	0.733913
15.42	0.734024
15.41	0.734134
15.4	0.734245
15.39	0.734356
15.38	0.734467
15.37	0.734578
15.36	0.734689
15.35	0.734801
15.34	0.734912
15.33	0.735024
15.32	0.735136
15.31	0.735248
15.3	0.735361
15.29	0.735473
15.28	0.735586
15.27	0.735699
15.26	0.735812
15.25	0.735925
15.24	0.736039
15.23	0.736152
15.22	0.736266
15.21	0.73638
15.2	0.736494
15.19	0.736609
15.18	0.736723
15.17	0.736838
15.16	0.736953
15.15	0.737068
15.14	0.737183
15.13	0.737299
15.12	0.737414
15.11	0.73753
15.1	0.737646
15.09	0.737762
15.08	0.737879
15.07	0.737995
15.06	0.738112
15.05	0.738229
15.04	0.738346
15.03	0.738463
15.02	0.738581
15.01	0.738699
15	0.738816
14.99	0.738934
14.98	0.739053
14.97	0.739171
14.96	0.73929
14.95	0.739409
14.94	0.739528
14.93	0.739647
14.92	0.739766
14.91	0.739886
14.9	0.740006
14.89	0.740126
14.88	0.740246
14.87	0.740366
14.86	0.740487
14.85	0.740608
14.84	0.740728
14.83	0.74085
14.82	0.740971
14.81	0.741093
14.8	0.741214
14.79	0.741336
14.78	0.741458
14.77	0.741581
14.76	0.741703
14.75	0.741826
14.74	0.741949
14.73	0.742072
14.72	0.742196
14.71	0.742319
14.7	0.742443
14.69	0.742567
14.68	0.742691
14.67	0.742815
14.66	0.74294
14.65	0.743065
14.64	0.74319
14.63	0.743315
14.62	0.743441
14.61	0.743566
14.6	0.743692
14.59	0.743818
14.58	0.743944
14.57	0.744071
14.56	0.744197
14.55	0.744324
14.54	0.744451
14.53	0.744579
14.52	0.744706
14.51	0.744834
14.5	0.744962
14.49	0.74509
14.48	0.745219
14.47	0.745347
14.46	0.745476
14.45	0.745605
14.44	0.745734
14.43	0.745864
14.42	0.745993
14.41	0.746123
14.4	0.746253
14.39	0.746384
14.38	0.746514
14.37	0.746645
14.36	0.746776
14.35	0.746907
14.34	0.747039
14.33	0.747171
14.32	0.747302
14.31	0.747435
14.3	0.747567
14.29	0.7477
14.28	0.747832
14.27	0.747965
14.26	0.748099
14.25	0.748232
14.24	0.748366
14.23	0.7485
14.22	0.748634
14.21	0.748768
14.2	0.748903
14.19	0.749038
14.18	0.749173
14.17	0.749308
14.16	0.749444
14.15	0.74958
14.14	0.749716
14.13	0.749852
14.12	0.749989
14.11	0.750125
14.1	0.750262
14.09	0.7504
14.08	0.750537
14.07	0.750675
14.06	0.750813
14.05	0.750951
14.04	0.751089
14.03	0.751228
14.02	0.751367
14.01	0.751506
14	0.751645
13.99	0.751785
13.98	0.751925
13.97	0.752065
13.96	0.752205
13.95	0.752346
13.94	0.752487
13.93	0.752628
13.92	0.752769
13.91	0.752911
13.9	0.753053
13.89	0.753195
13.88	0.753337
13.87	0.75348
13.86	0.753623
13.85	0.753766
13.84	0.753909
13.83	0.754053
13.82	0.754197
13.81	0.754341
13.8	0.754485
13.79	0.75463
13.78	0.754775
13.77	0.75492
13.76	0.755065
13.75	0.755211
13.74	0.755357
13.73	0.755503
13.72	0.75565
13.71	0.755796
13.7	0.755943
13.69	0.756091
13.68	0.756238
13.67	0.756386
13.66	0.756534
13.65	0.756682
13.64	0.756831
13.63	0.75698
13.62	0.757129
13.61	0.757278
13.6	0.757428
13.59	0.757578
13.58	0.757728
13.57	0.757879
13.56	0.758029
13.55	0.75818
13.54	0.758332
13.53	0.758483
13.52	0.758635
13.51	0.758787
13.5	0.75894
13.49	0.759093
13.48	0.759245
13.47	0.759399
13.46	0.759552
13.45	0.759706
13.44	0.75986
13.43	0.760015
13.42	0.760169
13.41	0.760324
13.4	0.760479
13.39	0.760635
13.38	0.760791
13.37	0.760947
13.36	0.761103
13.35	0.76126
13.34	0.761417
13.33	0.761574
13.32	0.761732
13.31	0.76189
13.3	0.762048
13.29	0.762206
13.28	0.762365
13.27	0.762524
13.26	0.762683
13.25	0.762843
13.24	0.763003
13.23	0.763163
13.22	0.763324
13.21	0.763484
13.2	0.763646
13.19	0.763807
13.18	0.763969
13.17	0.764131
13.16	0.764293
13.15	0.764456
13.14	0.764619
13.13	0.764782
13.12	0.764946
13.11	0.765109
13.1	0.765274
13.09	0.765438
13.08	0.765603
13.07	0.765768
13.06	0.765934
13.05	0.766099
13.04	0.766265
13.03	0.766432
13.02	0.766599
13.01	0.766766
13	0.766933
12.99	0.767101
12.98	0.767269
12.97	0.767437
12.96	0.767606
12.95	0.767775
12.94	0.767944
12.93	0.768113
12.92	0.768283
12.91	0.768454
12.9	0.768624
12.89	0.768795
12.88	0.768966
12.87	0.769138
12.86	0.76931
12.85	0.769482
12.84	0.769655
12.83	0.769828
12.82	0.770001
12.81	0.770175
12.8	0.770349
12.79	0.770523
12.78	0.770698
12.77	0.770873
12.76	0.771048
12.75	0.771224
12.74	0.7714
12.73	0.771576
12.72	0.771753
12.71	0.77193
12.7	0.772107
12.69	0.772285
12.68	0.772463
12.67	0.772641
12.66	0.77282
12.65	0.772999
12.64	0.773179
12.63	0.773359
12.62	0.773539
12.61	0.773719
12.6	0.7739
12.59	0.774082
12.58	0.774263
12.57	0.774445
12.56	0.774628
12.55	0.77481
12.54	0.774994
12.53	0.775177
12.52	0.775361
12.51	0.775545
12.5	0.77573
12.49	0.775915
12.48	0.7761
12.47	0.776286
12.46	0.776472
12.45	0.776658
12.44	0.776845
12.43	0.777032
12.42	0.77722
12.41	0.777408
12.4	0.777596
12.39	0.777785
12.38	0.777974
12.37	0.778164
12.36	0.778354
12.35	0.778544
12.34	0.778735
12.33	0.778926
12.32	0.779117
12.31	0.779309
12.3	0.779501
12.29	0.779694
12.28	0.779887
12.27	0.78008
12.26	0.780274
12.25	0.780468
12.24	0.780663
12.23	0.780858
12.22	0.781053
12.21	0.781249
12.2	0.781445
12.19	0.781642
12.18	0.781839
12.17	0.782037
12.16	0.782234
12.15	0.782433
12.14	0.782631
12.13	0.782831
12.12	0.78303
12.11	0.78323
12.1	0.78343
12.09	0.783631
12.08	0.783832
12.07	0.784034
12.06	0.784236
12.05	0.784438
12.04	0.784641
12.03	0.784845
12.02	0.785048
12.01	0.785253
12	0.785457
11.99	0.785662
11.98	0.785868
11.97	0.786074
11.96	0.78628
11.95	0.786487
11.94	0.786694
11.93	0.786902
11.92	0.78711
11.91	0.787319
11.9	0.787528
11.89	0.787737
11.88	0.787947
11.87	0.788157
11.86	0.788368
11.85	0.788579
11.84	0.788791
11.83	0.789003
11.82	0.789216
11.81	0.789429
11.8	0.789643
11.79	0.789857
11.78	0.790071
11.77	0.790286
11.76	0.790501
11.75	0.790717
11.74	0.790934
11.73	0.79115
11.72	0.791368
11.71	0.791585
11.7	0.791804
11.69	0.792022
11.68	0.792242
11.67	0.792461
11.66	0.792681
11.65	0.792902
11.64	0.793123
11.63	0.793345
11.62	0.793567
11.61	0.793789
11.6	0.794012
11.59	0.794236
11.58	0.79446
11.57	0.794685
11.56	0.79491
11.55	0.795135
11.54	0.795361
11.53	0.795588
11.52	0.795815
11.51	0.796043
11.5	0.796271
11.49	0.796499
11.48	0.796728
11.47	0.796958
11.46	0.797188
11.45	0.797419
11.44	0.79765
11.43	0.797882
11.42	0.798114
11.41	0.798346
11.4	0.79858
11.39	0.798813
11.38	0.799048
11.37	0.799283
11.36	0.799518
11.35	0.799754
11.34	0.79999
11.33	0.800227
11.32	0.800465
11.31	0.800703
11.3	0.800941
11.29	0.801181
11.28	0.80142
11.27	0.80166
11.26	0.801901
11.25	0.802143
11.24	0.802384
11.23	0.802627
11.22	0.80287
11.21	0.803114
11.2	0.803358
11.19	0.803602
11.18	0.803848
11.17	0.804093
11.16	0.80434
11.15	0.804587
11.14	0.804834
11.13	0.805082
11.12	0.805331
11.11	0.80558
11.1	0.80583
11.09	0.806081
11.08	0.806332
11.07	0.806583
11.06	0.806836
11.05	0.807088
11.04	0.807342
11.03	0.807596
11.02	0.80785
11.01	0.808105
11	0.808361
10.99	0.808618
10.98	0.808875
10.97	0.809132
10.96	0.80939
10.95	0.809649
10.94	0.809909
10.93	0.810169
10.92	0.810429
10.91	0.810691
10.9	0.810953
10.89	0.811215
10.88	0.811478
10.87	0.811742
10.86	0.812007
10.85	0.812272
10.84	0.812537
10.83	0.812804
10.82	0.813071
10.81	0.813338
10.8	0.813607
10.79	0.813876
10.78	0.814145
10.77	0.814416
10.76	0.814686
10.75	0.814958
10.74	0.81523
10.73	0.815503
10.72	0.815777
10.71	0.816051
10.7	0.816326
10.69	0.816601
10.68	0.816877
10.67	0.817154
10.66	0.817432
10.65	0.81771
10.64	0.817989
10.63	0.818269
10.62	0.818549
10.61	0.81883
10.6	0.819112
10.59	0.819394
10.58	0.819678
10.57	0.819961
10.56	0.820246
10.55	0.820531
10.54	0.820817
10.53	0.821104
10.52	0.821391
10.51	0.821679
10.5	0.821968
10.49	0.822258
10.48	0.822548
10.47	0.822839
10.46	0.823131
10.45	0.823423
10.44	0.823716
10.43	0.82401
10.42	0.824305
10.41	0.824601
10.4	0.824897
10.39	0.825194
10.38	0.825491
10.37	0.82579
10.36	0.826089
10.35	0.826389
10.34	0.82669
10.33	0.826991
10.32	0.827294
10.31	0.827597
10.3	0.827901
10.29	0.828205
10.28	0.828511
10.27	0.828817
10.26	0.829124
10.25	0.829432
10.24	0.82974
10.23	0.83005
10.22	0.83036
10.21	0.830671
10.2	0.830983
10.19	0.831295
10.18	0.831609
10.17	0.831923
10.16	0.832238
10.15	0.832554
10.14	0.832871
10.13	0.833188
10.12	0.833506
10.11	0.833826
10.1	0.834146
10.09	0.834467
10.08	0.834788
10.07	0.835111
10.06	0.835434
10.05	0.835759
10.04	0.836084
10.03	0.83641
10.02	0.836737
10.01	0.837065
10	0.837393
9.99	0.837723
9.98	0.838053
9.97	0.838385
9.96	0.838717
9.95	0.83905
9.94	0.839384
9.93	0.839719
9.92	0.840055
9.91	0.840391
9.9	0.840729
9.89	0.841068
9.88	0.841407
9.87	0.841747
9.86	0.842089
9.85	0.842431
9.84	0.842774
9.83	0.843118
9.82	0.843463
9.81	0.843809
9.8	0.844156
9.79	0.844504
9.78	0.844853
9.77	0.845203
9.76	0.845553
9.75	0.845905
9.74	0.846258
9.73	0.846611
9.72	0.846966
9.71	0.847322
9.7	0.847678
9.69	0.848036
9.68	0.848395
9.67	0.848754
9.66	0.849115
9.65	0.849477
9.64	0.849839
9.63	0.850203
9.62	0.850568
9.61	0.850933
9.6	0.8513
9.59	0.851668
9.58	0.852037
9.57	0.852406
9.56	0.852777
9.55	0.853149
9.54	0.853522
9.53	0.853896
9.52	0.854271
9.51	0.854648
9.5	0.855025
9.49	0.855403
9.48	0.855783
9.47	0.856163
9.46	0.856545
9.45	0.856928
9.44	0.857311
9.43	0.857696
9.42	0.858082
9.41	0.85847
9.4	0.858858
9.39	0.859247
9.38	0.859638
9.37	0.86003
9.36	0.860422
9.35	0.860816
9.34	0.861211
9.33	0.861608
9.32	0.862005
9.31	0.862404
9.3	0.862804
9.29	0.863204
9.28	0.863607
9.27	0.86401
9.26	0.864414
9.25	0.86482
9.24	0.865227
9.23	0.865635
9.22	0.866045
9.21	0.866455
9.2	0.866867
9.19	0.86728
9.18	0.867694
9.17	0.86811
9.16	0.868526
9.15	0.868944
9.14	0.869363
9.13	0.869784
9.12	0.870206
9.11	0.870629
9.1	0.871053
9.09	0.871479
9.08	0.871906
9.07	0.872334
9.06	0.872763
9.05	0.873194
9.04	0.873626
9.03	0.87406
9.02	0.874494
9.01	0.87493
9	0.875368
8.99	0.875807
8.98	0.876247
8.97	0.876688
8.96	0.877131
8.95	0.877575
8.94	0.878021
8.93	0.878468
8.92	0.878916
8.91	0.879366
8.9	0.879817
8.89	0.88027
8.88	0.880724
8.87	0.881179
8.86	0.881636
8.85	0.882094
8.84	0.882554
8.83	0.883015
8.82	0.883478
8.81	0.883942
8.8	0.884408
8.79	0.884875
8.78	0.885343
8.77	0.885813
8.76	0.886285
8.75	0.886758
8.74	0.887232
8.73	0.887708
8.72	0.888186
8.71	0.888665
8.7	0.889145
8.69	0.889628
8.68	0.890111
8.67	0.890597
8.66	0.891083
8.65	0.891572
8.64	0.892062
8.63	0.892554
8.62	0.893047
8.61	0.893542
8.6	0.894038
8.59	0.894536
8.58	0.895036
8.57	0.895537
8.56	0.89604
8.55	0.896545
8.54	0.897051
8.53	0.897559
8.52	0.898069
8.51	0.89858
8.5	0.899093
8.49	0.899608
8.48	0.900124
8.47	0.900643
8.46	0.901163
8.45	0.901684
8.44	0.902208
8.43	0.902733
8.42	0.90326
8.41	0.903788
8.4	0.904319
8.39	0.904851
8.38	0.905385
8.37	0.905921
8.36	0.906459
8.35	0.906998
8.34	0.90754
8.33	0.908083
8.32	0.908628
8.31	0.909175
8.3	0.909724
8.29	0.910275
8.28	0.910827
8.27	0.911382
8.26	0.911938
8.25	0.912497
8.24	0.913057
8.23	0.913619
8.22	0.914183
8.21	0.914749
8.2	0.915317
8.19	0.915888
8.18	0.91646
8.17	0.917034
8.16	0.91761
8.15	0.918188
8.14	0.918768
8.13	0.919351
8.12	0.919935
8.11	0.920521
8.1	0.92111
8.09	0.9217
8.08	0.922293
8.07	0.922888
8.06	0.923484
8.05	0.924083
8.04	0.924685
8.03	0.925288
8.02	0.925893
8.01	0.926501
8	0.927111
7.99	0.927723
7.98	0.928337
7.97	0.928954
7.96	0.929572
7.95	0.930193
7.94	0.930817
7.93	0.931442
7.92	0.93207
7.91	0.9327
7.9	0.933333
7.89	0.933967
7.88	0.934605
7.87	0.935244
7.86	0.935886
7.85	0.93653
7.84	0.937177
7.83	0.937826
7.82	0.938477
7.81	0.939131
7.8	0.939787
7.79	0.940446
7.78	0.941107
7.77	0.941771
7.76	0.942437
7.75	0.943106
7.74	0.943777
7.73	0.944451
7.72	0.945128
7.71	0.945807
7.7	0.946488
7.69	0.947172
7.68	0.947859
7.67	0.948548
7.66	0.94924
7.65	0.949935
7.64	0.950632
7.63	0.951333
7.62	0.952035
7.61	0.952741
7.6	0.953449
7.59	0.95416
7.58	0.954874
7.57	0.95559
7.56	0.95631
7.55	0.957032
7.54	0.957757
7.53	0.958485
7.52	0.959215
7.51	0.959949
7.5	0.960685
7.49	0.961425
7.48	0.962167
7.47	0.962912
7.46	0.963661
7.45	0.964412
7.44	0.965166
7.43	0.965923
7.42	0.966684
7.41	0.967447
7.4	0.968214
7.39	0.968983
7.38	0.969756
7.37	0.970532
7.36	0.971311
7.35	0.972093
7.34	0.972878
7.33	0.973667
7.32	0.974458
7.31	0.975253
7.3	0.976052
7.29	0.976853
7.28	0.977658
7.27	0.978466
7.26	0.979278
7.25	0.980093
7.24	0.980911
7.23	0.981733
7.22	0.982558
7.21	0.983387
7.2	0.984219
7.19	0.985054
7.18	0.985893
7.17	0.986736
7.16	0.987582
7.15	0.988432
7.14	0.989285
7.13	0.990142
7.12	0.991003
7.11	0.991867
7.1	0.992736
7.09	0.993607
7.08	0.994483
7.07	0.995362
7.06	0.996245
7.05	0.997132
7.04	0.998023
7.03	0.998918
7.02	0.999816
7.01	1.00072
7	1.00162
6.99	1.00254
6.98	1.00345
6.97	1.00437
6.96	1.00529
6.95	1.00622
6.94	1.00715
6.93	1.00808
6.92	1.00902
6.91	1.00996
6.9	1.01091
6.89	1.01186
6.88	1.01282
6.87	1.01378
6.86	1.01474
6.85	1.01571
6.84	1.01669
6.83	1.01766
6.82	1.01864
6.81	1.01963
6.8	1.02062
6.79	1.02162
6.78	1.02262
6.77	1.02362
6.76	1.02463
6.75	1.02565
6.74	1.02666
6.73	1.02769
6.72	1.02872
6.71	1.02975
6.7	1.03079
6.69	1.03183
6.68	1.03288
6.67	1.03393
6.66	1.03499
6.65	1.03605
6.64	1.03712
6.63	1.03819
6.62	1.03927
6.61	1.04035
6.6	1.04144
6.59	1.04253
6.58	1.04363
6.57	1.04473
6.56	1.04584
6.55	1.04695
6.54	1.04807
6.53	1.0492
6.52	1.05033
6.51	1.05146
6.5	1.05261
6.49	1.05375
6.48	1.05491
6.47	1.05606
6.46	1.05723
6.45	1.0584
6.44	1.05957
6.43	1.06076
6.42	1.06194
6.41	1.06314
6.4	1.06433
6.39	1.06554
6.38	1.06675
6.37	1.06797
6.36	1.06919
6.35	1.07042
6.34	1.07166
6.33	1.0729
6.32	1.07415
6.31	1.0754
6.3	1.07666
6.29	1.07793
6.28	1.07921
6.27	1.08049
6.26	1.08178
6.25	1.08307
6.24	1.08437
6.23	1.08568
6.22	1.08699
6.21	1.08831
6.2	1.08964
6.19	1.09098
6.18	1.09232
6.17	1.09367
6.16	1.09503
6.15	1.09639
6.14	1.09776
6.13	1.09914
6.12	1.10053
6.11	1.10192
6.1	1.10332
6.09	1.10473
6.08	1.10614
6.07	1.10757
6.06	1.109
6.05	1.11044
6.04	1.11189
6.03	1.11334
6.02	1.1148
6.01	1.11628
6	1.11775
5.99	1.11924
5.98	1.12074
5.97	1.12224
5.96	1.12375
5.95	1.12528
5.94	1.1268
5.93	1.12834
5.92	1.12989
5.91	1.13144
5.9	1.13301
5.89	1.13458
5.88	1.13616
5.87	1.13776
5.86	1.13936
5.85	1.14097
5.84	1.14258
5.83	1.14421
5.82	1.14585
5.81	1.1475
5.8	1.14915
5.79	1.15082
5.78	1.1525
5.77	1.15418
5.76	1.15588
5.75	1.15758
5.74	1.1593
5.73	1.16103
5.72	1.16276
5.71	1.16451
5.7	1.16627
5.69	1.16804
5.68	1.16981
5.67	1.1716
5.66	1.1734
5.65	1.17522
5.64	1.17704
5.63	1.17887
5.62	1.18072
5.61	1.18257
5.6	1.18444
5.59	1.18632
5.58	1.18821
5.57	1.19011
5.56	1.19203
5.55	1.19395
5.54	1.19589
5.53	1.19784
5.52	1.19981
5.51	1.20178
5.5	1.20377
5.49	1.20577
5.48	1.20778
5.47	1.20981
5.46	1.21185
5.45	1.2139
5.44	1.21597
5.43	1.21805
5.42	1.22014
5.41	1.22225
5.4	1.22437
5.39	1.2265
5.38	1.22865
5.37	1.23081
5.36	1.23299
5.35	1.23518
5.34	1.23739
5.33	1.23961
5.32	1.24184
5.31	1.24409
5.3	1.24636
5.29	1.24864
5.28	1.25094
5.27	1.25325
5.26	1.25558
5.25	1.25792
5.24	1.26028
5.23	1.26266
5.22	1.26505
5.21	1.26746
5.2	1.26989
5.19	1.27233
5.18	1.2748
5.17	1.27727
5.16	1.27977
5.15	1.28228
5.14	1.28482
5.13	1.28736
5.12	1.28993
5.11	1.29252
5.1	1.29512
5.09	1.29775
5.08	1.30039
5.07	1.30305
5.06	1.30574
5.05	1.30844
5.04	1.31116
5.03	1.3139
5.02	1.31666
5.01	1.31945
5	1.32225
4.99	1.32507
4.98	1.32792
4.97	1.33079
4.96	1.33367
4.95	1.33659
4.94	1.33952
4.93	1.34247
4.92	1.34545
4.91	1.34845
4.9	1.35148
4.89	1.35453
4.88	1.3576
4.87	1.36069
4.86	1.36381
4.85	1.36696
4.84	1.37013
4.83	1.37332
4.82	1.37654
4.81	1.37979
4.8	1.38306
4.79	1.38636
4.78	1.38969
4.77	1.39304
4.76	1.39642
4.75	1.39983
4.74	1.40326
4.73	1.40673
4.72	1.41022
4.71	1.41374
4.7	1.41729
4.69	1.42087
4.68	1.42449
4.67	1.42813
4.66	1.4318
4.65	1.4355
4.64	1.43924
4.63	1.44301
4.62	1.44681
4.61	1.45064
4.6	1.45451
4.59	1.45841
4.58	1.46234
4.57	1.46631
4.56	1.47032
4.55	1.47436
4.54	1.47843
4.53	1.48254
4.52	1.48669
4.51	1.49088
4.5	1.4951
4.49	1.49937
4.48	1.50367
4.47	1.50801
4.46	1.51239
4.45	1.51682
4.44	1.52128
4.43	1.52579
4.42	1.53033
4.41	1.53492
4.4	1.53956
4.39	1.54424
4.38	1.54896
4.37	1.55373
4.36	1.55854
4.35	1.5634
4.34	1.56831
4.33	1.57327
4.32	1.57827
4.31	1.58333
4.3	1.58843
4.29	1.59359
4.28	1.59879
4.27	1.60405
4.26	1.60937
4.25	1.61473
4.24	1.62015
4.23	1.62563
4.22	1.63116
4.21	1.63675
4.2	1.6424
4.19	1.64811
4.18	1.65388
4.17	1.65971
4.16	1.6656
4.15	1.67155
4.14	1.67757
4.13	1.68366
4.12	1.6898
4.11	1.69602
4.1	1.7023
4.09	1.70866
4.08	1.71508
4.07	1.72158
4.06	1.72814
4.05	1.73479
4.04	1.7415
4.03	1.7483
4.02	1.75517
4.01	1.76212
4	1.76915
3.99	1.77626
3.98	1.78346
3.97	1.79074
3.96	1.7981
3.95	1.80556
3.94	1.8131
3.93	1.82074
3.92	1.82846
3.91	1.83628
3.9	1.8442
3.89	1.85222
3.88	1.86033
3.87	1.86855
3.86	1.87686
3.85	1.88529
3.84	1.89382
3.83	1.90246
3.82	1.91121
3.81	1.92008
3.8	1.92906
3.79	1.93816
3.78	1.94738
3.77	1.95672
3.76	1.96619
3.75	1.97579
3.74	1.98551
3.73	1.99537
3.72	2.00537
3.71	2.0155
3.7	2.02578
3.69	2.0362
3.68	2.04676
3.67	2.05748
3.66	2.06836
3.65	2.07939
3.64	2.09058
3.63	2.10194
3.62	2.11346
3.61	2.12516
3.6	2.13703
3.59	2.14909
3.58	2.16133
3.57	2.17375
3.56	2.18638
3.55	2.19919
3.54	2.21222
3.53	2.22545
3.52	2.23889
3.51	2.25255
3.5	2.26643
3.49	2.28055
3.48	2.2949
3.47	2.30949
3.46	2.32433
3.45	2.33942
3.44	2.35477
3.43	2.3704
3.42	2.38629
3.41	2.40248
3.4	2.41895
3.39	2.43572
3.38	2.4528
3.37	2.4702
3.36	2.48793
3.35	2.50599
3.34	2.52439
3.33	2.54316
3.32	2.56229
3.31	2.5818
3.3	2.60171
3.29	2.62202
3.28	2.64274
3.27	2.6639
3.26	2.68551
3.25	2.70758
3.24	2.73012
3.23	2.75316
3.22	2.77671
3.21	2.8008
3.2	2.82543
3.19	2.85064
3.18	2.87644
3.17	2.90286
3.16	2.92992
3.15	2.95765
3.14	2.98607
3.13	3.01522
3.12	3.04512
3.11	3.07582
3.1	3.10734
3.09	3.13972
3.08	3.173
3.07	3.20723
3.06	3.24246
3.05	3.27872
3.04	3.31609
3.03	3.3546
3.02	3.39434
3.01	3.43536
3	3.47773
2.99	3.52154
2.98	3.56688
2.97	3.61384
2.96	3.66251
2.95	3.71303
2.94	3.76551
2.93	3.82009
2.92	3.87693
2.91	3.9362
2.9	3.99809
2.89	4.06282
2.88	4.13063
2.87	4.2018
2.86	4.27665
2.85	4.35554
2.84	4.43888
2.83	4.52717
2.82	4.62098
2.81	4.72099
2.8	4.82801
2.79	4.94302
2.78	5.06723
2.77	5.20214
2.76	5.34964
2.75	5.51221
2.74	5.69309
2.73	5.89672
2.72	6.12939
2.71	6.40041
2.7	6.72444
2.69	7.1266
2.68	7.65558
2.67	8.42732
2.66	9.8678
-2.66	9.8678
-2.67	8.42732
-2.68	7.65558
-2.69	7.1266
-2.7	6.72444
-2.71	6.40041
-2.72	6.12939
-2.73	5.89672
-2.74	5.69309
-2.75	5.51221
-2.76	5.34964
-2.77	5.20214
-2.78	5.06723
-2.79	4.94302
-2.8	4.82801
-2.81	4.72099
-2.82	4.62098
-2.83	4.52717
-2.84	4.43888
-2.85	4.35554
-2.86	4.27665
-2.87	4.2018
-2.88	4.13063
-2.89	4.06282
-2.9	3.99809
-2.91	3.9362
-2.92	3.87693
-2.93	3.82009
-2.94	3.76551
-2.95	3.71303
-2.96	3.66251
-2.97	3.61384
-2.98	3.56688
-2.99	3.52154
-3	3.47773
-3.01	3.43536
-3.02	3.39434
-3.03	3.3546
-3.04	3.31609
-3.05	3.27872
-3.06	3.24246
-3.07	3.20723
-3.08	3.173
-3.09	3.13972
-3.1	3.10734
-3.11	3.07582
-3.12	3.04512
-3.13	3.01522
-3.14	2.98607
-3.15	2.95765
-3.16	2.92992
-3.17	2.90286
-3.18	2.87644
-3.19	2.85064
-3.2	2.82543
-3.21	2.8008
-3.22	2.77671
-3.23	2.75316
-3.24	2.73012
-3.25	2.70758
-3.26	2.68551
-3.27	2.6639
-3.28	2.64274
-3.29	2.62202
-3.3	2.60171
-3.31	2.5818
-3.32	2.56229
-3.33	2.54316
-3.34	2.52439
-3.35	2.50599
-3.36	2.48793
-3.37	2.4702
-3.38	2.4528
-3.39	2.43572
-3.4	2.41895
-3.41	2.40248
-3.42	2.38629
-3.43	2.3704
-3.44	2.35477
-3.45	2.33942
-3.46	2.32433
-3.47	2.30949
-3.48	2.2949
-3.49	2.28055
-3.5	2.26643
-3.51	2.25255
-3.52	2.23889
-3.53	2.22545
-3.54	2.21222
-3.55	2.19919
-3.56	2.18638
-3.57	2.17375
-3.58	2.16133
-3.59	2.14909
-3.6	2.13703
-3.61	2.12516
-3.62	2.11346
-3.63	2.10194
-3.64	2.09058
-3.65	2.07939
-3.66	2.06836
-3.67	2.05748
-3.68	2.04676
-3.69	2.0362
-3.7	2.02578
-3.71	2.0155
-3.72	2.00537
-3.73	1.99537
-3.74	1.98551
-3.75	1.97579
-3.76	1.96619
-3.77	1.95672
-3.78	1.94738
-3.79	1.93816
-3.8	1.92906
-3.81	1.92008
-3.82	1.91121
-3.83	1.90246
-3.84	1.89382
-3.85	1.88529
-3.86	1.87686
-3.87	1.86855
-3.88	1.86033
-3.89	1.85222
-3.9	1.8442
-3.91	1.83628
-3.92	1.82846
-3.93	1.82074
-3.94	1.8131
-3.95	1.80556
-3.96	1.7981
-3.97	1.79074
-3.98	1.78346
-3.99	1.77626
-4	1.76915
-4.01	1.76212
-4.02	1.75517
-4.03	1.7483
-4.04	1.7415
-4.05	1.73479
-4.06	1.72814
-4.07	1.72158
-4.08	1.71508
-4.09	1.70866
-4.1	1.7023
-4.11	1.69602
-4.12	1.6898
-4.13	1.68366
-4.14	1.67757
-4.15	1.67155
-4.16	1.6656
-4.17	1.65971
-4.18	1.65388
-4.19	1.64811
-4.2	1.6424
-4.21	1.63675
-4.22	1.63116
-4.23	1.62563
-4.24	1.62015
-4.25	1.61473
-4.26	1.60937
-4.27	1.60405
-4.28	1.59879
-4.29	1.59359
-4.3	1.58843
-4.31	1.58333
-4.32	1.57827
-4.33	1.57327
-4.34	1.56831
-4.35	1.5634
-4.36	1.55854
-4.37	1.55373
-4.38	1.54896
-4.39	1.54424
-4.4	1.53956
-4.41	1.53492
-4.42	1.53033
-4.43	1.52579
-4.44	1.52128
-4.45	1.51682
-4.46	1.51239
-4.47	1.50801
-4.48	1.50367
-4.49	1.49937
-4.5	1.4951
-4.51	1.49088
-4.52	1.48669
-4.53	1.48254
-4.54	1.47843
-4.55	1.47436
-4.56	1.47032
-4.57	1.46631
-4.58	1.46234
-4.59	1.45841
-4.6	1.45451
-4.61	1.45064
-4.62	1.44681
-4.63	1.44301
-4.64	1.43924
-4.65	1.4355
-4.66	1.4318
-4.67	1.42813
-4.68	1.42449
-4.69	1.42087
-4.7	1.41729
-4.71	1.41374
-4.72	1.41022
-4.73	1.40673
-4.74	1.40326
-4.75	1.39983
-4.76	1.39642
-4.77	1.39304
-4.78	1.38969
-4.79	1.38636
-4.8	1.38306
-4.81	1.37979
-4.82	1.37654
-4.83	1.37332
-4.84	1.37013
-4.85	1.36696
-4.86	1.36381
-4.87	1.36069
-4.88	1.3576
-4.89	1.35453
-4.9	1.35148
-4.91	1.34845
-4.92	1.34545
-4.93	1.34247
-4.94	1.33952
-4.95	1.33659
-4.96	1.33367
-4.97	1.33079
-4.98	1.32792
-4.99	1.32507
-5	1.32225
-5.01	1.31945
-5.02	1.31666
-5.03	1.3139
-5.04	1.31116
-5.05	1.30844
-5.06	1.30574
-5.07	1.30305
-5.08	1.30039
-5.09	1.29775
-5.1	1.29512
-5.11	1.29252
-5.12	1.28993
-5.13	1.28736
-5.14	1.28482
-5.15	1.28228
-5.16	1.27977
-5.17	1.27727
-5.18	1.2748
-5.19	1.27233
-5.2	1.26989
-5.21	1.26746
-5.22	1.26505
-5.23	1.26266
-5.24	1.26028
-5.25	1.25792
-5.26	1.25558
-5.27	1.25325
-5.28	1.25094
-5.29	1.24864
-5.3	1.24636
-5.31	1.24409
-5.32	1.24184
-5.33	1.23961
-5.34	1.23739
-5.35	1.23518
-5.36	1.23299
-5.37	1.23081
-5.38	1.22865
-5.39	1.2265
-5.4	1.22437
-5.41	1.22225
-5.42	1.22014
-5.43	1.21805
-5.44	1.21597
-5.45	1.2139
-5.46	1.21185
-5.47	1.20981
-5.48	1.20778
-5.49	1.20577
-5.5	1.20377
-5.51	1.20178
-5.52	1.19981
-5.53	1.19784
-5.54	1.19589
-5.55	1.19395
-5.56	1.19203
-5.57	1.19011
-5.58	1.18821
-5.59	1.18632
-5.6	1.18444
-5.61	1.18257
-5.62	1.18072
-5.63	1.17887
-5.64	1.17704
-5.65	1.17522
-5.66	1.1734
-5.67	1.1716
-5.68	1.16981
-5.69	1.16804
-5.7	1.16627
-5.71	1.16451
-5.72	1.16276
-5.73	1.16103
-5.74	1.1593
-5.75	1.15758
-5.76	1.15588
-5.77	1.15418
-5.78	1.1525
-5.79	1.15082
-5.8	1.14915
-5.81	1.1475
-5.82	1.14585
-5.83	1.14421
-5.84	1.14258
-5.85	1.14097
-5.86	1.13936
-5.87	1.13776
-5.88	1.13616
-5.89	1.13458
-5.9	1.13301
-5.91	1.13144
-5.92	1.12989
-5.93	1.12834
-5.94	1.1268
-5.95	1.12528
-5.96	1.12375
-5.97	1.12224
-5.98	1.12074
-5.99	1.11924
-6	1.11775
-6.01	1.11628
-6.02	1.1148
-6.03	1.11334
-6.04	1.11189
-6.05	1.11044
-6.06	1.109
-6.07	1.10757
-6.08	1.10614
-6.09	1.10473
-6.1	1.10332
-6.11	1.10192
-6.12	1.10053
-6.13	1.09914
-6.14	1.09776
-6.15	1.09639
-6.16	1.09503
-6.17	1.09367
-6.18	1.09232
-6.19	1.09098
-6.2	1.08964
-6.21	1.08831
-6.22	1.08699
-6.23	1.08568
-6.24	1.08437
-6.25	1.08307
-6.26	1.08178
-6.27	1.08049
-6.28	1.07921
-6.29	1.07793
-6.3	1.07666
-6.31	1.0754
-6.32	1.07415
-6.33	1.0729
-6.34	1.07166
-6.35	1.07042
-6.36	1.06919
-6.37	1.06797
-6.38	1.06675
-6.39	1.06554
-6.4	1.06433
-6.41	1.06314
-6.42	1.06194
-6.43	1.06076
-6.44	1.05957
-6.45	1.0584
-6.46	1.05723
-6.47	1.05606
-6.48	1.05491
-6.49	1.05375
-6.5	1.05261
-6.51	1.05146
-6.52	1.05033
-6.53	1.0492
-6.54	1.04807
-6.55	1.04695
-6.56	1.04584
-6.57	1.04473
-6.58	1.04363
-6.59	1.04253
-6.6	1.04144
-6.61	1.04035
-6.62	1.03927
-6.63	1.03819
-6.64	1.03712
-6.65	1.03605
-6.66	1.03499
-6.67	1.03393
-6.68	1.03288
-6.69	1.03183
-6.7	1.03079
-6.71	1.02975
-6.72	1.02872
-6.73	1.02769
-6.74	1.02666
-6.75	1.02565
-6.76	1.02463
-6.77	1.02362
-6.78	1.02262
-6.79	1.02162
-6.8	1.02062
-6.81	1.01963
-6.82	1.01864
-6.83	1.01766
-6.84	1.01669
-6.85	1.01571
-6.86	1.01474
-6.87	1.01378
-6.88	1.01282
-6.89	1.01186
-6.9	1.01091
-6.91	1.00996
-6.92	1.00902
-6.93	1.00808
-6.94	1.00715
-6.95	1.00622
-6.96	1.00529
-6.97	1.00437
-6.98	1.00345
-6.99	1.00254
-7	1.00162
-7.01	1.00072
-7.02	0.999816
-7.03	0.998918
-7.04	0.998023
-7.05	0.997132
-7.06	0.996245
-7.07	0.995362
-7.08	0.994483
-7.09	0.993607
-7.1	0.992736
-7.11	0.991867
-7.12	0.991003
-7.13	0.990142
-7.14	0.989285
-7.15	0.988432
-7.16	0.987582
-7.17	0.986736
-7.18	0.985893
-7.19	0.985054
-7.2	0.984219
-7.21	0.983387
-7.22	0.982558
-7.23	0.981733
-7.24	0.980911
-7.25	0.980093
-7.26	0.979278
-7.27	0.978466
-7.28	0.977658
-7.29	0.976853
-7.3	0.976052
-7.31	0.975253
-7.32	0.974458
-7.33	0.973667
-7.34	0.972878
-7.35	0.972093
-7.36	0.971311
-7.37	0.970532
-7.38	0.969756
-7.39	0.968983
-7.4	0.968214
-7.41	0.967447
-7.42	0.966684
-7.43	0.965923
-7.44	0.965166
-7.45	0.964412
-7.46	0.963661
-7.47	0.962912
-7.48	0.962167
-7.49	0.961425
-7.5	0.960685
-7.51	0.959949
-7.52	0.959215
-7.53	0.958485
-7.54	0.957757
-7.55	0.957032
-7.56	0.95631
-7.57	0.95559
-7.58	0.954874
-7.59	0.95416
-7.6	0.953449
-7.61	0.952741
-7.62	0.952035
-7.63	0.951333
-7.64	0.950632
-7.65	0.949935
-7.66	0.94924
-7.67	0.948548
-7.68	0.947859
-7.69	0.947172
-7.7	0.946488
-7.71	0.945807
-7.72	0.945128
-7.73	0.944451
-7.74	0.943777
-7.75	0.943106
-7.76	0.942437
-7.77	0.941771
-7.78	0.941107
-7.79	0.940446
-7.8	0.939787
-7.81	0.939131
-7.82	0.938477
-7.83	0.937826
-7.84	0.937177
-7.85	0.93653
-7.86	0.935886
-7.87	0.935244
-7.88	0.934605
-7.89	0.933967
-7.9	0.933333
-7.91	0.9327
-7.92	0.93207
-7.93	0.931442
-7.94	0.930817
-7.95	0.930193
-7.96	0.929572
-7.97	0.928954
-7.98	0.928337
-7.99	0.927723
-8	0.927111
-8.01	0.926501
-8.02	0.925893
-8.03	0.925288
-8.04	0.924685
-8.05	0.924083
-8.06	0.923484
-8.07	0.922888
-8.08	0.922293
-8.09	0.9217
-8.1	0.92111
-8.11	0.920521
-8.12	0.919935
-8.13	0.919351
-8.14	0.918768
-8.15	0.918188
-8.16	0.91761
-8.17	0.917034
-8.18	0.91646
-8.19	0.915888
-8.2	0.915317
-8.21	0.914749
-8.22	0.914183
-8.23	0.913619
-8.24	0.913057
-8.25	0.912497
-8.26	0.911938
-8.27	0.911382
-8.28	0.910827
-8.29	0.910275
-8.3	0.909724
-8.31	0.909175
-8.32	0.908628
-8.33	0.908083
-8.34	0.90754
-8.35	0.906998
-8.36	0.906459
-8.37	0.905921
-8.38	0.905385
-8.39	0.904851
-8.4	0.904319
-8.41	0.903788
-8.42	0.90326
-8.43	0.902733
-8.44	0.902208
-8.45	0.901684
-8.46	0.901163
-8.47	0.900643
-8.48	0.900124
-8.49	0.899608
-8.5	0.899093
-8.51	0.89858
-8.52	0.898069
-8.53	0.897559
-8.54	0.897051
-8.55	0.896545
-8.56	0.89604
-8.57	0.895537
-8.58	0.895036
-8.59	0.894536
-8.6	0.894038
-8.61	0.893542
-8.62	0.893047
-8.63	0.892554
-8.64	0.892062
-8.65	0.891572
-8.66	0.891083
-8.67	0.890597
-8.68	0.890111
-8.69	0.889628
-8.7	0.889145
-8.71	0.888665
-8.72	0.888186
-8.73	0.887708
-8.74	0.887232
-8.75	0.886758
-8.76	0.886285
-8.77	0.885813
-8.78	0.885343
-8.79	0.884875
-8.8	0.884408
-8.81	0.883942
-8.82	0.883478
-8.83	0.883015
-8.84	0.882554
-8.85	0.882094
-8.86	0.881636
-8.87	0.881179
-8.88	0.880724
-8.89	0.88027
-8.9	0.879817
-8.91	0.879366
-8.92	0.878916
-8.93	0.878468
-8.94	0.878021
-8.95	0.877575
-8.96	0.877131
-8.97	0.876688
-8.98	0.876247
-8.99	0.875807
-9	0.875368
-9.01	0.87493
-9.02	0.874494
-9.03	0.87406
-9.04	0.873626
-9.05	0.873194
-9.06	0.872763
-9.07	0.872334
-9.08	0.871906
-9.09	0.871479
-9.1	0.871053
-9.11	0.870629
-9.12	0.870206
-9.13	0.869784
-9.14	0.869363
-9.15	0.868944
-9.16	0.868526
-9.17	0.86811
-9.18	0.867694
-9.19	0.86728
-9.2	0.866867
-9.21	0.866455
-9.22	0.866045
-9.23	0.865635
-9.24	0.865227
-9.25	0.86482
-9.26	0.864414
-9.27	0.86401
-9.28	0.863607
-9.29	0.863204
-9.3	0.862804
-9.31	0.862404
-9.32	0.862005
-9.33	0.861608
-9.34	0.861211
-9.35	0.860816
-9.36	0.860422
-9.37	0.86003
-9.38	0.859638
-9.39	0.859247
-9.4	0.858858
-9.41	0.85847
-9.42	0.858082
-9.43	0.857696
-9.44	0.857311
-9.45	0.856928
-9.46	0.856545
-9.47	0.856163
-9.48	0.855783
-9.49	0.855403
-9.5	0.855025
-9.51	0.854648
-9.52	0.854271
-9.53	0.853896
-9.54	0.853522
-9.55	0.853149
-9.56	0.852777
-9.57	0.852406
-9.58	0.852037
-9.59	0.851668
-9.6	0.8513
-9.61	0.850933
-9.62	0.850568
-9.63	0.850203
-9.64	0.849839
-9.65	0.849477
-9.66	0.849115
-9.67	0.848754
-9.68	0.848395
-9.69	0.848036
-9.7	0.847678
-9.71	0.847322
-9.72	0.846966
-9.73	0.846611
-9.74	0.846258
-9.75	0.845905
-9.76	0.845553
-9.77	0.845203
-9.78	0.844853
-9.79	0.844504
-9.8	0.844156
-9.81	0.843809
-9.82	0.843463
-9.83	0.843118
-9.84	0.842774
-9.85	0.842431
-9.86	0.842089
-9.87	0.841747
-9.88	0.841407
-9.89	0.841068
-9.9	0.840729
-9.91	0.840391
-9.92	0.840055
-9.93	0.839719
-9.94	0.839384
-9.95	0.83905
-9.96	0.838717
-9.97	0.838385
-9.98	0.838053
-9.99	0.837723
-10	0.837393
-10.01	0.837065
-10.02	0.836737
-10.03	0.83641
-10.04	0.836084
-10.05	0.835759
-10.06	0.835434
-10.07	0.835111
-10.08	0.834788
-10.09	0.834467
-10.1	0.834146
-10.11	0.833826
-10.12	0.833506
-10.13	0.833188
-10.14	0.832871
-10.15	0.832554
-10.16	0.832238
-10.17	0.831923
-10.18	0.831609
-10.19	0.831295
-10.2	0.830983
-10.21	0.830671
-10.22	0.83036
-10.23	0.83005
-10.24	0.82974
-10.25	0.829432
-10.26	0.829124
-10.27	0.828817
-10.28	0.828511
-10.29	0.828205
-10.3	0.827901
-10.31	0.827597
-10.32	0.827294
-10.33	0.826991
-10.34	0.82669
-10.35	0.826389
-10.36	0.826089
-10.37	0.82579
-10.38	0.825491
-10.39	0.825194
-10.4	0.824897
-10.41	0.824601
-10.42	0.824305
-10.43	0.82401
-10.44	0.823716
-10.45	0.823423
-10.46	0.823131
-10.47	0.822839
-10.48	0.822548
-10.49	0.822258
-10.5	0.821968
-10.51	0.821679
-10.52	0.821391
-10.53	0.821104
-10.54	0.820817
-10.55	0.820531
-10.56	0.820246
-10.57	0.819961
-10.58	0.819678
-10.59	0.819394
-10.6	0.819112
-10.61	0.81883
-10.62	0.818549
-10.63	0.818269
-10.64	0.817989
-10.65	0.81771
-10.66	0.817432
-10.67	0.817154
-10.68	0.816877
-10.69	0.816601
-10.7	0.816326
-10.71	0.816051
-10.72	0.815777
-10.73	0.815503
-10.74	0.81523
-10.75	0.814958
-10.76	0.814686
-10.77	0.814416
-10.78	0.814145
-10.79	0.813876
-10.8	0.813607
-10.81	0.813338
-10.82	0.813071
-10.83	0.812804
-10.84	0.812537
-10.85	0.812272
-10.86	0.812007
-10.87	0.811742
-10.88	0.811478
-10.89	0.811215
-10.9	0.810953
-10.91	0.810691
-10.92	0.810429
-10.93	0.810169
-10.94	0.809909
-10.95	0.809649
-10.96	0.80939
-10.97	0.809132
-10.98	0.808875
-10.99	0.808618
-11	0.808361
-11.01	0.808105
-11.02	0.80785
-11.03	0.807596
-11.04	0.807342
-11.05	0.807088
-11.06	0.806836
-11.07	0.806583
-11.08	0.806332
-11.09	0.806081
-11.1	0.80583
-11.11	0.80558
-11.12	0.805331
-11.13	0.805082
-11.14	0.804834
-11.15	0.804587
-11.16	0.80434
-11.17	0.804093
-11.18	0.803848
-11.19	0.803602
-11.2	0.803358
-11.21	0.803114
-11.22	0.80287
-11.23	0.802627
-11.24	0.802384
-11.25	0.802143
-11.26	0.801901
-11.27	0.80166
-11.28	0.80142
-11.29	0.801181
-11.3	0.800941
-11.31	0.800703
-11.32	0.800465
-11.33	0.800227
-11.34	0.79999
-11.35	0.799754
-11.36	0.799518
-11.37	0.799283
-11.38	0.799048
-11.39	0.798813
-11.4	0.79858
-11.41	0.798346
-11.42	0.798114
-11.43	0.797882
-11.44	0.79765
-11.45	0.797419
-11.46	0.797188
-11.47	0.796958
-11.48	0.796728
-11.49	0.796499
-11.5	0.796271
-11.51	0.796043
-11.52	0.795815
-11.53	0.795588
-11.54	0.795361
-11.55	0.795135
-11.56	0.79491
-11.57	0.794685
-11.58	0.79446
-11.59	0.794236
-11.6	0.794012
-11.61	0.793789
-11.62	0.793567
-11.63	0.793345
-11.64	0.793123
-11.65	0.792902
-11.66	0.792681
-11.67	0.792461
-11.68	0.792242
-11.69	0.792022
-11.7	0.791804
-11.71	0.791585
-11.72	0.791368
-11.73	0.79115
-11.74	0.790934
-11.75	0.790717
-11.76	0.790501
-11.77	0.790286
-11.78	0.790071
-11.79	0.789857
-11.8	0.789643
-11.81	0.789429
-11.82	0.789216
-11.83	0.789003
-11.84	0.788791
-11.85	0.788579
-11.86	0.788368
-11.87	0.788157
-11.88	0.787947
-11.89	0.787737
-11.9	0.787528
-11.91	0.787319
-11.92	0.78711
-11.93	0.786902
-11.94	0.786694
-11.95	0.786487
-11.96	0.78628
-11.97	0.786074
-11.98	0.785868
-11.99	0.785662
-12	0.785457
-12.01	0.785253
-12.02	0.785048
-12.03	0.784845
-12.04	0.784641
-12.05	0.784438
-12.06	0.784236
-12.07	0.784034
-12.08	0.783832
-12.09	0.783631
-12.1	0.78343
-12.11	0.78323
-12.12	0.78303
-12.13	0.782831
-12.14	0.782631
-12.15	0.782433
-12.16	0.782234
-12.17	0.782037
-12.18	0.781839
-12.19	0.781642
-12.2	0.781445
-12.21	0.781249
-12.22	0.781053
-12.23	0.780858
-12.24	0.780663
-12.25	0.780468
-12.26	0.780274
-12.27	0.78008
-12.28	0.779887
-12.29	0.779694
-12.3	0.779501
-12.31	0.779309
-12.32	0.779117
-12.33	0.778926
-12.34	0.778735
-12.35	0.778544
-12.36	0.778354
-12.37	0.778164
-12.38	0.777974
-12.39	0.777785
-12.4	0.777596
-12.41	0.777408
-12.42	0.77722
-12.43	0.777032
-12.44	0.776845
-12.45	0.776658
-12.46	0.776472
-12.47	0.776286
-12.48	0.7761
-12.49	0.775915
-12.5	0.77573
-12.51	0.775545
-12.52	0.775361
-12.53	0.775177
-12.54	0.774994
-12.55	0.77481
-12.56	0.774628
-12.57	0.774445
-12.58	0.774263
-12.59	0.774082
-12.6	0.7739
-12.61	0.773719
-12.62	0.773539
-12.63	0.773359
-12.64	0.773179
-12.65	0.772999
-12.66	0.77282
-12.67	0.772641
-12.68	0.772463
-12.69	0.772285
-12.7	0.772107
-12.71	0.77193
-12.72	0.771753
-12.73	0.771576
-12.74	0.7714
-12.75	0.771224
-12.76	0.771048
-12.77	0.770873
-12.78	0.770698
-12.79	0.770523
-12.8	0.770349
-12.81	0.770175
-12.82	0.770001
-12.83	0.769828
-12.84	0.769655
-12.85	0.769482
-12.86	0.76931
-12.87	0.769138
-12.88	0.768966
-12.89	0.768795
-12.9	0.768624
-12.91	0.768454
-12.92	0.768283
-12.93	0.768113
-12.94	0.767944
-12.95	0.767775
-12.96	0.767606
-12.97	0.767437
-12.98	0.767269
-12.99	0.767101
-13	0.766933
-13.01	0.766766
-13.02	0.766599
-13.03	0.766432
-13.04	0.766265
-13.05	0.766099
-13.06	0.765934
-13.07	0.765768
-13.08	0.765603
-13.09	0.765438
-13.1	0.765274
-13.11	0.765109
-13.12	0.764946
-13.13	0.764782
-13.14	0.764619
-13.15	0.764456
-13.16	0.764293
-13.17	0.764131
-13.18	0.763969
-13.19	0.763807
-13.2	0.763646
-13.21	0.763484
-13.22	0.763324
-13.23	0.763163
-13.24	0.763003
-13.25	0.762843
-13.26	0.762683
-13.27	0.762524
-13.28	0.762365
-13.29	0.762206
-13.3	0.762048
-13.31	0.76189
-13.32	0.761732
-13.33	0.761574
-13.34	0.761417
-13.35	0.76126
-13.36	0.761103
-13.37	0.760947
-13.38	0.760791
-13.39	0.760635
-13.4	0.760479
-13.41	0.760324
-13.42	0.760169
-13.43	0.760015
-13.44	0.75986
-13.45	0.759706
-13.46	0.759552
-13.47	0.759399
-13.48	0.759245
-13.49	0.759093
-13.5	0.75894
-13.51	0.758787
-13.52	0.758635
-13.53	0.758483
-13.54	0.758332
-13.55	0.75818
-13.56	0.758029
-13.57	0.757879
-13.58	0.757728
-13.59	0.757578
-13.6	0.757428
-13.61	0.757278
-13.62	0.757129
-13.63	0.75698
-13.64	0.756831
-13.65	0.756682
-13.66	0.756534
-13.67	0.756386
-13.68	0.756238
-13.69	0.756091
-13.7	0.755943
-13.71	0.755796
-13.72	0.75565
-13.73	0.755503
-13.74	0.755357
-13.75	0.755211
-13.76	0.755065
-13.77	0.75492
-13.78	0.754775
-13.79	0.75463
-13.8	0.754485
-13.81	0.754341
-13.82	0.754197
-13.83	0.754053
-13.84	0.753909
-13.85	0.753766
-13.86	0.753623
-13.87	0.75348
-13.88	0.753337
-13.89	0.753195
-13.9	0.753053
-13.91	0.752911
-13.92	0.752769
-13.93	0.752628
-13.94	0.752487
-13.95	0.752346
-13.96	0.752205
-13.97	0.752065
-13.98	0.751925
-13.99	0.751785
-14	0.751645
-14.01	0.751506
-14.02	0.751367
-14.03	0.751228
-14.04	0.751089
-14.05	0.750951
-14.06	0.750813
-14.07	0.750675
-14.08	0.750537
-14.09	0.7504
-14.1	0.750262
-14.11	0.750125
-14.12	0.749989
-14.13	0.749852
-14.14	0.749716
-14.15	0.74958
-14.16	0.749444
-14.17	0.749308
-14.18	0.749173
-14.19	0.749038
-14.2	0.748903
-14.21	0.748768
-14.22	0.748634
-14.23	0.7485
-14.24	0.748366
-14.25	0.748232
-14.26	0.748099
-14.27	0.747965
-14.28	0.747832
-14.29	0.7477
-14.3	0.747567
-14.31	0.747435
-14.32	0.747302
-14.33	0.747171
-14.34	0.747039
-14.35	0.746907
-14.36	0.746776
-14.37	0.746645
-14.38	0.746514
-14.39	0.746384
-14.4	0.746253
-14.41	0.746123
-14.42	0.745993
-14.43	0.745864
-14.44	0.745734
-14.45	0.745605
-14.46	0.745476
-14.47	0.745347
-14.48	0.745219
-14.49	0.74509
-14.5	0.744962
-14.51	0.744834
-14.52	0.744706
-14.53	0.744579
-14.54	0.744451
-14.55	0.744324
-14.56	0.744197
-14.57	0.744071
-14.58	0.743944
-14.59	0.743818
-14.6	0.743692
-14.61	0.743566
-14.62	0.743441
-14.63	0.743315
-14.64	0.74319
-14.65	0.743065
-14.66	0.74294
-14.67	0.742815
-14.68	0.742691
-14.69	0.742567
-14.7	0.742443
-14.71	0.742319
-14.72	0.742196
-14.73	0.742072
-14.74	0.741949
-14.75	0.741826
-14.76	0.741703
-14.77	0.741581
-14.78	0.741458
-14.79	0.741336
-14.8	0.741214
-14.81	0.741093
-14.82	0.740971
-14.83	0.74085
-14.84	0.740728
-14.85	0.740608
-14.86	0.740487
-14.87	0.740366
-14.88	0.740246
-14.89	0.740126
-14.9	0.740006
-14.91	0.739886
-14.92	0.739766
-14.93	0.739647
-14.94	0.739528
-14.95	0.739409
-14.96	0.73929
-14.97	0.739171
-14.98	0.739053
-14.99	0.738934
-15	0.738816
-15.01	0.738699
-15.02	0.738581
-15.03	0.738463
-15.04	0.738346
-15.05	0.738229
-15.06	0.738112
-15.07	0.737995
-15.08	0.737879
-15.09	0.737762
-15.1	0.737646
-15.11	0.73753
-15.12	0.737414
-15.13	0.737299
-15.14	0.737183
-15.15	0.737068
-15.16	0.736953
-15.17	0.736838
-15.18	0.736723
-15.19	0.736609
-15.2	0.736494
-15.21	0.73638
-15.22	0.736266
-15.23	0.736152
-15.24	0.736039
-15.25	0.735925
-15.26	0.735812
-15.27	0.735699
-15.28	0.735586
-15.29	0.735473
-15.3	0.735361
-15.31	0.735248
-15.32	0.735136
-15.33	0.735024
-15.34	0.734912
-15.35	0.734801
-15.36	0.734689
-15.37	0.734578
-15.38	0.734467
-15.39	0.734356
-15.4	0.734245
-15.41	0.734134
-15.42	0.734024
-15.43	0.733913
-15.44	0.733803
-15.45	0.733693
-15.46	0.733584
-15.47	0.733474
-15.48	0.733365
-15.49	0.733255
-15.5	0.733146
-15.51	0.733037
-15.52	0.732929
-15.53	0.73282
-15.54	0.732711
-15.55	0.732603
-15.56	0.732495
-15.57	0.732387
-15.58	0.732279
-15.59	0.732172
-15.6	0.732064
-15.61	0.731957
-15.62	0.73185
-15.63	0.731743
-15.64	0.731636
-15.65	0.73153
-15.66	0.731423
-15.67	0.731317
-15.68	0.731211
-15.69	0.731105
-15.7	0.730999
-15.71	0.730894
-15.72	0.730788
-15.73	0.730683
-15.74	0.730578
-15.75	0.730473
-15.76	0.730368
-15.77	0.730263
-15.78	0.730159
-15.79	0.730054
-15.8	0.72995
-15.81	0.729846
-15.82	0.729742
-15.83	0.729638
-15.84	0.729535
-15.85	0.729431
-15.86	0.729328
-15.87	0.729225
-15.88	0.729122
-15.89	0.729019
-15.9	0.728917
-15.91	0.728814
-15.92	0.728712
-15.93	0.72861
-15.94	0.728508
-15.95	0.728406
-15.96	0.728304
-15.97	0.728202
-15.98	0.728101
-15.99	0.728
-16	0.727899
-16.01	0.727798
-16.02	0.727697
-16.03	0.727596
-16.04	0.727496
-16.05	0.727395
-16.06	0.727295
-16.07	0.727195
-16.08	0.727095
-16.09	0.726995
-16.1	0.726896
-16.11	0.726796
-16.12	0.726697
-16.13	0.726598
-16.14	0.726499
-16.15	0.7264
-16.16	0.726301
-16.17	0.726202
-16.18	0.726104
-16.19	0.726006
-16.2	0.725907
-16.21	0.725809
-16.22	0.725711
-16.23	0.725614
-16.24	0.725516
-16.25	0.725419
-16.26	0.725321
-16.27	0.725224
-16.28	0.725127
-16.29	0.72503
-16.3	0.724934
-16.31	0.724837
-16.32	0.724741
-16.33	0.724644
-16.34	0.724548
-16.35	0.724452
-16.36	0.724356
-16.37	0.72426
-16.38	0.724165
-16.39	0.724069
-16.4	0.723974
-16.41	0.723879
-16.42	0.723784
-16.43	0.723689
-16.44	0.723594
-16.45	0.723499
-16.46	0.723405
-16.47	0.72331
-16.48	0.723216
-16.49	0.723122
-16.5	0.723028
-16.51	0.722934
-16.52	0.72284
-16.53	0.722747
-16.54	0.722653
-16.55	0.72256
-16.56	0.722467
-16.57	0.722374
-16.58	0.722281
-16.59	0.722188
-16.6	0.722095
-16.61	0.722003
-16.62	0.721911
-16.63	0.721818
-16.64	0.721726
-16.65	0.721634
-16.66	0.721542
-16.67	0.721451
-16.68	0.721359
-16.69	0.721268
-16.7	0.721176
-16.71	0.721085
-16.72	0.720994
-16.73	0.720903
-16.74	0.720812
-16.75	0.720722
-16.76	0.720631
-16.77	0.720541
-16.78	0.72045
-16.79	0.72036
-16.8	0.72027
-16.81	0.72018
-16.82	0.72009
-16.83	0.720001
-16.84	0.719911
-16.85	0.719822
-16.86	0.719732
-16.87	0.719643
-16.88	0.719554
-16.89	0.719465
-16.9	0.719376
-16.91	0.719288
-16.92	0.719199
-16.93	0.719111
-16.94	0.719022
-16.95	0.718934
-16.96	0.718846
-16.97	0.718758
-16.98	0.71867
-16.99	0.718583
-17	0.718495
-17.01	0.718408
-17.02	0.71832
-17.03	0.718233
-17.04	0.718146
-17.05	0.718059
-17.06	0.717972
-17.07	0.717886
-17.08	0.717799
-17.09	0.717713
-17.1	0.717626
-17.11	0.71754
-17.12	0.717454
-17.13	0.717368
-17.14	0.717282
-17.15	0.717196
-17.16	0.71711
-17.17	0.717025
-17.18	0.71694
-17.19	0.716854
-17.2	0.716769
-17.21	0.716684
-17.22	0.716599
-17.23	0.716514
-17.24	0.716429
-17.25	0.716345
-17.26	0.71626
-17.27	0.716176
-17.28	0.716092
-17.29	0.716008
-17.3	0.715923
-17.31	0.71584
-17.32	0.715756
-17.33	0.715672
-17.34	0.715589
-17.35	0.715505
-17.36	0.715422
-17.37	0.715338
-17.38	0.715255
-17.39	0.715172
-17.4	0.715089
-17.41	0.715007
-17.42	0.714924
-17.43	0.714841
-17.44	0.714759
-17.45	0.714677
-17.46	0.714594
-17.47	0.714512
-17.48	0.71443
-17.49	0.714348
-17.5	0.714267
-17.51	0.714185
-17.52	0.714103
-17.53	0.714022
-17.54	0.71394
-17.55	0.713859
-17.56	0.713778
-17.57	0.713697
-17.58	0.713616
-17.59	0.713535
-17.6	0.713455
-17.61	0.713374
-17.62	0.713294
-17.63	0.713213
-17.64	0.713133
-17.65	0.713053
-17.66	0.712973
-17.67	0.712893
-17.68	0.712813
-17.69	0.712733
-17.7	0.712653
-17.71	0.712574
-17.72	0.712494
-17.73	0.712415
-17.74	0.712336
-17.75	0.712257
-17.76	0.712178
-17.77	0.712099
-17.78	0.71202
-17.79	0.711941
-17.8	0.711863
-17.81	0.711784
-17.82	0.711706
-17.83	0.711628
-17.84	0.711549
-17.85	0.711471
-17.86	0.711393
-17.87	0.711316
-17.88	0.711238
-17.89	0.71116
-17.9	0.711083
-17.91	0.711005
-17.92	0.710928
-17.93	0.71085
-17.94	0.710773
-17.95	0.710696
-17.96	0.710619
-17.97	0.710542
-17.98	0.710466
-17.99	0.710389
-18	0.710312
-18.01	0.710236
-18.02	0.710159
-18.03	0.710083
-18.04	0.710007
-18.05	0.709931
-18.06	0.709855
-18.07	0.709779
-18.08	0.709703
-18.09	0.709628
-18.1	0.709552
-18.11	0.709477
-18.12	0.709401
-18.13	0.709326
-18.14	0.709251
-18.15	0.709176
-18.16	0.709101
-18.17	0.709026
-18.18	0.708951
-18.19	0.708876
-18.2	0.708802
-18.21	0.708727
-18.22	0.708653
-18.23	0.708578
-18.24	0.708504
-18.25	0.70843
-18.26	0.708356
-18.27	0.708282
-18.28	0.708208
-18.29	0.708134
-18.3	0.708061
-18.31	0.707987
-18.32	0.707914
-18.33	0.70784
-18.34	0.707767
-18.35	0.707694
-18.36	0.707621
-18.37	0.707548
-18.38	0.707475
-18.39	0.707402
-18.4	0.707329
-18.41	0.707256
-18.42	0.707184
-18.43	0.707111
-18.44	0.707039
-18.45	0.706967
-18.46	0.706895
-18.47	0.706823
-18.48	0.70675
-18.49	0.706679
-18.5	0.706607
-18.51	0.706535
-18.52	0.706463
-18.53	0.706392
-18.54	0.70632
-18.55	0.706249
-18.56	0.706178
-18.57	0.706106
-18.58	0.706035
-18.59	0.705964
-18.6	0.705893
-18.61	0.705823
-18.62	0.705752
-18.63	0.705681
-18.64	0.705611
-18.65	0.70554
-18.66	0.70547
-18.67	0.705399
-18.68	0.705329
-18.69	0.705259
-18.7	0.705189
-18.71	0.705119
-18.72	0.705049
-18.73	0.704979
-18.74	0.70491
-18.75	0.70484
-18.76	0.70477
-18.77	0.704701
-18.78	0.704632
-18.79	0.704562
-18.8	0.704493
-18.81	0.704424
-18.82	0.704355
-18.83	0.704286
-18.84	0.704217
-18.85	0.704148
-18.86	0.70408
-18.87	0.704011
-18.88	0.703943
-18.89	0.703874
-18.9	0.703806
-18.91	0.703738
-18.92	0.703669
-18.93	0.703601
-18.94	0.703533
-18.95	0.703465
-18.96	0.703398
-18.97	0.70333
-18.98	0.703262
-18.99	0.703195
-19	0.703127
-19.01	0.70306
-19.02	0.702992
-19.03	0.702925
-19.04	0.702858
-19.05	0.702791
-19.06	0.702724
-19.07	0.702657
-19.08	0.70259
-19.09	0.702523
-19.1	0.702456
-19.11	0.70239
-19.12	0.702323
-19.13	0.702257
-19.14	0.702191
-19.15	0.702124
-19.16	0.702058
-19.17	0.701992
-19.18	0.701926
-19.19	0.70186
-19.2	0.701794
-19.21	0.701728
-19.22	0.701662
-19.23	0.701597
-19.24	0.701531
-19.25	0.701466
-19.26	0.7014
-19.27	0.701335
-19.28	0.70127
-19.29	0.701204
-19.3	0.701139
-19.31	0.701074
-19.32	0.701009
-19.33	0.700944
-19.34	0.70088
-19.35	0.700815
-19.36	0.70075
-19.37	0.700686
-19.38	0.700621
-19.39	0.700557
-19.4	0.700493
-19.41	0.700428
-19.42	0.700364
-19.43	0.7003
-19.44	0.700236
-19.45	0.700172
-19.46	0.700108
-19.47	0.700044
-19.48	0.699981
-19.49	0.699917
-19.5	0.699853
-19.51	0.69979
-19.52	0.699726
-19.53	0.699663
-19.54	0.6996
-19.55	0.699537
-19.56	0.699474
-19.57	0.69941
-19.58	0.699347
-19.59	0.699285
-19.6	0.699222
-19.61	0.699159
-19.62	0.699096
-19.63	0.699034
-19.64	0.698971
-19.65	0.698909
-19.66	0.698846
-19.67	0.698784
-19.68	0.698722
-19.69	0.69866
-19.7	0.698597
-19.71	0.698536
-19.72	0.698474
-19.73	0.698412
-19.74	0.69835
-19.75	0.698288
-19.76	0.698226
-19.77	0.698165
-19.78	0.698103
-19.79	0.698042
-19.8	0.697981
-19.81	0.697919
-19.82	0.697858
-19.83	0.697797
-19.84	0.697736
-19.85	0.697675
-19.86	0.697614
-19.87	0.697553
-19.88	0.697492
-19.89	0.697431
-19.9	0.697371
-19.91	0.69731
-19.92	0.69725
-19.93	0.697189
-19.94	0.697129
-19.95	0.697068
-19.96	0.697008
-19.97	0.696948
-19.98	0.696888
-19.99	0.696828
-20	0.696768
-20.01	0.696708
-20.02	0.696648
-20.03	0.696588
-20.04	0.696529
-20.05	0.696469
-20.06	0.696409
-20.07	0.69635
-20.08	0.696291
-20.09	0.696231
-20.1	0.696172
-20.11	0.696113
-20.12	0.696054
-20.13	0.695994
-20.14	0.695935
-20.15	0.695876
-20.16	0.695818
-20.17	0.695759
-20.18	0.6957
-20.19	0.695641
-20.2	0.695583
-20.21	0.695524
-20.22	0.695466
-20.23	0.695407
-20.24	0.695349
-20.25	0.695291
-20.26	0.695232
-20.27	0.695174
-20.28	0.695116
-20.29	0.695058
-20.3	0.695
-20.31	0.694942
-20.32	0.694885
-20.33	0.694827
-20.34	0.694769
-20.35	0.694711
-20.36	0.694654
-20.37	0.694596
-20.38	0.694539
-20.39	0.694482
-20.4	0.694424
-20.41	0.694367
-20.42	0.69431
-20.43	0.694253
-20.44	0.694196
-20.45	0.694139
-20.46	0.694082
-20.47	0.694025
-20.48	0.693968
-20.49	0.693911
-20.5	0.693855
-20.51	0.693798
-20.52	0.693742
-20.53	0.693685
-20.54	0.693629
-20.55	0.693572
-20.56	0.693516
-20.57	0.69346
-20.58	0.693404
-20.59	0.693348
-20.6	0.693292
-20.61	0.693236
-20.62	0.69318
-20.63	0.693124
-20.64	0.693068
-20.65	0.693012
-20.66	0.692957
-20.67	0.692901
-20.68	0.692846
-20.69	0.69279
-20.7	0.692735
-20.71	0.692679
-20.72	0.692624
-20.73	0.692569
-20.74	0.692514
-20.75	0.692458
-20.76	0.692403
-20.77	0.692348
-20.78	0.692293
-20.79	0.692239
-20.8	0.692184
-20.81	0.692129
-20.82	0.692074
-20.83	0.69202
-20.84	0.691965
-20.85	0.691911
-20.86	0.691856
-20.87	0.691802
-20.88	0.691747
-20.89	0.691693
-20.9	0.691639
-20.91	0.691585
-20.92	0.691531
-20.93	0.691477
-20.94	0.691423
-20.95	0.691369
-20.96	0.691315
-20.97	0.691261
-20.98	0.691207
-20.99	0.691154
-21	0.6911
-21.01	0.691047
-21.02	0.690993
-21.03	0.69094
-21.04	0.690886
-21.05	0.690833
-21.06	0.69078
-21.07	0.690726
-21.08	0.690673
-21.09	0.69062
-21.1	0.690567
-21.11	0.690514
-21.12	0.690461
-21.13	0.690408
-21.14	0.690355
-21.15	0.690303
-21.16	0.69025
-21.17	0.690197
-21.18	0.690145
-21.19	0.690092
-21.2	0.69004
-21.21	0.689987
-21.22	0.689935
-21.23	0.689883
-21.24	0.68983
-21.25	0.689778
-21.26	0.689726
-21.27	0.689674
-21.28	0.689622
-21.29	0.68957
-21.3	0.689518
-21.31	0.689466
-21.32	0.689414
-21.33	0.689363
-21.34	0.689311
-21.35	0.689259
-21.36	0.689208
-21.37	0.689156
-21.38	0.689105
-21.39	0.689053
-21.4	0.689002
-21.41	0.688951
-21.42	0.688899
-21.43	0.688848
-21.44	0.688797
-21.45	0.688746
-21.46	0.688695
-21.47	0.688644
-21.48	0.688593
-21.49	0.688542
-21.5	0.688491
-21.51	0.688441
-21.52	0.68839
-21.53	0.688339
-21.54	0.688289
-21.55	0.688238
-21.56	0.688187
-21.57	0.688137
-21.58	0.688087
-21.59	0.688036
-21.6	0.687986
-21.61	0.687936
-21.62	0.687886
-21.63	0.687835
-21.64	0.687785
-21.65	0.687735
-21.66	0.687685
-21.67	0.687635
-21.68	0.687586
-21.69	0.687536
-21.7	0.687486
-21.71	0.687436
-21.72	0.687387
-21.73	0.687337
-21.74	0.687288
-21.75	0.687238
-21.76	0.687189
-21.77	0.687139
-21.78	0.68709
-21.79	0.687041
-21.8	0.686991
-21.81	0.686942
-21.82	0.686893
-21.83	0.686844
-21.84	0.686795
-21.85	0.686746
-21.86	0.686697
-21.87	0.686648
-21.88	0.686599
-21.89	0.68655
-21.9	0.686502
-21.91	0.686453
-21.92	0.686404
-21.93	0.686356
-21.94	0.686307
-21.95	0.686259
-21.96	0.68621
-21.97	0.686162
-21.98	0.686114
-21.99	0.686065
-22	0.686017
-22.01	0.685969
-22.02	0.685921
-22.03	0.685873
-22.04	0.685825
-22.05	0.685777
-22.06	0.685729
-22.07	0.685681
-22.08	0.685633
-22.09	0.685585
-22.1	0.685537
-22.11	0.68549
-22.12	0.685442
-22.13	0.685394
-22.14	0.685347
-22.15	0.685299
-22.16	0.685252
-22.17	0.685205
-22.18	0.685157
-22.19	0.68511
-22.2	0.685063
-22.21	0.685015
-22.22	0.684968
-22.23	0.684921
-22.24	0.684874
-22.25	0.684827
-22.26	0.68478
-22.27	0.684733
-22.28	0.684686
-22.29	0.68464
-22.3	0.684593
-22.31	0.684546
-22.32	0.684499
-22.33	0.684453
-22.34	0.684406
-22.35	0.68436
-22.36	0.684313
-22.37	0.684267
-22.38	0.68422
-22.39	0.684174
-22.4	0.684128
-22.41	0.684081
-22.42	0.684035
-22.43	0.683989
-22.44	0.683943
-22.45	0.683897
-22.46	0.683851
-22.47	0.683805
-22.48	0.683759
-22.49	0.683713
-22.5	0.683667
-22.51	0.683621
-22.52	0.683576
-22.53	0.68353
-22.54	0.683484
-22.55	0.683439
-22.56	0.683393
-22.57	0.683348
-22.58	0.683302
-22.59	0.683257
-22.6	0.683211
-22.61	0.683166
-22.62	0.683121
-22.63	0.683075
-22.64	0.68303
-22.65	0.682985
-22.66	0.68294
-22.67	0.682895
-22.68	0.68285
-22.69	0.682805
-22.7	0.68276
-22.71	0.682715
-22.72	0.68267
-22.73	0.682626
-22.74	0.682581
-22.75	0.682536
-22.76	0.682491
-22.77	0.682447
-22.78	0.682402
-22.79	0.682358
-22.8	0.682313
-22.81	0.682269
-22.82	0.682224
-22.83	0.68218
-22.84	0.682136
-22.85	0.682091
-22.86	0.682047
-22.87	0.682003
-22.88	0.681959
-22.89	0.681915
-22.9	0.681871
-22.91	0.681827
-22.92	0.681783
-22.93	0.681739
-22.94	0.681695
-22.95	0.681651
-22.96	0.681607
-22.97	0.681564
-22.98	0.68152
-22.99	0.681476
-23	0.681433
-23.01	0.681389
-23.02	0.681346
-23.03	0.681302
-23.04	0.681259
-23.05	0.681215
-23.06	0.681172
-23.07	0.681129
-23.08	0.681085
-23.09	0.681042
-23.1	0.680999
-23.11	0.680956
-23.12	0.680913
-23.13	0.68087
-23.14	0.680827
-23.15	0.680784
-23.16	0.680741
-23.17	0.680698
-23.18	0.680655
-23.19	0.680612
-23.2	0.680569
-23.21	0.680527
-23.22	0.680484
-23.23	0.680441
-23.24	0.680399
-23.25	0.680356
-23.26	0.680314
-23.27	0.680271
-23.28	0.680229
-23.29	0.680186
-23.3	0.680144
-23.31	0.680102
-23.32	0.680059
-23.33	0.680017
-23.34	0.679975
-23.35	0.679933
-23.36	0.679891
-23.37	0.679848
-23.38	0.679806
-23.39	0.679764
-23.4	0.679722
-23.41	0.679681
-23.42	0.679639
-23.43	0.679597
-23.44	0.679555
-23.45	0.679513
-23.46	0.679472
-23.47	0.67943
-23.48	0.679388
-23.49	0.679347
-23.5	0.679305
-23.51	0.679264
-23.52	0.679222
-23.53	0.679181
-23.54	0.679139
-23.55	0.679098
-23.56	0.679057
-23.57	0.679015
-23.58	0.678974
-23.59	0.678933
-23.6	0.678892
-23.61	0.678851
-23.62	0.67881
-23.63	0.678769
-23.64	0.678728
-23.65	0.678687
-23.66	0.678646
-23.67	0.678605
-23.68	0.678564
-23.69	0.678523
-23.7	0.678482
-23.71	0.678442
-23.72	0.678401
-23.73	0.67836
-23.74	0.67832
-23.75	0.678279
-23.76	0.678239
-23.77	0.678198
-23.78	0.678158
-23.79	0.678117
-23.8	0.678077
-23.81	0.678037
-23.82	0.677996
-23.83	0.677956
-23.84	0.677916
-23.85	0.677876
-23.86	0.677835
-23.87	0.677795
-23.88	0.677755
-23.89	0.677715
-23.9	0.677675
-23.91	0.677635
-23.92	0.677595
-23.93	0.677555
-23.94	0.677516
-23.95	0.677476
-23.96	0.677436
-23.97	0.677396
-23.98	0.677356
-23.99	0.677317
-24	0.677277
-24.01	0.677238
-24.02	0.677198
-24.03	0.677159
-24.04	0.677119
-24.05	0.67708
-24.06	0.67704
-24.07	0.677001
-24.08	0.676961
-24.09	0.676922
-24.1	0.676883
-24.11	0.676844
-24.12	0.676805
-24.13	0.676765
-24.14	0.676726
-24.15	0.676687
-24.16	0.676648
-24.17	0.676609
-24.18	0.67657
-24.19	0.676531
-24.2	0.676492
-24.21	0.676453
-24.22	0.676415
-24.23	0.676376
-24.24	0.676337
-24.25	0.676298
-24.26	0.67626
-24.27	0.676221
-24.28	0.676182
-24.29	0.676144
-24.3	0.676105
-24.31	0.676067
-24.32	0.676028
-24.33	0.67599
-24.34	0.675951
-24.35	0.675913
-24.36	0.675875
-24.37	0.675837
-24.38	0.675798
-24.39	0.67576
-24.4	0.675722
-24.41	0.675684
-24.42	0.675646
-24.43	0.675608
-24.44	0.675569
-24.45	0.675531
-24.46	0.675493
-24.47	0.675456
-24.48	0.675418
-24.49	0.67538
-24.5	0.675342
-24.51	0.675304
-24.52	0.675266
-24.53	0.675229
-24.54	0.675191
-24.55	0.675153
-24.56	0.675116
-24.57	0.675078
-24.58	0.67504
-24.59	0.675003
-24.6	0.674965
-24.61	0.674928
-24.62	0.674891
-24.63	0.674853
-24.64	0.674816
-24.65	0.674778
-24.66	0.674741
-24.67	0.674704
-24.68	0.674667
-24.69	0.67463
-24.7	0.674592
-24.71	0.674555
-24.72	0.674518
-24.73	0.674481
-24.74	0.674444
-24.75	0.674407
-24.76	0.67437
-24.77	0.674333
-24.78	0.674296
-24.79	0.674259
-24.8	0.674223
-24.81	0.674186
-24.82	0.674149
-24.83	0.674112
-24.84	0.674076
-24.85	0.674039
-24.86	0.674002
-24.87	0.673966
-24.88	0.673929
-24.89	0.673893
-24.9	0.673856
-24.91	0.67382
-24.92	0.673783
-24.93	0.673747
-24.94	0.673711
-24.95	0.673674
-24.96	0.673638
-24.97	0.673602
-24.98	0.673566
-24.99	0.673529
-25	0.673493
-25.01	0.673457
-25.02	0.673421
-25.03	0.673385
-25.04	0.673349
-25.05	0.673313
-25.06	0.673277
-25.07	0.673241
-25.08	0.673205
-25.09	0.673169
-25.1	0.673133
-25.11	0.673097
-25.12	0.673062
-25.13	0.673026
-25.14	0.67299
-25.15	0.672954
-25.16	0.672919
-25.17	0.672883
-25.18	0.672848
-25.19	0.672812
-25.2	0.672777
-25.21	0.672741
-25.22	0.672706
-25.23	0.67267
-25.24	0.672635
-25.25	0.672599
-25.26	0.672564
-25.27	0.672529
-25.28	0.672493
-25.29	0.672458
-25.3	0.672423
-25.31	0.672388
-25.32	0.672353
-25.33	0.672318
-25.34	0.672282
-25.35	0.672247
-25.36	0.672212
-25.37	0.672177
-25.38	0.672142
-25.39	0.672107
-25.4	0.672073
-25.41	0.672038
-25.42	0.672003
-25.43	0.671968
-25.44	0.671933
-25.45	0.671898
-25.46	0.671864
-25.47	0.671829
-25.48	0.671794
-25.49	0.67176
-25.5	0.671725
-25.51	0.671691
-25.52	0.671656
-25.53	0.671622
-25.54	0.671587
-25.55	0.671553
-25.56	0.671518
-25.57	0.671484
-25.58	0.671449
-25.59	0.671415
-25.6	0.671381
-25.61	0.671347
-25.62	0.671312
-25.63	0.671278
-25.64	0.671244
-25.65	0.67121
-25.66	0.671176
-25.67	0.671142
-25.68	0.671107
-25.69	0.671073
-25.7	0.671039
-25.71	0.671005
-25.72	0.670972
-25.73	0.670938
-25.74	0.670904
-25.75	0.67087
-25.76	0.670836
-25.77	0.670802
-25.78	0.670768
-25.79	0.670735
-25.8	0.670701
-25.81	0.670667
-25.82	0.670634
-25.83	0.6706
-25.84	0.670566
-25.85	0.670533
-25.86	0.670499
-25.87	0.670466
-25.88	0.670432
-25.89	0.670399
-25.9	0.670365
-25.91	0.670332
-25.92	0.670299
-25.93	0.670265
-25.94	0.670232
-25.95	0.670199
-25.96	0.670166
-25.97	0.670132
-25.98	0.670099
-25.99	0.670066
-26	0.670033
-26.01	0.67
-26.02	0.669967
-26.03	0.669934
-26.04	0.669901
-26.05	0.669868
-26.06	0.669835
-26.07	0.669802
-26.08	0.669769
-26.09	0.669736
-26.1	0.669703
-26.11	0.66967
-26.12	0.669637
-26.13	0.669605
-26.14	0.669572
-26.15	0.669539
-26.16	0.669506
-26.17	0.669474
-26.18	0.669441
-26.19	0.669409
-26.2	0.669376
-26.21	0.669343
-26.22	0.669311
-26.23	0.669278
-26.24	0.669246
-26.25	0.669214
-26.26	0.669181
-26.27	0.669149
-26.28	0.669116
-26.29	0.669084
-26.3	0.669052
-26.31	0.669019
-26.32	0.668987
-26.33	0.668955
-26.34	0.668923
-26.35	0.668891
-26.36	0.668859
-26.37	0.668826
-26.38	0.668794
-26.39	0.668762
-26.4	0.66873
-26.41	0.668698
-26.42	0.668666
-26.43	0.668634
-26.44	0.668602
-26.45	0.668571
-26.46	0.668539
-26.47	0.668507
-26.48	0.668475
-26.49	0.668443
-26.5	0.668411
-26.51	0.66838
-26.52	0.668348
-26.53	0.668316
-26.54	0.668285
-26.55	0.668253
-26.56	0.668221
-26.57	0.66819
-26.58	0.668158
-26.59	0.668127
-26.6	0.668095
-26.61	0.668064
-26.62	0.668032
-26.63	0.668001
-26.64	0.66797
-26.65	0.667938
-26.66	0.667907
-26.67	0.667876
-26.68	0.667844
-26.69	0.667813
-26.7	0.667782
-26.71	0.66775
-26.72	0.667719
-26.73	0.667688
-26.74	0.667657
-26.75	0.667626
-26.76	0.667595
-26.77	0.667564
-26.78	0.667533
-26.79	0.667502
-26.8	0.667471
-26.81	0.66744
-26.82	0.667409
-26.83	0.667378
-26.84	0.667347
-26.85	0.667316
-26.86	0.667285
-26.87	0.667255
-26.88	0.667224
-26.89	0.667193
-26.9	0.667162
-26.91	0.667132
-26.92	0.667101
-26.93	0.66707
-26.94	0.66704
-26.95	0.667009
-26.96	0.666979
-26.97	0.666948
-26.98	0.666918
-26.99	0.666887
-27	0.666857
-27.01	0.666826
-27.02	0.666796
-27.03	0.666765
-27.04	0.666735
-27.05	0.666705
-27.06	0.666674
-27.07	0.666644
-27.08	0.666614
-27.09	0.666583
-27.1	0.666553
-27.11	0.666523
-27.12	0.666493
-27.13	0.666463
-27.14	0.666433
-27.15	0.666402
-27.16	0.666372
-27.17	0.666342
-27.18	0.666312
-27.19	0.666282
-27.2	0.666252
-27.21	0.666222
-27.22	0.666192
-27.23	0.666162
-27.24	0.666133
-27.25	0.666103
-27.26	0.666073
-27.27	0.666043
-27.28	0.666013
-27.29	0.665984
-27.3	0.665954
-27.31	0.665924
-27.32	0.665894
-27.33	0.665865
-27.34	0.665835
-27.35	0.665806
-27.36	0.665776
-27.37	0.665746
-27.38	0.665717
-27.39	0.665687
-27.4	0.665658
-27.41	0.665628
-27.42	0.665599
-27.43	0.665569
-27.44	0.66554
-27.45	0.665511
-27.46	0.665481
-27.47	0.665452
-27.48	0.665423
-27.49	0.665393
-27.5	0.665364
-27.51	0.665335
-27.52	0.665306
-27.53	0.665277
-27.54	0.665247
-27.55	0.665218
-27.56	0.665189
-27.57	0.66516
-27.58	0.665131
-27.59	0.665102
-27.6	0.665073
-27.61	0.665044
-27.62	0.665015
-27.63	0.664986
-27.64	0.664957
-27.65	0.664928
-27.66	0.664899
-27.67	0.66487
-27.68	0.664842
-27.69	0.664813
-27.7	0.664784
-27.71	0.664755
-27.72	0.664726
-27.73	0.664698
-27.74	0.664669
-27.75	0.66464
-27.76	0.664612
-27.77	0.664583
-27.78	0.664554
-27.79	0.664526
-27.8	0.664497
-27.81	0.664469
-27.82	0.66444
-27.83	0.664412
-27.84	0.664383
-27.85	0.664355
-27.86	0.664326
-27.87	0.664298
-27.88	0.66427
-27.89	0.664241
-27.9	0.664213
-27.91	0.664185
-27.92	0.664156
-27.93	0.664128
-27.94	0.6641
-27.95	0.664071
-27.96	0.664043
-27.97	0.664015
-27.98	0.663987
-27.99	0.663959
-28	0.663931
-28.01	0.663903
-28.02	0.663875
-28.03	0.663846
-28.04	0.663818
-28.05	0.66379
-28.06	0.663762
-28.07	0.663734
-28.08	0.663707
-28.09	0.663679
-28.1	0.663651
-28.11	0.663623
-28.12	0.663595
-28.13	0.663567
-28.14	0.663539
-28.15	0.663512
-28.16	0.663484
-28.17	0.663456
-28.18	0.663428
-28.19	0.663401
-28.2	0.663373
-28.21	0.663345
-28.22	0.663318
-28.23	0.66329
-28.24	0.663262
-28.25	0.663235
-28.26	0.663207
-28.27	0.66318
-28.28	0.663152
-28.29	0.663125
-28.3	0.663097
-28.31	0.66307
-28.32	0.663042
-28.33	0.663015
-28.34	0.662988
-28.35	0.66296
-28.36	0.662933
-28.37	0.662906
-28.38	0.662878
-28.39	0.662851
-28.4	0.662824
-28.41	0.662797
-28.42	0.662769
-28.43	0.662742
-28.44	0.662715
-28.45	0.662688
-28.46	0.662661
-28.47	0.662634
-28.48	0.662607
-28.49	0.66258
-28.5	0.662553
-28.51	0.662526
-28.52	0.662499
-28.53	0.662472
-28.54	0.662445
-28.55	0.662418
-28.56	0.662391
-28.57	0.662364
-28.58	0.662337
-28.59	0.66231
-28.6	0.662283
-28.61	0.662256
-28.62	0.66223
-28.63	0.662203
-28.64	0.662176
-28.65	0.662149
-28.66	0.662123
-28.67	0.662096
-28.68	0.662069
-28.69	0.662043
-28.7	0.662016
-28.71	0.66199
-28.72	0.661963
-28.73	0.661936
-28.74	0.66191
-28.75	0.661883
-28.76	0.661857
-28.77	0.66183
-28.78	0.661804
-28.79	0.661777
-28.8	0.661751
-28.81	0.661725
-28.82	0.661698
-28.83	0.661672
-28.84	0.661645
-28.85	0.661619
-28.86	0.661593
-28.87	0.661567
-28.88	0.66154
-28.89	0.661514
-28.9	0.661488
-28.91	0.661462
-28.92	0.661435
-28.93	0.661409
-28.94	0.661383
-28.95	0.661357
-28.96	0.661331
-28.97	0.661305
-28.98	0.661279
-28.99	0.661253
-29	0.661227
-29.01	0.661201
-29.02	0.661175
-29.03	0.661149
-29.04	0.661123
-29.05	0.661097
-29.06	0.661071
-29.07	0.661045
-29.08	0.661019
-29.09	0.660993
-29.1	0.660968
-29.11	0.660942
-29.12	0.660916
-29.13	0.66089
-29.14	0.660864
-29.15	0.660839
-29.16	0.660813
-29.17	0.660787
-29.18	0.660762
-29.19	0.660736
-29.2	0.66071
-29.21	0.660685
-29.22	0.660659
-29.23	0.660634
-29.24	0.660608
-29.25	0.660582
-29.26	0.660557
-29.27	0.660531
-29.28	0.660506
-29.29	0.660481
-29.3	0.660455
-29.31	0.66043
-29.32	0.660404
-29.33	0.660379
-29.34	0.660354
-29.35	0.660328
-29.36	0.660303
-29.37	0.660278
-29.38	0.660252
-29.39	0.660227
-29.4	0.660202
-29.41	0.660177
-29.42	0.660151
-29.43	0.660126
-29.44	0.660101
-29.45	0.660076
-29.46	0.660051
-29.47	0.660026
-29.48	0.66
-29.49	0.659975
-29.5	0.65995
-29.51	0.659925
-29.52	0.6599
-29.53	0.659875
-29.54	0.65985
-29.55	0.659825
-29.56	0.6598
-29.57	0.659775
-29.58	0.65975
-29.59	0.659726
-29.6	0.659701
-29.61	0.659676
-29.62	0.659651
-29.63	0.659626
-29.64	0.659601
-29.65	0.659577
-29.66	0.659552
-29.67	0.659527
-29.68	0.659502
-29.69	0.659478
-29.7	0.659453
-29.71	0.659428
-29.72	0.659404
-29.73	0.659379
-29.74	0.659354
-29.75	0.65933
-29.76	0.659305
-29.77	0.659281
-29.78	0.659256
-29.79	0.659231
-29.8	0.659207
-29.81	0.659182
-29.82	0.659158
-29.83	0.659133
-29.84	0.659109
-29.85	0.659085
-29.86	0.65906
-29.87	0.659036
-29.88	0.659011
-29.89	0.658987
-29.9	0.658963
-29.91	0.658938
-29.92	0.658914
-29.93	0.65889
-29.94	0.658866
-29.95	0.658841
-29.96	0.658817
-29.97	0.658793
-29.98	0.658769
-29.99	0.658745
-30	0.65872
