x	y
30	0.832938
29.99	0.832974
29.98	0.83301
29.97	0.833046
29.96	0.833083
29.95	0.833119
29.94	0.833156
29.93	0.833192
29.92	0.833228
29.91	0.833265
29.9	0.833301
29.89	0.833338
29.88	0.833374
29.87	0.833411
29.86	0.833448
29.85	0.833484
29.84	0.833521
29.83	0.833558
29.82	0.833594
29.81	0.833631
29.8	0.833668
29.79	0.833705
29.78	0.833741
29.77	0.833778
29.76	0.833815
29.75	0.833852
29.74	0.833889
29.73	0.833926
29.72	0.833963
29.71	0.834
29.7	0.834037
29.69	0.834074
29.68	0.834111
29.67	0.834148
29.66	0.834185
29.65	0.834223
29.64	0.83426
29.63	0.834297
29.62	0.834334
29.61	0.834372
29.6	0.834409
29.59	0.834446
29.58	0.834484
29.57	0.834521
29.56	0.834558
29.55	0.834596
29.54	0.834633
29.53	0.834671
29.52	0.834708
29.51	0.834746
29.5	0.834784
29.49	0.834821
29.48	0.834859
29.47	0.834897
29.46	0.834934
29.45	0.834972
29.44	0.83501
29.43	0.835048
29.42	0.835086
29.41	0.835123
29.4	0.835161
29.39	0.835199
29.38	0.835237
29.37	0.835275
29.36	0.835313
29.35	0.835351
29.34	0.835389
29.33	0.835427
29.32	0.835465
29.31	0.835504
29.3	0.835542
29.29	0.83558
29.28	0.835618
29.27	0.835656
29.26	0.835695
29.25	0.835733
29.24	0.835771
29.23	0.83581
29.22	0.835848
29.21	0.835887
29.2	0.835925
29.19	0.835964
29.18	0.836002
29.17	0.836041
29.16	0.836079
29.15	0.836118
29.14	0.836156
29.13	0.836195
29.12	0.836234
29.11	0.836273
29.1	0.836311
29.09	0.83635
29.08	0.836389
29.07	0.836428
29.06	0.836467
29.05	0.836506
29.04	0.836545
29.03	0.836584
29.02	0.836623
29.01	0.836662
29	0.836701
28.99	0.83674
28.98	0.836779
28.97	0.836818
28.96	0.836857
28.95	0.836896
28.94	0.836936
28.93	0.836975
28.92	0.837014
28.91	0.837054
28.9	0.837093
28.89	0.837132
28.88	0.837172
28.87	0.837211
28.86	0.837251
28.85	0.83729
28.84	0.83733
28.83	0.837369
28.82	0.837409
28.81	0.837449
28.8	0.837488
28.79	0.837528
28.78	0.837568
28.77	0.837607
28.76	0.837647
28.75	0.837687
28.74	0.837727
28.73	0.837767
28.72	0.837807
28.71	0.837847
28.7	0.837887
28.69	0.837927
28.68	0.837967
28.67	0.838007
28.66	0.838047
28.65	0.838087
28.64	0.838127
28.63	0.838167
28.62	0.838208
28.61	0.838248
28.6	0.838288
28.59	0.838329
28.58	0.838369
28.57	0.838409
28.56	0.83845
28.55	0.83849
28.54	0.838531
28.53	0.838571
28.52	0.838612
28.51	0.838652
28.5	0.838693
28.49	0.838733
28.48	0.838774
28.47	0.838815
28.46	0.838856
28.45	0.838896
28.44	0.838937
28.43	0.838978
28.42	0.839019
28.41	0.83906
28.4	0.839101
28.39	0.839142
28.38	0.839183
28.37	0.839224
28.36	0.839265
28.35	0.839306
28.34	0.839347
28.33	0.839388
28.32	0.839429
28.31	0.839471
28.3	0.839512
28.29	0.839553
28.28	0.839594
28.27	0.839636
28.26	0.839677
28.25	0.839719
28.24	0.83976
28.23	0.839801
28.22	0.839843
28.21	0.839885
28.2	0.839926
28.19	0.839968
28.18	0.840009
28.17	0.840051
28.16	0.840093
28.15	0.840135
28.14	0.840176
28.13	0.840218
28.12	0.84026
28.11	0.840302
28.1	0.840344
28.09	0.840386
28.08	0.840428
28.07	0.84047
28.06	0.840512
28.05	0.840554
28.04	0.840596
28.03	0.840638
28.02	0.84068
28.01	0.840723
28	0.840765
27.99	0.840807
27.98	0.840849
27.97	0.840892
27.96	0.840934
27.95	0.840976
27.94	0.841019
27.93	0.841061
27.92	0.841104
27.91	0.841147
27.9	0.841189
27.89	0.841232
27.88	0.841274
27.87	0.841317
27.86	0.84136
27.85	0.841403
27.84	0.841445
27.83	0.841488
27.82	0.841531
27.81	0.841574
27.8	0.841617
27.79	0.84166
27.78	0.841703
27.77	0.841746
27.76	0.841789
27.75	0.841832
27.74	0.841875
27.73	0.841918
27.72	0.841962
27.71	0.842005
27.7	0.842048
27.69	0.842091
27.68	0.842135
27.67	0.842178
27.66	0.842222
27.65	0.842265
27.64	0.842309
27.63	0.842352
27.62	0.842396
27.61	0.842439
27.6	0.842483
27.59	0.842527
27.58	0.84257
27.57	0.842614
27.56	0.842658
27.55	0.842702
27.54	0.842745
27.53	0.842789
27.52	0.842833
27.51	0.842877
27.5	0.842921
27.49	0.842965
27.48	0.843009
27.47	0.843053
27.46	0.843098
27.45	0.843142
27.44	0.843186
27.43	0.84323
27.42	0.843274
27.41	0.843319
27.4	0.843363
27.39	0.843407
27.38	0.843452
27.37	0.843496
27.36	0.843541
27.35	0.843585
27.34	0.84363
27.33	0.843675
27.32	0.843719
27.31	0.843764
27.3	0.843809
27.29	0.843853
27.28	0.843898
27.27	0.843943
27.26	0.843988
27.25	0.844033
27.24	0.844078
27.23	0.844123
27.22	0.844168
27.21	0.844213
27.2	0.844258
27.19	0.844303
27.18	0.844348
27.17	0.844393
27.16	0.844438
27.15	0.844484
27.14	0.844529
27.13	0.844574
27.12	0.84462
27.11	0.844665
27.1	0.844711
27.09	0.844756
27.08	0.844802
27.07	0.844847
27.06	0.844893
27.05	0.844939
27.04	0.844984
27.03	0.84503
27.02	0.845076
27.01	0.845122
27	0.845167
26.99	0.845213
26.98	0.845259
26.97	0.845305
26.96	0.845351
26.95	0.845397
26.94	0.845443
26.93	0.845489
26.92	0.845536
26.91	0.845582
26.9	0.845628
26.89	0.845674
26.88	0.845721
26.87	0.845767
26.86	0.845813
26.85	0.84586
26.84	0.845906
26.83	0.845953
26.82	0.845999
26.81	0.846046
26.8	0.846092
26.79	0.846139
26.78	0.846186
26.77	0.846232
26.76	0.846279
26.75	0.846326
26.74	0.846373
26.73	0.84642
26.72	0.846467
26.71	0.846514
26.7	0.846561
26.69	0.846608
26.68	0.846655
26.67	0.846702
26.66	0.846749
26.65	0.846796
26.64	0.846844
26.63	0.846891
26.62	0.846938
26.61	0.846986
26.6	0.847033
26.59	0.84708
26.58	0.847128
26.57	0.847175
26.56	0.847223
26.55	0.847271
26.54	0.847318
26.53	0.847366
26.52	0.847414
26.51	0.847461
26.5	0.847509
26.49	0.847557
26.48	0.847605
26.47	0.847653
26.46	0.847701
26.45	0.847749
26.44	0.847797
26.43	0.847845
26.42	0.847893
26.41	0.847941
26.4	0.84799
26.39	0.848038
26.38	0.848086
26.37	0.848135
26.36	0.848183
26.35	0.848231
26.34	0.84828
26.33	0.848328
26.32	0.848377
26.31	0.848425
26.3	0.848474
26.29	0.848523
26.28	0.848571
26.27	0.84862
26.26	0.848669
26.25	0.848718
26.24	0.848767
26.23	0.848816
26.22	0.848865
26.21	0.848914
26.2	0.848963
26.19	0.849012
26.18	0.849061
26.17	0.84911
26.16	0.849159
26.15	0.849209
26.14	0.849258
26.13	0.849307
26.12	0.849357
26.11	0.849406
26.1	0.849456
26.09	0.849505
26.08	0.849555
26.07	0.849604
26.06	0.849654
26.05	0.849704
26.04	0.849753
26.03	0.849803
26.02	0.849853
26.01	0.849903
26	0.849953
25.99	0.850003
25.98	0.850053
25.97	0.850103
25.96	0.850153
25.95	0.850203
25.94	0.850253
25.93	0.850303
25.92	0.850354
25.91	0.850404
25.9	0.850454
25.89	0.850505
25.88	0.850555
25.87	0.850606
25.86	0.850656
25.85	0.850707
25.84	0.850757
25.83	0.850808
25.82	0.850859
25.81	0.850909
25.8	0.85096
25.79	0.851011
25.78	0.851062
25.77	0.851113
25.76	0.851164
25.75	0.851215
25.74	0.851266
25.73	0.851317
25.72	0.851368
25.71	0.851419
25.7	0.851471
25.69	0.851522
25.68	0.851573
25.67	0.851625
25.66	0.851676
25.65	0.851727
25.64	0.851779
25.63	0.851831
25.62	0.851882
25.61	0.851934
25.6	0.851986
25.59	0.852037
25.58	0.852089
25.57	0.852141
25.56	0.852193
25.55	0.852245
25.54	0.852297
25.53	0.852349
25.52	0.852401
25.51	0.852453
25.5	0.852505
25.49	0.852557
25.48	0.852609
25.47	0.852662
25.46	0.852714
25.45	0.852766
25.44	0.852819
25.43	0.852871
25.42	0.852924
25.41	0.852976
25.4	0.853029
25.39	0.853082
25.38	0.853134
25.37	0.853187
25.36	0.85324
25.35	0.853293
25.34	0.853346
25.33	0.853399
25.32	0.853452
25.31	0.853505
25.3	0.853558
25.29	0.853611
25.28	0.853664
25.27	0.853717
25.26	0.853771
25.25	0.853824
25.24	0.853877
25.23	0.853931
25.22	0.853984
25.21	0.854038
25.2	0.854091
25.19	0.854145
25.18	0.854199
25.17	0.854252
25.16	0.854306
25.15	0.85436
25.14	0.854414
25.13	0.854468
25.12	0.854522
25.11	0.854576
25.1	0.85463
25.09	0.854684
25.08	0.854738
25.07	0.854792
25.06	0.854846
25.05	0.854901
25.04	0.854955
25.03	0.85501
25.02	0.855064
25.01	0.855119
25	0.855173
24.99	0.855228
24.98	0.855282
24.97	0.855337
24.96	0.855392
24.95	0.855447
24.94	0.855501
24.93	0.855556
24.92	0.855611
24.91	0.855666
24.9	0.855721
24.89	0.855776
24.88	0.855832
24.87	0.855887
24.86	0.855942
24.85	0.855997
24.84	0.856053
24.83	0.856108
24.82	0.856163
24.81	0.856219
24.8	0.856275
24.79	0.85633
24.78	0.856386
24.77	0.856441
24.76	0.856497
24.75	0.856553
24.74	0.856609
24.73	0.856665
24.72	0.856721
24.71	0.856777
24.7	0.856833
24.69	0.856889
24.68	0.856945
24.67	0.857001
24.66	0.857058
24.65	0.857114
24.64	0.85717
24.63	0.857227
24.62	0.857283
24.61	0.85734
24.6	0.857396
24.59	0.857453
24.58	0.85751
24.57	0.857566
24.56	0.857623
24.55	0.85768
24.54	0.857737
24.53	0.857794
24.52	0.857851
24.51	0.857908
24.5	0.857965
24.49	0.858022
24.48	0.858079
24.47	0.858137
24.46	0.858194
24.45	0.858252
24.44	0.858309
24.43	0.858366
24.42	0.858424
24.41	0.858482
24.4	0.858539
24.39	0.858597
24.38	0.858655
24.37	0.858712
24.36	0.85877
24.35	0.858828
24.34	0.858886
24.33	0.858944
24.32	0.859002
24.31	0.85906
24.3	0.859119
24.29	0.859177
24.28	0.859235
24.27	0.859294
24.26	0.859352
24.25	0.85941
24.24	0.859469
24.23	0.859528
24.22	0.859586
24.21	0.859645
24.2	0.859704
24.19	0.859762
24.18	0.859821
24.17	0.85988
24.16	0.859939
24.15	0.859998
24.14	0.860057
24.13	0.860116
24.12	0.860175
24.11	0.860235
24.1	0.860294
24.09	0.860353
24.08	0.860413
24.07	0.860472
24.06	0.860532
24.05	0.860591
24.04	0.860651
24.03	0.860711
24.02	0.86077
24.01	0.86083
24	0.86089
23.99	0.86095
23.98	0.86101
23.97	0.86107
23.96	0.86113
23.95	0.86119
23.94	0.86125
23.93	0.861311
23.92	0.861371
23.91	0.861431
23.9	0.861492
23.89	0.861552
23.88	0.861613
23.87	0.861673
23.86	0.861734
23.85	0.861795
23.84	0.861856
23.83	0.861916
23.82	0.861977
23.81	0.862038
23.8	0.862099
23.79	0.86216
23.78	0.862222
23.77	0.862283
23.76	0.862344
23.75	0.862405
23.74	0.862467
23.73	0.862528
23.72	0.86259
23.71	0.862651
23.7	0.862713
23.69	0.862774
23.68	0.862836
23.67	0.862898
23.66	0.86296
23.65	0.863022
23.64	0.863084
23.63	0.863146
23.62	0.863208
23.61	0.86327
23.6	0.863332
23.59	0.863394
23.58	0.863457
23.57	0.863519
23.56	0.863582
23.55	0.863644
23.54	0.863707
23.53	0.863769
23.52	0.863832
23.51	0.863895
23.5	0.863958
23.49	0.86402
23.48	0.864083
23.47	0.864146
23.46	0.864209
23.45	0.864273
23.44	0.864336
23.43	0.864399
23.42	0.864462
23.41	0.864526
23.4	0.864589
23.39	0.864653
23.38	0.864716
23.37	0.86478
23.36	0.864843
23.35	0.864907
23.34	0.864971
23.33	0.865035
23.32	0.865099
23.31	0.865163
23.3	0.865227
23.29	0.865291
23.28	0.865355
23.27	0.865419
23.26	0.865484
23.25	0.865548
23.24	0.865612
23.23	0.865677
23.22	0.865741
23.21	0.865806
23.2	0.865871
23.19	0.865936
23.18	0.866
23.17	0.866065
23.16	0.86613
23.15	0.866195
23.14	0.86626
23.13	0.866325
23.12	0.866391
23.11	0.866456
23.1	0.866521
23.09	0.866587
23.08	0.866652
23.07	0.866718
23.06	0.866783
23.05	0.866849
23.04	0.866915
23.03	0.86698
23.02	0.867046
23.01	0.867112
23	0.867178
22.99	0.867244
22.98	0.86731
22.97	0.867377
22.96	0.867443
22.95	0.867509
22.94	0.867576
22.93	0.867642
22.92	0.867709
22.91	0.867775
22.9	0.867842
22.89	0.867908
22.88	0.867975
22.87	0.868042
22.86	0.868109
22.85	0.868176
22.84	0.868243
22.83	0.86831
22.82	0.868377
22.81	0.868445
22.8	0.868512
22.79	0.868579
22.78	0.868647
22.77	0.868714
22.76	0.868782
22.75	0.86885
22.74	0.868917
22.73	0.868985
22.72	0.869053
22.71	0.869121
22.7	0.869189
22.69	0.869257
22.68	0.869325
22.67	0.869393
22.66	0.869462
22.65	0.86953
22.64	0.869599
22.63	0.869667
22.62	0.869736
22.61	0.869804
22.6	0.869873
22.59	0.869942
22.58	0.870011
22.57	0.870079
22.56	0.870148
22.55	0.870218
22.54	0.870287
22.53	0.870356
22.52	0.870425
22.51	0.870494
22.5	0.870564
22.49	0.870633
22.48	0.870703
22.47	0.870772
22.46	0.870842
22.45	0.870912
22.44	0.870982
22.43	0.871052
22.42	0.871122
22.41	0.871192
22.4	0.871262
22.39	0.871332
22.38	0.871402
22.37	0.871473
22.36	0.871543
22.35	0.871614
22.34	0.871684
22.33	0.871755
22.32	0.871826
22.31	0.871896
22.3	0.871967
22.29	0.872038
22.28	0.872109
22.27	0.87218
22.26	0.872251
22.25	0.872322
22.24	0.872394
22.23	0.872465
22.22	0.872537
22.21	0.872608
22.2	0.87268
22.19	0.872751
22.18	0.872823
22.17	0.872895
22.16	0.872967
22.15	0.873039
22.14	0.873111
22.13	0.873183
22.12	0.873255
22.11	0.873327
22.1	0.8734
22.09	0.873472
22.08	0.873545
22.07	0.873617
22.06	0.87369
22.05	0.873763
22.04	0.873835
22.03	0.873908
22.02	0.873981
22.01	0.874054
22	0.874127
21.99	0.874201
21.98	0.874274
21.97	0.874347
21.96	0.874421
21.95	0.874494
21.94	0.874568
21.93	0.874641
21.92	0.874715
21.91	0.874789
21.9	0.874863
21.89	0.874937
21.88	0.875011
21.87	0.875085
21.86	0.875159
21.85	0.875233
21.84	0.875308
21.83	0.875382
21.82	0.875457
21.81	0.875531
21.8	0.875606
21.79	0.875681
21.78	0.875755
21.77	0.87583
21.76	0.875905
21.75	0.87598
21.74	0.876055
21.73	0.876131
21.72	0.876206
21.71	0.876281
21.7	0.876357
21.69	0.876432
21.68	0.876508
21.67	0.876584
21.66	0.87666
21.65	0.876735
21.64	0.876811
21.63	0.876887
21.62	0.876963
21.61	0.87704
21.6	0.877116
21.59	0.877192
21.58	0.877269
21.57	0.877345
21.56	0.877422
21.55	0.877499
21.54	0.877575
21.53	0.877652
21.52	0.877729
21.51	0.877806
21.5	0.877883
21.49	0.87796
21.48	0.878038
21.47	0.878115
21.46	0.878192
21.45	0.87827
21.44	0.878348
21.43	0.878425
21.42	0.878503
21.41	0.878581
21.4	0.878659
21.39	0.878737
21.38	0.878815
21.37	0.878893
21.36	0.878971
21.35	0.87905
21.34	0.879128
21.33	0.879207
21.32	0.879285
21.31	0.879364
21.3	0.879443
21.29	0.879522
21.28	0.879601
21.27	0.87968
21.26	0.879759
21.25	0.879838
21.24	0.879918
21.23	0.879997
21.22	0.880076
21.21	0.880156
21.2	0.880236
21.19	0.880315
21.18	0.880395
21.17	0.880475
21.16	0.880555
21.15	0.880635
21.14	0.880715
21.13	0.880796
21.12	0.880876
21.11	0.880957
21.1	0.881037
21.09	0.881118
21.08	0.881198
21.07	0.881279
21.06	0.88136
21.05	0.881441
21.04	0.881522
21.03	0.881603
21.02	0.881685
21.01	0.881766
21	0.881847
20.99	0.881929
20.98	0.882011
20.97	0.882092
20.96	0.882174
20.95	0.882256
20.94	0.882338
20.93	0.88242
20.92	0.882502
20.91	0.882584
20.9	0.882667
20.89	0.882749
20.88	0.882832
20.87	0.882914
20.86	0.882997
20.85	0.88308
20.84	0.883163
20.83	0.883246
20.82	0.883329
20.81	0.883412
20.8	0.883495
20.79	0.883579
20.78	0.883662
20.77	0.883746
20.76	0.883829
20.75	0.883913
20.74	0.883997
20.73	0.884081
20.72	0.884165
20.71	0.884249
20.7	0.884333
20.69	0.884417
20.68	0.884502
20.67	0.884586
20.66	0.884671
20.65	0.884756
20.64	0.88484
20.63	0.884925
20.62	0.88501
20.61	0.885095
20.6	0.88518
20.59	0.885266
20.58	0.885351
20.57	0.885437
20.56	0.885522
20.55	0.885608
20.54	0.885694
20.53	0.885779
20.52	0.885865
20.51	0.885951
20.5	0.886038
20.49	0.886124
20.48	0.88621
20.47	0.886297
20.46	0.886383
20.45	0.88647
20.44	0.886556
20.43	0.886643
20.42	0.88673
20.41	0.886817
20.4	0.886904
20.39	0.886992
20.38	0.887079
20.37	0.887166
20.36	0.887254
20.35	0.887342
20.34	0.887429
20.33	0.887517
20.32	0.887605
20.31	0.887693
20.3	0.887781
20.29	0.887869
20.28	0.887958
20.27	0.888046
20.26	0.888135
20.25	0.888223
20.24	0.888312
20.23	0.888401
20.22	0.88849
20.21	0.888579
20.2	0.888668
20.19	0.888758
20.18	0.888847
20.17	0.888936
20.16	0.889026
20.15	0.889116
20.14	0.889205
20.13	0.889295
20.12	0.889385
20.11	0.889475
20.1	0.889566
20.09	0.889656
20.08	0.889746
20.07	0.889837
20.06	0.889928
20.05	0.890018
20.04	0.890109
20.03	0.8902
20.02	0.890291
20.01	0.890382
20	0.890474
19.99	0.890565
19.98	0.890656
19.97	0.890748
19.96	0.89084
19.95	0.890932
19.94	0.891023
19.93	0.891115
19.92	0.891208
19.91	0.8913
19.9	0.891392
19.89	0.891485
19.88	0.891577
19.87	0.89167
19.86	0.891763
19.85	0.891856
19.84	0.891949
19.83	0.892042
19.82	0.892135
19.81	0.892228
19.8	0.892322
19.79	0.892415
19.78	0.892509
19.77	0.892603
19.76	0.892697
19.75	0.892791
19.74	0.892885
19.73	0.892979
19.72	0.893073
19.71	0.893168
19.7	0.893262
19.69	0.893357
19.68	0.893452
19.67	0.893547
19.66	0.893642
19.65	0.893737
19.64	0.893832
19.63	0.893928
19.62	0.894023
19.61	0.894119
19.6	0.894214
19.59	0.89431
19.58	0.894406
19.57	0.894502
19.56	0.894598
19.55	0.894695
19.54	0.894791
19.53	0.894888
19.52	0.894984
19.51	0.895081
19.5	0.895178
19.49	0.895275
19.48	0.895372
19.47	0.895469
19.46	0.895566
19.45	0.895664
19.44	0.895761
19.43	0.895859
19.42	0.895957
19.41	0.896055
19.4	0.896153
19.39	0.896251
19.38	0.896349
19.37	0.896448
19.36	0.896546
19.35	0.896645
19.34	0.896744
19.33	0.896843
19.32	0.896942
19.31	0.897041
19.3	0.89714
19.29	0.897239
19.28	0.897339
19.27	0.897439
19.26	0.897538
19.25	0.897638
19.24	0.897738
19.23	0.897838
19.22	0.897938
19.21	0.898039
19.2	0.898139
19.19	0.89824
19.18	0.898341
19.17	0.898441
19.16	0.898542
19.15	0.898644
19.14	0.898745
19.13	0.898846
19.12	0.898948
19.11	0.899049
19.1	0.899151
19.09	0.899253
19.08	0.899355
19.07	0.899457
19.06	0.899559
19.05	0.899661
19.04	0.899764
19.03	0.899867
19.02	0.899969
19.01	0.900072
19	0.900175
18.99	0.900278
18.98	0.900382
18.97	0.900485
18.96	0.900588
18.95	0.900692
18.94	0.900796
18.93	0.9009
18.92	0.901004
18.91	0.901108
18.9	0.901212
18.89	0.901317
18.88	0.901421
18.87	0.901526
18.86	0.901631
18.85	0.901736
18.84	0.901841
18.83	0.901946
18.82	0.902051
18.81	0.902157
18.8	0.902262
18.79	0.902368
18.78	0.902474
18.77	0.90258
18.76	0.902686
18.75	0.902792
18.74	0.902899
18.73	0.903005
18.72	0.903112
18.71	0.903219
18.7	0.903326
18.69	0.903433
18.68	0.90354
18.67	0.903648
18.66	0.903755
18.65	0.903863
18.64	0.90397
18.63	0.904078
18.62	0.904186
18.61	0.904295
18.6	0.904403
18.59	0.904511
18.58	0.90462
18.57	0.904729
18.56	0.904838
18.55	0.904947
18.54	0.905056
18.53	0.905165
18.52	0.905275
18.51	0.905384
18.5	0.905494
18.49	0.905604
18.48	0.905714
18.47	0.905824
18.46	0.905934
18.45	0.906045
18.44	0.906155
18.43	0.906266
18.42	0.906377
18.41	0.906488
18.4	0.906599
18.39	0.90671
18.38	0.906822
18.37	0.906933
18.36	0.907045
18.35	0.907157
18.34	0.907269
18.33	0.907381
18.32	0.907493
18.31	0.907606
18.3	0.907718
18.29	0.907831
18.28	0.907944
18.27	0.908057
18.26	0.90817
18.25	0.908283
18.24	0.908397
18.23	0.908511
18.22	0.908624
18.21	0.908738
18.2	0.908852
18.19	0.908967
18.18	0.909081
18.17	0.909196
18.16	0.90931
18.15	0.909425
18.14	0.90954
18.13	0.909655
18.12	0.90977
18.11	0.909886
18.1	0.910001
18.09	0.910117
18.08	0.910233
18.07	0.910349
18.06	0.910465
18.05	0.910582
18.04	0.910698
18.03	0.910815
18.02	0.910932
18.01	0.911049
18	0.911166
17.99	0.911283
17.98	0.911401
17.97	0.911518
17.96	0.911636
17.95	0.911754
17.94	0.911872
17.93	0.91199
17.92	0.912108
17.91	0.912227
17.9	0.912346
17.89	0.912465
17.88	0.912584
17.87	0.912703
17.86	0.912822
17.85	0.912942
17.84	0.913061
17.83	0.913181
17.82	0.913301
17.81	0.913421
17.8	0.913541
17.79	0.913662
17.78	0.913783
17.77	0.913903
17.76	0.914024
17.75	0.914145
17.74	0.914267
17.73	0.914388
17.72	0.91451
17.71	0.914632
17.7	0.914753
17.69	0.914876
17.68	0.914998
17.67	0.91512
17.66	0.915243
17.65	0.915366
17.64	0.915489
17.63	0.915612
17.62	0.915735
17.61	0.915858
17.6	0.915982
17.59	0.916106
17.58	0.91623
17.57	0.916354
17.56	0.916478
17.55	0.916603
17.54	0.916727
17.53	0.916852
17.52	0.916977
17.51	0.917102
17.5	0.917227
17.49	0.917353
17.48	0.917479
17.47	0.917604
17.46	0.91773
17.45	0.917857
17.44	0.917983
17.43	0.918109
17.42	0.918236
17.41	0.918363
17.4	0.91849
17.39	0.918617
17.38	0.918745
17.37	0.918872
17.36	0.919
17.35	0.919128
17.34	0.919256
17.33	0.919384
17.32	0.919513
17.31	0.919641
17.3	0.91977
17.29	0.919899
17.28	0.920028
17.27	0.920158
17.26	0.920287
17.25	0.920417
17.24	0.920547
17.23	0.920677
17.22	0.920807
17.21	0.920938
17.2	0.921068
17.19	0.921199
17.18	0.92133
17.17	0.921461
17.16	0.921593
17.15	0.921724
17.14	0.921856
17.13	0.921988
17.12	0.92212
17.11	0.922252
17.1	0.922385
17.09	0.922517
17.08	0.92265
17.07	0.922783
17.06	0.922917
17.05	0.92305
17.04	0.923184
17.03	0.923317
17.02	0.923451
17.01	0.923586
17	0.92372
16.99	0.923854
16.98	0.923989
16.97	0.924124
16.96	0.924259
16.95	0.924395
16.94	0.92453
16.93	0.924666
16.92	0.924802
16.91	0.924938
16.9	0.925074
16.89	0.925211
16.88	0.925347
16.87	0.925484
16.86	0.925621
16.85	0.925759
16.84	0.925896
16.83	0.926034
16.82	0.926172
16.81	0.92631
16.8	0.926448
16.79	0.926587
16.78	0.926725
16.77	0.926864
16.76	0.927003
16.75	0.927142
16.74	0.927282
16.73	0.927422
16.72	0.927561
16.71	0.927702
16.7	0.927842
16.69	0.927982
16.68	0.928123
16.67	0.928264
16.66	0.928405
16.65	0.928546
16.64	0.928688
16.63	0.92883
16.62	0.928971
16.61	0.929114
16.6	0.929256
16.59	0.929399
16.58	0.929541
16.57	0.929684
16.56	0.929827
16.55	0.929971
16.54	0.930114
16.53	0.930258
16.52	0.930402
16.51	0.930547
16.5	0.930691
16.49	0.930836
16.48	0.930981
16.47	0.931126
16.46	0.931271
16.45	0.931416
16.44	0.931562
16.43	0.931708
16.42	0.931854
16.41	0.932001
16.4	0.932147
16.39	0.932294
16.38	0.932441
16.37	0.932588
16.36	0.932736
16.35	0.932884
16.34	0.933031
16.33	0.93318
16.32	0.933328
16.31	0.933477
16.3	0.933625
16.29	0.933774
16.28	0.933924
16.27	0.934073
16.26	0.934223
16.25	0.934373
16.24	0.934523
16.23	0.934673
16.22	0.934824
16.21	0.934975
16.2	0.935126
16.19	0.935277
16.18	0.935429
16.17	0.93558
16.16	0.935732
16.15	0.935884
16.14	0.936037
16.13	0.936189
16.12	0.936342
16.11	0.936495
16.1	0.936649
16.09	0.936802
16.08	0.936956
16.07	0.93711
16.06	0.937265
16.05	0.937419
16.04	0.937574
16.03	0.937729
16.02	0.937884
16.01	0.93804
16	0.938195
15.99	0.938351
15.98	0.938507
15.97	0.938664
15.96	0.93882
15.95	0.938977
15.94	0.939135
15.93	0.939292
15.92	0.93945
15.91	0.939607
15.9	0.939766
15.89	0.939924
15.88	0.940082
15.87	0.940241
15.86	0.9404
15.85	0.94056
15.84	0.940719
15.83	0.940879
15.82	0.941039
15.81	0.9412
15.8	0.94136
15.79	0.941521
15.78	0.941682
15.77	0.941843
15.76	0.942005
15.75	0.942167
15.74	0.942329
15.73	0.942491
15.72	0.942654
15.71	0.942817
15.7	0.94298
15.69	0.943143
15.68	0.943307
15.67	0.943471
15.66	0.943635
15.65	0.943799
15.64	0.943964
15.63	0.944129
15.62	0.944294
15.61	0.944459
15.6	0.944625
15.59	0.944791
15.58	0.944957
15.57	0.945123
15.56	0.94529
15.55	0.945457
15.54	0.945624
15.53	0.945792
15.52	0.94596
15.51	0.946128
15.5	0.946296
15.49	0.946465
15.48	0.946634
15.47	0.946803
15.46	0.946972
15.45	0.947142
15.44	0.947312
15.43	0.947482
15.42	0.947652
15.41	0.947823
15.4	0.947994
15.39	0.948165
15.38	0.948337
15.37	0.948509
15.36	0.948681
15.35	0.948853
15.34	0.949026
15.33	0.949199
15.32	0.949372
15.31	0.949546
15.3	0.94972
15.29	0.949894
15.28	0.950068
15.27	0.950243
15.26	0.950418
15.25	0.950593
15.24	0.950768
15.23	0.950944
15.22	0.95112
15.21	0.951297
15.2	0.951473
15.19	0.95165
15.18	0.951827
15.17	0.952005
15.16	0.952183
15.15	0.952361
15.14	0.952539
15.13	0.952718
15.12	0.952897
15.11	0.953076
15.1	0.953256
15.09	0.953435
15.08	0.953616
15.07	0.953796
15.06	0.953977
15.05	0.954158
15.04	0.954339
15.03	0.954521
15.02	0.954703
15.01	0.954885
15	0.955067
14.99	0.95525
14.98	0.955433
14.97	0.955617
14.96	0.955801
14.95	0.955985
14.94	0.956169
14.93	0.956354
14.92	0.956539
14.91	0.956724
14.9	0.956909
14.89	0.957095
14.88	0.957281
14.87	0.957468
14.86	0.957655
14.85	0.957842
14.84	0.958029
14.83	0.958217
14.82	0.958405
14.81	0.958594
14.8	0.958782
14.79	0.958971
14.78	0.959161
14.77	0.95935
14.76	0.95954
14.75	0.959731
14.74	0.959921
14.73	0.960112
14.72	0.960304
14.71	0.960495
14.7	0.960687
14.69	0.960879
14.68	0.961072
14.67	0.961265
14.66	0.961458
14.65	0.961652
14.64	0.961846
14.63	0.96204
14.62	0.962234
14.61	0.962429
14.6	0.962625
14.59	0.96282
14.58	0.963016
14.57	0.963212
14.56	0.963409
14.55	0.963606
14.54	0.963803
14.53	0.964001
14.52	0.964198
14.51	0.964397
14.5	0.964595
14.49	0.964794
14.48	0.964994
14.47	0.965193
14.46	0.965393
14.45	0.965594
14.44	0.965794
14.43	0.965995
14.42	0.966197
14.41	0.966398
14.4	0.9666
14.39	0.966803
14.38	0.967006
14.37	0.967209
14.36	0.967412
14.35	0.967616
14.34	0.96782
14.33	0.968025
14.32	0.96823
14.31	0.968435
14.3	0.968641
14.29	0.968847
14.28	0.969053
14.27	0.96926
14.26	0.969467
14.25	0.969674
14.24	0.969882
14.23	0.97009
14.22	0.970299
14.21	0.970508
14.2	0.970717
14.19	0.970927
14.18	0.971137
14.17	0.971347
14.16	0.971558
14.15	0.971769
14.14	0.971981
14.13	0.972192
14.12	0.972405
14.11	0.972617
14.1	0.97283
14.09	0.973044
14.08	0.973258
14.07	0.973472
14.06	0.973686
14.05	0.973901
14.04	0.974117
14.03	0.974332
14.02	0.974549
14.01	0.974765
14	0.974982
13.99	0.975199
13.98	0.975417
13.97	0.975635
13.96	0.975854
13.95	0.976072
13.94	0.976292
13.93	0.976511
13.92	0.976731
13.91	0.976952
13.9	0.977173
13.89	0.977394
13.88	0.977616
13.87	0.977838
13.86	0.97806
13.85	0.978283
13.84	0.978506
13.83	0.97873
13.82	0.978954
13.81	0.979178
13.8	0.979403
13.79	0.979629
13.78	0.979854
13.77	0.980081
13.76	0.980307
13.75	0.980534
13.74	0.980762
13.73	0.980989
13.72	0.981218
13.71	0.981446
13.7	0.981676
13.69	0.981905
13.68	0.982135
13.67	0.982365
13.66	0.982596
13.65	0.982827
13.64	0.983059
13.63	0.983291
13.62	0.983524
13.61	0.983757
13.6	0.98399
13.59	0.984224
13.58	0.984458
13.57	0.984693
13.56	0.984928
13.55	0.985164
13.54	0.9854
13.53	0.985636
13.52	0.985873
13.51	0.98611
13.5	0.986348
13.49	0.986586
13.48	0.986825
13.47	0.987064
13.46	0.987304
13.45	0.987544
13.44	0.987785
13.43	0.988025
13.42	0.988267
13.41	0.988509
13.4	0.988751
13.39	0.988994
13.38	0.989237
13.37	0.989481
13.36	0.989725
13.35	0.98997
13.34	0.990215
13.33	0.990461
13.32	0.990707
13.31	0.990953
13.3	0.9912
13.29	0.991448
13.28	0.991696
13.27	0.991944
13.26	0.992193
13.25	0.992443
13.24	0.992693
13.23	0.992943
13.22	0.993194
13.21	0.993445
13.2	0.993697
13.19	0.993949
13.18	0.994202
13.17	0.994456
13.16	0.994709
13.15	0.994964
13.14	0.995218
13.13	0.995474
13.12	0.99573
13.11	0.995986
13.1	0.996243
13.09	0.9965
13.08	0.996758
13.07	0.997016
13.06	0.997275
13.05	0.997534
13.04	0.997794
13.03	0.998054
13.02	0.998315
13.01	0.998577
13	0.998838
12.99	0.999101
12.98	0.999364
12.97	0.999627
12.96	0.999891
12.95	1.00016
12.94	1.00042
12.93	1.00069
12.92	1.00095
12.91	1.00122
12.9	1.00149
12.89	1.00175
12.88	1.00202
12.87	1.00229
12.86	1.00256
12.85	1.00283
12.84	1.0031
12.83	1.00337
12.82	1.00364
12.81	1.00391
12.8	1.00419
12.79	1.00446
12.78	1.00473
12.77	1.00501
12.76	1.00528
12.75	1.00556
12.74	1.00583
12.73	1.00611
12.72	1.00639
12.71	1.00667
12.7	1.00694
12.69	1.00722
12.68	1.0075
12.67	1.00778
12.66	1.00806
12.65	1.00834
12.64	1.00862
12.63	1.00891
12.62	1.00919
12.61	1.00947
12.6	1.00976
12.59	1.01004
12.58	1.01033
12.57	1.01061
12.56	1.0109
12.55	1.01118
12.54	1.01147
12.53	1.01176
12.52	1.01205
12.51	1.01234
12.5	1.01263
12.49	1.01292
12.48	1.01321
12.47	1.0135
12.46	1.01379
12.45	1.01409
12.44	1.01438
12.43	1.01467
12.42	1.01497
12.41	1.01526
12.4	1.01556
12.39	1.01586
12.38	1.01615
12.37	1.01645
12.36	1.01675
12.35	1.01705
12.34	1.01735
12.33	1.01765
12.32	1.01795
12.31	1.01825
12.3	1.01855
12.29	1.01886
12.28	1.01916
12.27	1.01946
12.26	1.01977
12.25	1.02007
12.24	1.02038
12.23	1.02069
12.22	1.02099
12.21	1.0213
12.2	1.02161
12.19	1.02192
12.18	1.02223
12.17	1.02254
12.16	1.02285
12.15	1.02316
12.14	1.02348
12.13	1.02379
12.12	1.0241
12.11	1.02442
12.1	1.02473
12.09	1.02505
12.08	1.02537
12.07	1.02569
12.06	1.026
12.05	1.02632
12.04	1.02664
12.03	1.02696
12.02	1.02728
12.01	1.0276
12	1.02793
11.99	1.02825
11.98	1.02857
11.97	1.0289
11.96	1.02922
11.95	1.02955
11.94	1.02988
11.93	1.0302
11.92	1.03053
11.91	1.03086
11.9	1.03119
11.89	1.03152
11.88	1.03185
11.87	1.03218
11.86	1.03252
11.85	1.03285
11.84	1.03318
11.83	1.03352
11.82	1.03385
11.81	1.03419
11.8	1.03453
11.79	1.03486
11.78	1.0352
11.77	1.03554
11.76	1.03588
11.75	1.03622
11.74	1.03656
11.73	1.03691
11.72	1.03725
11.71	1.03759
11.7	1.03794
11.69	1.03828
11.68	1.03863
11.67	1.03898
11.66	1.03932
11.65	1.03967
11.64	1.04002
11.63	1.04037
11.62	1.04072
11.61	1.04108
11.6	1.04143
11.59	1.04178
11.58	1.04214
11.57	1.04249
11.56	1.04285
11.55	1.0432
11.54	1.04356
11.53	1.04392
11.52	1.04428
11.51	1.04464
11.5	1.045
11.49	1.04536
11.48	1.04572
11.47	1.04609
11.46	1.04645
11.45	1.04681
11.44	1.04718
11.43	1.04755
11.42	1.04791
11.41	1.04828
11.4	1.04865
11.39	1.04902
11.38	1.04939
11.37	1.04977
11.36	1.05014
11.35	1.05051
11.34	1.05089
11.33	1.05126
11.32	1.05164
11.31	1.05202
11.3	1.05239
11.29	1.05277
11.28	1.05315
11.27	1.05353
11.26	1.05391
11.25	1.0543
11.24	1.05468
11.23	1.05506
11.22	1.05545
11.21	1.05584
11.2	1.05622
11.19	1.05661
11.18	1.057
11.17	1.05739
11.16	1.05778
11.15	1.05817
11.14	1.05857
11.13	1.05896
11.12	1.05935
11.11	1.05975
11.1	1.06015
11.09	1.06054
11.08	1.06094
11.07	1.06134
11.06	1.06174
11.05	1.06214
11.04	1.06255
11.03	1.06295
11.02	1.06335
11.01	1.06376
11	1.06417
10.99	1.06457
10.98	1.06498
10.97	1.06539
10.96	1.0658
10.95	1.06621
10.94	1.06662
10.93	1.06704
10.92	1.06745
10.91	1.06787
10.9	1.06828
10.89	1.0687
10.88	1.06912
10.87	1.06954
10.86	1.06996
10.85	1.07038
10.84	1.07081
10.83	1.07123
10.82	1.07165
10.81	1.07208
10.8	1.07251
10.79	1.07294
10.78	1.07336
10.77	1.07379
10.76	1.07423
10.75	1.07466
10.74	1.07509
10.73	1.07553
10.72	1.07596
10.71	1.0764
10.7	1.07684
10.69	1.07728
10.68	1.07772
10.67	1.07816
10.66	1.0786
10.65	1.07904
10.64	1.07949
10.63	1.07993
10.62	1.08038
10.61	1.08083
10.6	1.08128
10.59	1.08173
10.58	1.08218
10.57	1.08263
10.56	1.08309
10.55	1.08354
10.54	1.084
10.53	1.08446
10.52	1.08492
10.51	1.08538
10.5	1.08584
10.49	1.0863
10.48	1.08676
10.47	1.08723
10.46	1.08769
10.45	1.08816
10.44	1.08863
10.43	1.0891
10.42	1.08957
10.41	1.09004
10.4	1.09051
10.39	1.09099
10.38	1.09146
10.37	1.09194
10.36	1.09242
10.35	1.0929
10.34	1.09338
10.33	1.09386
10.32	1.09435
10.31	1.09483
10.3	1.09532
10.29	1.09581
10.28	1.09629
10.27	1.09678
10.26	1.09728
10.25	1.09777
10.24	1.09826
10.23	1.09876
10.22	1.09925
10.21	1.09975
10.2	1.10025
10.19	1.10075
10.18	1.10125
10.17	1.10176
10.16	1.10226
10.15	1.10277
10.14	1.10328
10.13	1.10378
10.12	1.1043
10.11	1.10481
10.1	1.10532
10.09	1.10583
10.08	1.10635
10.07	1.10687
10.06	1.10739
10.05	1.10791
10.04	1.10843
10.03	1.10895
10.02	1.10948
10.01	1.11
10	1.11053
9.99	1.11106
9.98	1.11159
9.97	1.11212
9.96	1.11266
9.95	1.11319
9.94	1.11373
9.93	1.11427
9.92	1.1148
9.91	1.11535
9.9	1.11589
9.89	1.11643
9.88	1.11698
9.87	1.11753
9.86	1.11807
9.85	1.11862
9.84	1.11918
9.83	1.11973
9.82	1.12028
9.81	1.12084
9.8	1.1214
9.79	1.12196
9.78	1.12252
9.77	1.12308
9.76	1.12365
9.75	1.12421
9.74	1.12478
9.73	1.12535
9.72	1.12592
9.71	1.1265
9.7	1.12707
9.69	1.12765
9.68	1.12822
9.67	1.1288
9.66	1.12939
9.65	1.12997
9.64	1.13055
9.63	1.13114
9.62	1.13173
9.61	1.13232
9.6	1.13291
9.59	1.1335
9.58	1.1341
9.57	1.13469
9.56	1.13529
9.55	1.13589
9.54	1.1365
9.53	1.1371
9.52	1.13771
9.51	1.13831
9.5	1.13892
9.49	1.13953
9.48	1.14015
9.47	1.14076
9.46	1.14138
9.45	1.142
9.44	1.14262
9.43	1.14324
9.42	1.14386
9.41	1.14449
9.4	1.14512
9.39	1.14575
9.38	1.14638
9.37	1.14701
9.36	1.14765
9.35	1.14829
9.34	1.14893
9.33	1.14957
9.32	1.15021
9.31	1.15086
9.3	1.1515
9.29	1.15215
9.28	1.1528
9.27	1.15346
9.26	1.15411
9.25	1.15477
9.24	1.15543
9.23	1.15609
9.22	1.15676
9.21	1.15742
9.2	1.15809
9.19	1.15876
9.18	1.15943
9.17	1.16011
9.16	1.16078
9.15	1.16146
9.14	1.16214
9.13	1.16282
9.12	1.16351
9.11	1.16419
9.1	1.16488
9.09	1.16558
9.08	1.16627
9.07	1.16696
9.06	1.16766
9.05	1.16836
9.04	1.16907
9.03	1.16977
9.02	1.17048
9.01	1.17119
9	1.1719
8.99	1.17261
8.98	1.17333
8.97	1.17405
8.96	1.17477
8.95	1.17549
8.94	1.17622
8.93	1.17694
8.92	1.17767
8.91	1.17841
8.9	1.17914
8.89	1.17988
8.88	1.18062
8.87	1.18136
8.86	1.18211
8.85	1.18285
8.84	1.1836
8.83	1.18435
8.82	1.18511
8.81	1.18587
8.8	1.18663
8.79	1.18739
8.78	1.18815
8.77	1.18892
8.76	1.18969
8.75	1.19046
8.74	1.19124
8.73	1.19201
8.72	1.1928
8.71	1.19358
8.7	1.19436
8.69	1.19515
8.68	1.19594
8.67	1.19674
8.66	1.19753
8.65	1.19833
8.64	1.19913
8.63	1.19994
8.62	1.20074
8.61	1.20155
8.6	1.20237
8.59	1.20318
8.58	1.204
8.57	1.20482
8.56	1.20565
8.55	1.20647
8.54	1.2073
8.53	1.20814
8.52	1.20897
8.51	1.20981
8.5	1.21065
8.49	1.2115
8.48	1.21234
8.47	1.21319
8.46	1.21405
8.45	1.2149
8.44	1.21576
8.43	1.21662
8.42	1.21749
8.41	1.21836
8.4	1.21923
8.39	1.2201
8.38	1.22098
8.37	1.22186
8.36	1.22275
8.35	1.22363
8.34	1.22452
8.33	1.22542
8.32	1.22631
8.31	1.22721
8.3	1.22812
8.29	1.22902
8.28	1.22993
8.27	1.23085
8.26	1.23176
8.25	1.23268
8.24	1.23361
8.23	1.23453
8.22	1.23546
8.21	1.2364
8.2	1.23733
8.19	1.23827
8.18	1.23922
8.17	1.24017
8.16	1.24112
8.15	1.24207
8.14	1.24303
8.13	1.24399
8.12	1.24496
8.11	1.24592
8.1	1.2469
8.09	1.24787
8.08	1.24885
8.07	1.24984
8.06	1.25082
8.05	1.25181
8.04	1.25281
8.03	1.25381
8.02	1.25481
8.01	1.25581
8	1.25682
7.99	1.25784
7.98	1.25885
7.97	1.25988
7.96	1.2609
7.95	1.26193
7.94	1.26296
7.93	1.264
7.92	1.26504
7.91	1.26609
7.9	1.26714
7.89	1.26819
7.88	1.26925
7.87	1.27031
7.86	1.27138
7.85	1.27245
7.84	1.27352
7.83	1.2746
7.82	1.27568
7.81	1.27677
7.8	1.27786
7.79	1.27896
7.78	1.28006
7.77	1.28116
7.76	1.28227
7.75	1.28338
7.74	1.2845
7.73	1.28562
7.72	1.28675
7.71	1.28788
7.7	1.28902
7.69	1.29016
7.68	1.2913
7.67	1.29245
7.66	1.29361
7.65	1.29476
7.64	1.29593
7.63	1.2971
7.62	1.29827
7.61	1.29945
7.6	1.30063
7.59	1.30182
7.58	1.30301
7.57	1.30421
7.56	1.30541
7.55	1.30662
7.54	1.30783
7.53	1.30905
7.52	1.31028
7.51	1.3115
7.5	1.31274
7.49	1.31398
7.48	1.31522
7.47	1.31647
7.46	1.31772
7.45	1.31898
7.44	1.32025
7.43	1.32152
7.42	1.32279
7.41	1.32408
7.4	1.32536
7.39	1.32665
7.38	1.32795
7.37	1.32926
7.36	1.33056
7.35	1.33188
7.34	1.3332
7.33	1.33453
7.32	1.33586
7.31	1.3372
7.3	1.33854
7.29	1.33989
7.28	1.34125
7.27	1.34261
7.26	1.34397
7.25	1.34535
7.24	1.34673
7.23	1.34811
7.22	1.34951
7.21	1.3509
7.2	1.35231
7.19	1.35372
7.18	1.35514
7.17	1.35656
7.16	1.35799
7.15	1.35943
7.14	1.36087
7.13	1.36232
7.12	1.36378
7.11	1.36524
7.1	1.36671
7.09	1.36818
7.08	1.36967
7.07	1.37116
7.06	1.37265
7.05	1.37416
7.04	1.37567
7.03	1.37718
7.02	1.37871
7.01	1.38024
7	1.38178
6.99	1.38333
6.98	1.38488
6.97	1.38644
6.96	1.38801
6.95	1.38958
6.94	1.39117
6.93	1.39276
6.92	1.39436
6.91	1.39596
6.9	1.39758
6.89	1.3992
6.88	1.40083
6.87	1.40246
6.86	1.40411
6.85	1.40576
6.84	1.40742
6.83	1.40909
6.82	1.41077
6.81	1.41245
6.8	1.41414
6.79	1.41585
6.78	1.41756
6.77	1.41927
6.76	1.421
6.75	1.42274
6.74	1.42448
6.73	1.42623
6.72	1.42799
6.71	1.42976
6.7	1.43154
6.69	1.43333
6.68	1.43513
6.67	1.43694
6.66	1.43875
6.65	1.44058
6.64	1.44241
6.63	1.44425
6.62	1.44611
6.61	1.44797
6.6	1.44984
6.59	1.45172
6.58	1.45361
6.57	1.45551
6.56	1.45742
6.55	1.45934
6.54	1.46128
6.53	1.46322
6.52	1.46517
6.51	1.46713
6.5	1.4691
6.49	1.47108
6.48	1.47307
6.47	1.47508
6.46	1.47709
6.45	1.47912
6.44	1.48115
6.43	1.4832
6.42	1.48525
6.41	1.48732
6.4	1.4894
6.39	1.49149
6.38	1.49359
6.37	1.49571
6.36	1.49783
6.35	1.49997
6.34	1.50212
6.33	1.50428
6.32	1.50645
6.31	1.50864
6.3	1.51083
6.29	1.51304
6.28	1.51526
6.27	1.51749
6.26	1.51974
6.25	1.522
6.24	1.52427
6.23	1.52655
6.22	1.52885
6.21	1.53116
6.2	1.53349
6.19	1.53582
6.18	1.53817
6.17	1.54054
6.16	1.54291
6.15	1.5453
6.14	1.54771
6.13	1.55013
6.12	1.55256
6.11	1.55501
6.1	1.55747
6.09	1.55994
6.08	1.56243
6.07	1.56494
6.06	1.56746
6.05	1.56999
6.04	1.57254
6.03	1.57511
6.02	1.57769
6.01	1.58029
6	1.5829
5.99	1.58553
5.98	1.58817
5.97	1.59083
5.96	1.59351
5.95	1.5962
5.94	1.59891
5.93	1.60163
5.92	1.60438
5.91	1.60713
5.9	1.60991
5.89	1.6127
5.88	1.61552
5.87	1.61835
5.86	1.62119
5.85	1.62406
5.84	1.62694
5.83	1.62984
5.82	1.63276
5.81	1.6357
5.8	1.63866
5.79	1.64163
5.78	1.64463
5.77	1.64764
5.76	1.65068
5.75	1.65373
5.74	1.6568
5.73	1.6599
5.72	1.66301
5.71	1.66615
5.7	1.6693
5.69	1.67248
5.68	1.67568
5.67	1.6789
5.66	1.68214
5.65	1.6854
5.64	1.68868
5.63	1.69199
5.62	1.69532
5.61	1.69867
5.6	1.70204
5.59	1.70544
5.58	1.70886
5.57	1.71231
5.56	1.71578
5.55	1.71927
5.54	1.72279
5.53	1.72633
5.52	1.72989
5.51	1.73348
5.5	1.7371
5.49	1.74074
5.48	1.74441
5.47	1.74811
5.46	1.75183
5.45	1.75558
5.44	1.75935
5.43	1.76315
5.42	1.76698
5.41	1.77084
5.4	1.77473
5.39	1.77864
5.38	1.78258
5.37	1.78656
5.36	1.79056
5.35	1.79459
5.34	1.79865
5.33	1.80274
5.32	1.80687
5.31	1.81102
5.3	1.81521
5.29	1.81943
5.28	1.82368
5.27	1.82796
5.26	1.83228
5.25	1.83662
5.24	1.84101
5.23	1.84542
5.22	1.84988
5.21	1.85436
5.2	1.85888
5.19	1.86344
5.18	1.86804
5.17	1.87267
5.16	1.87733
5.15	1.88204
5.14	1.88678
5.13	1.89157
5.12	1.89639
5.11	1.90125
5.1	1.90615
5.09	1.91109
5.08	1.91607
5.07	1.92109
5.06	1.92615
5.05	1.93126
5.04	1.93641
5.03	1.9416
5.02	1.94684
5.01	1.95212
5	1.95745
4.99	1.96283
4.98	1.96824
4.97	1.97371
4.96	1.97923
4.95	1.98479
4.94	1.9904
4.93	1.99606
4.92	2.00177
4.91	2.00753
4.9	2.01335
4.89	2.01921
4.88	2.02513
4.87	2.0311
4.86	2.03713
4.85	2.04321
4.84	2.04935
4.83	2.05554
4.82	2.06179
4.81	2.0681
4.8	2.07447
4.79	2.0809
4.78	2.08739
4.77	2.09394
4.76	2.10056
4.75	2.10724
4.74	2.11398
4.73	2.12079
4.72	2.12766
4.71	2.1346
4.7	2.14161
4.69	2.14869
4.68	2.15584
4.67	2.16306
4.66	2.17036
4.65	2.17772
4.64	2.18517
4.63	2.19268
4.62	2.20028
4.61	2.20795
4.6	2.21571
4.59	2.22354
4.58	2.23146
4.57	2.23946
4.56	2.24755
4.55	2.25572
4.54	2.26398
4.53	2.27233
4.52	2.28077
4.51	2.2893
4.5	2.29792
4.49	2.30664
4.48	2.31546
4.47	2.32438
4.46	2.3334
4.45	2.34251
4.44	2.35174
4.43	2.36107
4.42	2.3705
4.41	2.38005
4.4	2.38971
4.39	2.39948
4.38	2.40937
4.37	2.41937
4.36	2.42949
4.35	2.43974
4.34	2.45011
4.33	2.46061
4.32	2.47124
4.31	2.482
4.3	2.4929
4.29	2.50393
4.28	2.5151
4.27	2.52641
4.26	2.53787
4.25	2.54948
4.24	2.56124
4.23	2.57316
4.22	2.58523
4.21	2.59747
4.2	2.60987
4.19	2.62243
4.18	2.63517
4.17	2.64809
4.16	2.66118
4.15	2.67446
4.14	2.68792
4.13	2.70158
4.12	2.71544
4.11	2.72949
4.1	2.74375
4.09	2.75822
4.08	2.77291
4.07	2.78781
4.06	2.80294
4.05	2.81831
4.04	2.83391
4.03	2.84975
4.02	2.86585
4.01	2.8822
4	2.89881
3.99	2.91569
3.98	2.93285
3.97	2.95029
3.96	2.96803
3.95	2.98606
3.94	3.00441
3.93	3.02307
3.92	3.04205
3.91	3.06137
3.9	3.08104
3.89	3.10107
3.88	3.12146
3.87	3.14222
3.86	3.16338
3.85	3.18494
3.84	3.20692
3.83	3.22932
3.82	3.25217
3.81	3.27547
3.8	3.29925
3.79	3.32352
3.78	3.34829
3.77	3.37359
3.76	3.39943
3.75	3.42584
3.74	3.45284
3.73	3.48044
3.72	3.50867
3.71	3.53757
3.7	3.56714
3.69	3.59743
3.68	3.62846
3.67	3.66027
3.66	3.69289
3.65	3.72635
3.64	3.7607
3.63	3.79597
3.62	3.83222
3.61	3.86948
3.6	3.90782
3.59	3.94729
3.58	3.98794
3.57	4.02984
3.56	4.07307
3.55	4.11769
3.54	4.1638
3.53	4.21148
3.52	4.26084
3.51	4.31198
3.5	4.36502
3.49	4.4201
3.48	4.47736
3.47	4.53697
3.46	4.59911
3.45	4.66398
3.44	4.73183
3.43	4.8029
3.42	4.8775
3.41	4.95596
3.4	5.03869
3.39	5.12613
3.38	5.21883
3.37	5.31741
3.36	5.42261
3.35	5.53535
3.34	5.65673
3.33	5.7881
3.32	5.93118
3.31	6.08815
3.3	6.2619
3.29	6.45629
3.28	6.67668
3.27	6.9309
3.26	7.23086
3.25	7.59622
3.24	8.06282
3.23	8.70761
3.22	9.75332
3.21	12.8404
-3.21	12.8404
-3.22	9.75332
-3.23	8.70761
-3.24	8.06282
-3.25	7.59622
-3.26	7.23086
-3.27	6.9309
-3.28	6.67668
-3.29	6.45629
-3.3	6.2619
-3.31	6.08815
-3.32	5.93118
-3.33	5.7881
-3.34	5.65673
-3.35	5.53535
-3.36	5.42261
-3.37	5.31741
-3.38	5.21883
-3.39	5.12613
-3.4	5.03869
-3.41	4.95596
-3.42	4.8775
-3.43	4.8029
-3.44	4.73183
-3.45	4.66398
-3.46	4.59911
-3.47	4.53697
-3.48	4.47736
-3.49	4.4201
-3.5	4.36502
-3.51	4.31198
-3.52	4.26084
-3.53	4.21148
-3.54	4.1638
-3.55	4.11769
-3.56	4.07307
-3.57	4.02984
-3.58	3.98794
-3.59	3.94729
-3.6	3.90782
-3.61	3.86948
-3.62	3.83222
-3.63	3.79597
-3.64	3.7607
-3.65	3.72635
-3.66	3.69289
-3.67	3.66027
-3.68	3.62846
-3.69	3.59743
-3.7	3.56714
-3.71	3.53757
-3.72	3.50867
-3.73	3.48044
-3.74	3.45284
-3.75	3.42584
-3.76	3.39943
-3.77	3.37359
-3.78	3.34829
-3.79	3.32352
-3.8	3.29925
-3.81	3.27547
-3.82	3.25217
-3.83	3.22932
-3.84	3.20692
-3.85	3.18494
-3.86	3.16338
-3.87	3.14222
-3.88	3.12146
-3.89	3.10107
-3.9	3.08104
-3.91	3.06137
-3.92	3.04205
-3.93	3.02307
-3.94	3.00441
-3.95	2.98606
-3.96	2.96803
-3.97	2.95029
-3.98	2.93285
-3.99	2.91569
-4	2.89881
-4.01	2.8822
-4.02	2.86585
-4.03	2.84975
-4.04	2.83391
-4.05	2.81831
-4.06	2.80294
-4.07	2.78781
-4.08	2.77291
-4.09	2.75822
-4.1	2.74375
-4.11	2.72949
-4.12	2.71544
-4.13	2.70158
-4.14	2.68792
-4.15	2.67446
-4.16	2.66118
-4.17	2.64809
-4.18	2.63517
-4.19	2.62243
-4.2	2.60987
-4.21	2.59747
-4.22	2.58523
-4.23	2.57316
-4.24	2.56124
-4.25	2.54948
-4.26	2.53787
-4.27	2.52641
-4.28	2.5151
-4.29	2.50393
-4.3	2.4929
-4.31	2.482
-4.32	2.47124
-4.33	2.46061
-4.34	2.45011
-4.35	2.43974
-4.36	2.42949
-4.37	2.41937
-4.38	2.40937
-4.39	2.39948
-4.4	2.38971
-4.41	2.38005
-4.42	2.3705
-4.43	2.36107
-4.44	2.35174
-4.45	2.34251
-4.46	2.3334
-4.47	2.32438
-4.48	2.31546
-4.49	2.30664
-4.5	2.29792
-4.51	2.2893
-4.52	2.28077
-4.53	2.27233
-4.54	2.26398
-4.55	2.25572
-4.56	2.24755
-4.57	2.23946
-4.58	2.23146
-4.59	2.22354
-4.6	2.21571
-4.61	2.20795
-4.62	2.20028
-4.63	2.19268
-4.64	2.18517
-4.65	2.17772
-4.66	2.17036
-4.67	2.16306
-4.68	2.15584
-4.69	2.14869
-4.7	2.14161
-4.71	2.1346
-4.72	2.12766
-4.73	2.12079
-4.74	2.11398
-4.75	2.10724
-4.76	2.10056
-4.77	2.09394
-4.78	2.08739
-4.79	2.0809
-4.8	2.07447
-4.81	2.0681
-4.82	2.06179
-4.83	2.05554
-4.84	2.04935
-4.85	2.04321
-4.86	2.03713
-4.87	2.0311
-4.88	2.02513
-4.89	2.01921
-4.9	2.01335
-4.91	2.00753
-4.92	2.00177
-4.93	1.99606
-4.94	1.9904
-4.95	1.98479
-4.96	1.97923
-4.97	1.97371
-4.98	1.96824
-4.99	1.96283
-5	1.95745
-5.01	1.95212
-5.02	1.94684
-5.03	1.9416
-5.04	1.93641
-5.05	1.93126
-5.06	1.92615
-5.07	1.92109
-5.08	1.91607
-5.09	1.91109
-5.1	1.90615
-5.11	1.90125
-5.12	1.89639
-5.13	1.89157
-5.14	1.88678
-5.15	1.88204
-5.16	1.87733
-5.17	1.87267
-5.18	1.86804
-5.19	1.86344
-5.2	1.85888
-5.21	1.85436
-5.22	1.84988
-5.23	1.84542
-5.24	1.84101
-5.25	1.83662
-5.26	1.83228
-5.27	1.82796
-5.28	1.82368
-5.29	1.81943
-5.3	1.81521
-5.31	1.81102
-5.32	1.80687
-5.33	1.80274
-5.34	1.79865
-5.35	1.79459
-5.36	1.79056
-5.37	1.78656
-5.38	1.78258
-5.39	1.77864
-5.4	1.77473
-5.41	1.77084
-5.42	1.76698
-5.43	1.76315
-5.44	1.75935
-5.45	1.75558
-5.46	1.75183
-5.47	1.74811
-5.48	1.74441
-5.49	1.74074
-5.5	1.7371
-5.51	1.73348
-5.52	1.72989
-5.53	1.72633
-5.54	1.72279
-5.55	1.71927
-5.56	1.71578
-5.57	1.71231
-5.58	1.70886
-5.59	1.70544
-5.6	1.70204
-5.61	1.69867
-5.62	1.69532
-5.63	1.69199
-5.64	1.68868
-5.65	1.6854
-5.66	1.68214
-5.67	1.6789
-5.68	1.67568
-5.69	1.67248
-5.7	1.6693
-5.71	1.66615
-5.72	1.66301
-5.73	1.6599
-5.74	1.6568
-5.75	1.65373
-5.76	1.65068
-5.77	1.64764
-5.78	1.64463
-5.79	1.64163
-5.8	1.63866
-5.81	1.6357
-5.82	1.63276
-5.83	1.62984
-5.84	1.62694
-5.85	1.62406
-5.86	1.62119
-5.87	1.61835
-5.88	1.61552
-5.89	1.6127
-5.9	1.60991
-5.91	1.60713
-5.92	1.60438
-5.93	1.60163
-5.94	1.59891
-5.95	1.5962
-5.96	1.59351
-5.97	1.59083
-5.98	1.58817
-5.99	1.58553
-6	1.5829
-6.01	1.58029
-6.02	1.57769
-6.03	1.57511
-6.04	1.57254
-6.05	1.56999
-6.06	1.56746
-6.07	1.56494
-6.08	1.56243
-6.09	1.55994
-6.1	1.55747
-6.11	1.55501
-6.12	1.55256
-6.13	1.55013
-6.14	1.54771
-6.15	1.5453
-6.16	1.54291
-6.17	1.54054
-6.18	1.53817
-6.19	1.53582
-6.2	1.53349
-6.21	1.53116
-6.22	1.52885
-6.23	1.52655
-6.24	1.52427
-6.25	1.522
-6.26	1.51974
-6.27	1.51749
-6.28	1.51526
-6.29	1.51304
-6.3	1.51083
-6.31	1.50864
-6.32	1.50645
-6.33	1.50428
-6.34	1.50212
-6.35	1.49997
-6.36	1.49783
-6.37	1.49571
-6.38	1.49359
-6.39	1.49149
-6.4	1.4894
-6.41	1.48732
-6.42	1.48525
-6.43	1.4832
-6.44	1.48115
-6.45	1.47912
-6.46	1.47709
-6.47	1.47508
-6.48	1.47307
-6.49	1.47108
-6.5	1.4691
-6.51	1.46713
-6.52	1.46517
-6.53	1.46322
-6.54	1.46128
-6.55	1.45934
-6.56	1.45742
-6.57	1.45551
-6.58	1.45361
-6.59	1.45172
-6.6	1.44984
-6.61	1.44797
-6.62	1.44611
-6.63	1.44425
-6.64	1.44241
-6.65	1.44058
-6.66	1.43875
-6.67	1.43694
-6.68	1.43513
-6.69	1.43333
-6.7	1.43154
-6.71	1.42976
-6.72	1.42799
-6.73	1.42623
-6.74	1.42448
-6.75	1.42274
-6.76	1.421
-6.77	1.41927
-6.78	1.41756
-6.79	1.41585
-6.8	1.41414
-6.81	1.41245
-6.82	1.41077
-6.83	1.40909
-6.84	1.40742
-6.85	1.40576
-6.86	1.40411
-6.87	1.40246
-6.88	1.40083
-6.89	1.3992
-6.9	1.39758
-6.91	1.39596
-6.92	1.39436
-6.93	1.39276
-6.94	1.39117
-6.95	1.38958
-6.96	1.38801
-6.97	1.38644
-6.98	1.38488
-6.99	1.38333
-7	1.38178
-7.01	1.38024
-7.02	1.37871
-7.03	1.37718
-7.04	1.37567
-7.05	1.37416
-7.06	1.37265
-7.07	1.37116
-7.08	1.36967
-7.09	1.36818
-7.1	1.36671
-7.11	1.36524
-7.12	1.36378
-7.13	1.36232
-7.14	1.36087
-7.15	1.35943
-7.16	1.35799
-7.17	1.35656
-7.18	1.35514
-7.19	1.35372
-7.2	1.35231
-7.21	1.3509
-7.22	1.34951
-7.23	1.34811
-7.24	1.34673
-7.25	1.34535
-7.26	1.34397
-7.27	1.34261
-7.28	1.34125
-7.29	1.33989
-7.3	1.33854
-7.31	1.3372
-7.32	1.33586
-7.33	1.33453
-7.34	1.3332
-7.35	1.33188
-7.36	1.33056
-7.37	1.32926
-7.38	1.32795
-7.39	1.32665
-7.4	1.32536
-7.41	1.32408
-7.42	1.32279
-7.43	1.32152
-7.44	1.32025
-7.45	1.31898
-7.46	1.31772
-7.47	1.31647
-7.48	1.31522
-7.49	1.31398
-7.5	1.31274
-7.51	1.3115
-7.52	1.31028
-7.53	1.30905
-7.54	1.30783
-7.55	1.30662
-7.56	1.30541
-7.57	1.30421
-7.58	1.30301
-7.59	1.30182
-7.6	1.30063
-7.61	1.29945
-7.62	1.29827
-7.63	1.2971
-7.64	1.29593
-7.65	1.29476
-7.66	1.29361
-7.67	1.29245
-7.68	1.2913
-7.69	1.29016
-7.7	1.28902
-7.71	1.28788
-7.72	1.28675
-7.73	1.28562
-7.74	1.2845
-7.75	1.28338
-7.76	1.28227
-7.77	1.28116
-7.78	1.28006
-7.79	1.27896
-7.8	1.27786
-7.81	1.27677
-7.82	1.27568
-7.83	1.2746
-7.84	1.27352
-7.85	1.27245
-7.86	1.27138
-7.87	1.27031
-7.88	1.26925
-7.89	1.26819
-7.9	1.26714
-7.91	1.26609
-7.92	1.26504
-7.93	1.264
-7.94	1.26296
-7.95	1.26193
-7.96	1.2609
-7.97	1.25988
-7.98	1.25885
-7.99	1.25784
-8	1.25682
-8.01	1.25581
-8.02	1.25481
-8.03	1.25381
-8.04	1.25281
-8.05	1.25181
-8.06	1.25082
-8.07	1.24984
-8.08	1.24885
-8.09	1.24787
-8.1	1.2469
-8.11	1.24592
-8.12	1.24496
-8.13	1.24399
-8.14	1.24303
-8.15	1.24207
-8.16	1.24112
-8.17	1.24017
-8.18	1.23922
-8.19	1.23827
-8.2	1.23733
-8.21	1.2364
-8.22	1.23546
-8.23	1.23453
-8.24	1.23361
-8.25	1.23268
-8.26	1.23176
-8.27	1.23085
-8.28	1.22993
-8.29	1.22902
-8.3	1.22812
-8.31	1.22721
-8.32	1.22631
-8.33	1.22542
-8.34	1.22452
-8.35	1.22363
-8.36	1.22275
-8.37	1.22186
-8.38	1.22098
-8.39	1.2201
-8.4	1.21923
-8.41	1.21836
-8.42	1.21749
-8.43	1.21662
-8.44	1.21576
-8.45	1.2149
-8.46	1.21405
-8.47	1.21319
-8.48	1.21234
-8.49	1.2115
-8.5	1.21065
-8.51	1.20981
-8.52	1.20897
-8.53	1.20814
-8.54	1.2073
-8.55	1.20647
-8.56	1.20565
-8.57	1.20482
-8.58	1.204
-8.59	1.20318
-8.6	1.20237
-8.61	1.20155
-8.62	1.20074
-8.63	1.19994
-8.64	1.19913
-8.65	1.19833
-8.66	1.19753
-8.67	1.19674
-8.68	1.19594
-8.69	1.19515
-8.7	1.19436
-8.71	1.19358
-8.72	1.1928
-8.73	1.19201
-8.74	1.19124
-8.75	1.19046
-8.76	1.18969
-8.77	1.18892
-8.78	1.18815
-8.79	1.18739
-8.8	1.18663
-8.81	1.18587
-8.82	1.18511
-8.83	1.18435
-8.84	1.1836
-8.85	1.18285
-8.86	1.18211
-8.87	1.18136
-8.88	1.18062
-8.89	1.17988
-8.9	1.17914
-8.91	1.17841
-8.92	1.17767
-8.93	1.17694
-8.94	1.17622
-8.95	1.17549
-8.96	1.17477
-8.97	1.17405
-8.98	1.17333
-8.99	1.17261
-9	1.1719
-9.01	1.17119
-9.02	1.17048
-9.03	1.16977
-9.04	1.16907
-9.05	1.16836
-9.06	1.16766
-9.07	1.16696
-9.08	1.16627
-9.09	1.16558
-9.1	1.16488
-9.11	1.16419
-9.12	1.16351
-9.13	1.16282
-9.14	1.16214
-9.15	1.16146
-9.16	1.16078
-9.17	1.16011
-9.18	1.15943
-9.19	1.15876
-9.2	1.15809
-9.21	1.15742
-9.22	1.15676
-9.23	1.15609
-9.24	1.15543
-9.25	1.15477
-9.26	1.15411
-9.27	1.15346
-9.28	1.1528
-9.29	1.15215
-9.3	1.1515
-9.31	1.15086
-9.32	1.15021
-9.33	1.14957
-9.34	1.14893
-9.35	1.14829
-9.36	1.14765
-9.37	1.14701
-9.38	1.14638
-9.39	1.14575
-9.4	1.14512
-9.41	1.14449
-9.42	1.14386
-9.43	1.14324
-9.44	1.14262
-9.45	1.142
-9.46	1.14138
-9.47	1.14076
-9.48	1.14015
-9.49	1.13953
-9.5	1.13892
-9.51	1.13831
-9.52	1.13771
-9.53	1.1371
-9.54	1.1365
-9.55	1.13589
-9.56	1.13529
-9.57	1.13469
-9.58	1.1341
-9.59	1.1335
-9.6	1.13291
-9.61	1.13232
-9.62	1.13173
-9.63	1.13114
-9.64	1.13055
-9.65	1.12997
-9.66	1.12939
-9.67	1.1288
-9.68	1.12822
-9.69	1.12765
-9.7	1.12707
-9.71	1.1265
-9.72	1.12592
-9.73	1.12535
-9.74	1.12478
-9.75	1.12421
-9.76	1.12365
-9.77	1.12308
-9.78	1.12252
-9.79	1.12196
-9.8	1.1214
-9.81	1.12084
-9.82	1.12028
-9.83	1.11973
-9.84	1.11918
-9.85	1.11862
-9.86	1.11807
-9.87	1.11753
-9.88	1.11698
-9.89	1.11643
-9.9	1.11589
-9.91	1.11535
-9.92	1.1148
-9.93	1.11427
-9.94	1.11373
-9.95	1.11319
-9.96	1.11266
-9.97	1.11212
-9.98	1.11159
-9.99	1.11106
-10	1.11053
-10.01	1.11
-10.02	1.10948
-10.03	1.10895
-10.04	1.10843
-10.05	1.10791
-10.06	1.10739
-10.07	1.10687
-10.08	1.10635
-10.09	1.10583
-10.1	1.10532
-10.11	1.10481
-10.12	1.1043
-10.13	1.10378
-10.14	1.10328
-10.15	1.10277
-10.16	1.10226
-10.17	1.10176
-10.18	1.10125
-10.19	1.10075
-10.2	1.10025
-10.21	1.09975
-10.22	1.09925
-10.23	1.09876
-10.24	1.09826
-10.25	1.09777
-10.26	1.09728
-10.27	1.09678
-10.28	1.09629
-10.29	1.09581
-10.3	1.09532
-10.31	1.09483
-10.32	1.09435
-10.33	1.09386
-10.34	1.09338
-10.35	1.0929
-10.36	1.09242
-10.37	1.09194
-10.38	1.09146
-10.39	1.09099
-10.4	1.09051
-10.41	1.09004
-10.42	1.08957
-10.43	1.0891
-10.44	1.08863
-10.45	1.08816
-10.46	1.08769
-10.47	1.08723
-10.48	1.08676
-10.49	1.0863
-10.5	1.08584
-10.51	1.08538
-10.52	1.08492
-10.53	1.08446
-10.54	1.084
-10.55	1.08354
-10.56	1.08309
-10.57	1.08263
-10.58	1.08218
-10.59	1.08173
-10.6	1.08128
-10.61	1.08083
-10.62	1.08038
-10.63	1.07993
-10.64	1.07949
-10.65	1.07904
-10.66	1.0786
-10.67	1.07816
-10.68	1.07772
-10.69	1.07728
-10.7	1.07684
-10.71	1.0764
-10.72	1.07596
-10.73	1.07553
-10.74	1.07509
-10.75	1.07466
-10.76	1.07423
-10.77	1.07379
-10.78	1.07336
-10.79	1.07294
-10.8	1.07251
-10.81	1.07208
-10.82	1.07165
-10.83	1.07123
-10.84	1.07081
-10.85	1.07038
-10.86	1.06996
-10.87	1.06954
-10.88	1.06912
-10.89	1.0687
-10.9	1.06828
-10.91	1.06787
-10.92	1.06745
-10.93	1.06704
-10.94	1.06662
-10.95	1.06621
-10.96	1.0658
-10.97	1.06539
-10.98	1.06498
-10.99	1.06457
-11	1.06417
-11.01	1.06376
-11.02	1.06335
-11.03	1.06295
-11.04	1.06255
-11.05	1.06214
-11.06	1.06174
-11.07	1.06134
-11.08	1.06094
-11.09	1.06054
-11.1	1.06015
-11.11	1.05975
-11.12	1.05935
-11.13	1.05896
-11.14	1.05857
-11.15	1.05817
-11.16	1.05778
-11.17	1.05739
-11.18	1.057
-11.19	1.05661
-11.2	1.05622
-11.21	1.05584
-11.22	1.05545
-11.23	1.05506
-11.24	1.05468
-11.25	1.0543
-11.26	1.05391
-11.27	1.05353
-11.28	1.05315
-11.29	1.05277
-11.3	1.05239
-11.31	1.05202
-11.32	1.05164
-11.33	1.05126
-11.34	1.05089
-11.35	1.05051
-11.36	1.05014
-11.37	1.04977
-11.38	1.04939
-11.39	1.04902
-11.4	1.04865
-11.41	1.04828
-11.42	1.04791
-11.43	1.04755
-11.44	1.04718
-11.45	1.04681
-11.46	1.04645
-11.47	1.04609
-11.48	1.04572
-11.49	1.04536
-11.5	1.045
-11.51	1.04464
-11.52	1.04428
-11.53	1.04392
-11.54	1.04356
-11.55	1.0432
-11.56	1.04285
-11.57	1.04249
-11.58	1.04214
-11.59	1.04178
-11.6	1.04143
-11.61	1.04108
-11.62	1.04072
-11.63	1.04037
-11.64	1.04002
-11.65	1.03967
-11.66	1.03932
-11.67	1.03898
-11.68	1.03863
-11.69	1.03828
-11.7	1.03794
-11.71	1.03759
-11.72	1.03725
-11.73	1.03691
-11.74	1.03656
-11.75	1.03622
-11.76	1.03588
-11.77	1.03554
-11.78	1.0352
-11.79	1.03486
-11.8	1.03453
-11.81	1.03419
-11.82	1.03385
-11.83	1.03352
-11.84	1.03318
-11.85	1.03285
-11.86	1.03252
-11.87	1.03218
-11.88	1.03185
-11.89	1.03152
-11.9	1.03119
-11.91	1.03086
-11.92	1.03053
-11.93	1.0302
-11.94	1.02988
-11.95	1.02955
-11.96	1.02922
-11.97	1.0289
-11.98	1.02857
-11.99	1.02825
-12	1.02793
-12.01	1.0276
-12.02	1.02728
-12.03	1.02696
-12.04	1.02664
-12.05	1.02632
-12.06	1.026
-12.07	1.02569
-12.08	1.02537
-12.09	1.02505
-12.1	1.02473
-12.11	1.02442
-12.12	1.0241
-12.13	1.02379
-12.14	1.02348
-12.15	1.02316
-12.16	1.02285
-12.17	1.02254
-12.18	1.02223
-12.19	1.02192
-12.2	1.02161
-12.21	1.0213
-12.22	1.02099
-12.23	1.02069
-12.24	1.02038
-12.25	1.02007
-12.26	1.01977
-12.27	1.01946
-12.28	1.01916
-12.29	1.01886
-12.3	1.01855
-12.31	1.01825
-12.32	1.01795
-12.33	1.01765
-12.34	1.01735
-12.35	1.01705
-12.36	1.01675
-12.37	1.01645
-12.38	1.01615
-12.39	1.01586
-12.4	1.01556
-12.41	1.01526
-12.42	1.01497
-12.43	1.01467
-12.44	1.01438
-12.45	1.01409
-12.46	1.01379
-12.47	1.0135
-12.48	1.01321
-12.49	1.01292
-12.5	1.01263
-12.51	1.01234
-12.52	1.01205
-12.53	1.01176
-12.54	1.01147
-12.55	1.01118
-12.56	1.0109
-12.57	1.01061
-12.58	1.01033
-12.59	1.01004
-12.6	1.00976
-12.61	1.00947
-12.62	1.00919
-12.63	1.00891
-12.64	1.00862
-12.65	1.00834
-12.66	1.00806
-12.67	1.00778
-12.68	1.0075
-12.69	1.00722
-12.7	1.00694
-12.71	1.00667
-12.72	1.00639
-12.73	1.00611
-12.74	1.00583
-12.75	1.00556
-12.76	1.00528
-12.77	1.00501
-12.78	1.00473
-12.79	1.00446
-12.8	1.00419
-12.81	1.00391
-12.82	1.00364
-12.83	1.00337
-12.84	1.0031
-12.85	1.00283
-12.86	1.00256
-12.87	1.00229
-12.88	1.00202
-12.89	1.00175
-12.9	1.00149
-12.91	1.00122
-12.92	1.00095
-12.93	1.00069
-12.94	1.00042
-12.95	1.00016
-12.96	0.999891
-12.97	0.999627
-12.98	0.999364
-12.99	0.999101
-13	0.998838
-13.01	0.998577
-13.02	0.998315
-13.03	0.998054
-13.04	0.997794
-13.05	0.997534
-13.06	0.997275
-13.07	0.997016
-13.08	0.996758
-13.09	0.9965
-13.1	0.996243
-13.11	0.995986
-13.12	0.99573
-13.13	0.995474
-13.14	0.995218
-13.15	0.994964
-13.16	0.994709
-13.17	0.994456
-13.18	0.994202
-13.19	0.993949
-13.2	0.993697
-13.21	0.993445
-13.22	0.993194
-13.23	0.992943
-13.24	0.992693
-13.25	0.992443
-13.26	0.992193
-13.27	0.991944
-13.28	0.991696
-13.29	0.991448
-13.3	0.9912
-13.31	0.990953
-13.32	0.990707
-13.33	0.990461
-13.34	0.990215
-13.35	0.98997
-13.36	0.989725
-13.37	0.989481
-13.38	0.989237
-13.39	0.988994
-13.4	0.988751
-13.41	0.988509
-13.42	0.988267
-13.43	0.988025
-13.44	0.987785
-13.45	0.987544
-13.46	0.987304
-13.47	0.987064
-13.48	0.986825
-13.49	0.986586
-13.5	0.986348
-13.51	0.98611
-13.52	0.985873
-13.53	0.985636
-13.54	0.9854
-13.55	0.985164
-13.56	0.984928
-13.57	0.984693
-13.58	0.984458
-13.59	0.984224
-13.6	0.98399
-13.61	0.983757
-13.62	0.983524
-13.63	0.983291
-13.64	0.983059
-13.65	0.982827
-13.66	0.982596
-13.67	0.982365
-13.68	0.982135
-13.69	0.981905
-13.7	0.981676
-13.71	0.981446
-13.72	0.981218
-13.73	0.980989
-13.74	0.980762
-13.75	0.980534
-13.76	0.980307
-13.77	0.980081
-13.78	0.979854
-13.79	0.979629
-13.8	0.979403
-13.81	0.979178
-13.82	0.978954
-13.83	0.97873
-13.84	0.978506
-13.85	0.978283
-13.86	0.97806
-13.87	0.977838
-13.88	0.977616
-13.89	0.977394
-13.9	0.977173
-13.91	0.976952
-13.92	0.976731
-13.93	0.976511
-13.94	0.976292
-13.95	0.976072
-13.96	0.975854
-13.97	0.975635
-13.98	0.975417
-13.99	0.975199
-14	0.974982
-14.01	0.974765
-14.02	0.974549
-14.03	0.974332
-14.04	0.974117
-14.05	0.973901
-14.06	0.973686
-14.07	0.973472
-14.08	0.973258
-14.09	0.973044
-14.1	0.97283
-14.11	0.972617
-14.12	0.972405
-14.13	0.972192
-14.14	0.971981
-14.15	0.971769
-14.16	0.971558
-14.17	0.971347
-14.18	0.971137
-14.19	0.970927
-14.2	0.970717
-14.21	0.970508
-14.22	0.970299
-14.23	0.97009
-14.24	0.969882
-14.25	0.969674
-14.26	0.969467
-14.27	0.96926
-14.28	0.969053
-14.29	0.968847
-14.3	0.968641
-14.31	0.968435
-14.32	0.96823
-14.33	0.968025
-14.34	0.96782
-14.35	0.967616
-14.36	0.967412
-14.37	0.967209
-14.38	0.967006
-14.39	0.966803
-14.4	0.9666
-14.41	0.966398
-14.42	0.966197
-14.43	0.965995
-14.44	0.965794
-14.45	0.965594
-14.46	0.965393
-14.47	0.965193
-14.48	0.964994
-14.49	0.964794
-14.5	0.964595
-14.51	0.964397
-14.52	0.964198
-14.53	0.964001
-14.54	0.963803
-14.55	0.963606
-14.56	0.963409
-14.57	0.963212
-14.58	0.963016
-14.59	0.96282
-14.6	0.962625
-14.61	0.962429
-14.62	0.962234
-14.63	0.96204
-14.64	0.961846
-14.65	0.961652
-14.66	0.961458
-14.67	0.961265
-14.68	0.961072
-14.69	0.960879
-14.7	0.960687
-14.71	0.960495
-14.72	0.960304
-14.73	0.960112
-14.74	0.959921
-14.75	0.959731
-14.76	0.95954
-14.77	0.95935
-14.78	0.959161
-14.79	0.958971
-14.8	0.958782
-14.81	0.958594
-14.82	0.958405
-14.83	0.958217
-14.84	0.958029
-14.85	0.957842
-14.86	0.957655
-14.87	0.957468
-14.88	0.957281
-14.89	0.957095
-14.9	0.956909
-14.91	0.956724
-14.92	0.956539
-14.93	0.956354
-14.94	0.956169
-14.95	0.955985
-14.96	0.955801
-14.97	0.955617
-14.98	0.955433
-14.99	0.95525
-15	0.955067
-15.01	0.954885
-15.02	0.954703
-15.03	0.954521
-15.04	0.954339
-15.05	0.954158
-15.06	0.953977
-15.07	0.953796
-15.08	0.953616
-15.09	0.953435
-15.1	0.953256
-15.11	0.953076
-15.12	0.952897
-15.13	0.952718
-15.14	0.952539
-15.15	0.952361
-15.16	0.952183
-15.17	0.952005
-15.18	0.951827
-15.19	0.95165
-15.2	0.951473
-15.21	0.951297
-15.22	0.95112
-15.23	0.950944
-15.24	0.950768
-15.25	0.950593
-15.26	0.950418
-15.27	0.950243
-15.28	0.950068
-15.29	0.949894
-15.3	0.94972
-15.31	0.949546
-15.32	0.949372
-15.33	0.949199
-15.34	0.949026
-15.35	0.948853
-15.36	0.948681
-15.37	0.948509
-15.38	0.948337
-15.39	0.948165
-15.4	0.947994
-15.41	0.947823
-15.42	0.947652
-15.43	0.947482
-15.44	0.947312
-15.45	0.947142
-15.46	0.946972
-15.47	0.946803
-15.48	0.946634
-15.49	0.946465
-15.5	0.946296
-15.51	0.946128
-15.52	0.94596
-15.53	0.945792
-15.54	0.945624
-15.55	0.945457
-15.56	0.94529
-15.57	0.945123
-15.58	0.944957
-15.59	0.944791
-15.6	0.944625
-15.61	0.944459
-15.62	0.944294
-15.63	0.944129
-15.64	0.943964
-15.65	0.943799
-15.66	0.943635
-15.67	0.943471
-15.68	0.943307
-15.69	0.943143
-15.7	0.94298
-15.71	0.942817
-15.72	0.942654
-15.73	0.942491
-15.74	0.942329
-15.75	0.942167
-15.76	0.942005
-15.77	0.941843
-15.78	0.941682
-15.79	0.941521
-15.8	0.94136
-15.81	0.9412
-15.82	0.941039
-15.83	0.940879
-15.84	0.940719
-15.85	0.94056
-15.86	0.9404
-15.87	0.940241
-15.88	0.940082
-15.89	0.939924
-15.9	0.939766
-15.91	0.939607
-15.92	0.93945
-15.93	0.939292
-15.94	0.939135
-15.95	0.938977
-15.96	0.93882
-15.97	0.938664
-15.98	0.938507
-15.99	0.938351
-16	0.938195
-16.01	0.93804
-16.02	0.937884
-16.03	0.937729
-16.04	0.937574
-16.05	0.937419
-16.06	0.937265
-16.07	0.93711
-16.08	0.936956
-16.09	0.936802
-16.1	0.936649
-16.11	0.936495
-16.12	0.936342
-16.13	0.936189
-16.14	0.936037
-16.15	0.935884
-16.16	0.935732
-16.17	0.93558
-16.18	0.935429
-16.19	0.935277
-16.2	0.935126
-16.21	0.934975
-16.22	0.934824
-16.23	0.934673
-16.24	0.934523
-16.25	0.934373
-16.26	0.934223
-16.27	0.934073
-16.28	0.933924
-16.29	0.933774
-16.3	0.933625
-16.31	0.933477
-16.32	0.933328
-16.33	0.93318
-16.34	0.933031
-16.35	0.932884
-16.36	0.932736
-16.37	0.932588
-16.38	0.932441
-16.39	0.932294
-16.4	0.932147
-16.41	0.932001
-16.42	0.931854
-16.43	0.931708
-16.44	0.931562
-16.45	0.931416
-16.46	0.931271
-16.47	0.931126
-16.48	0.930981
-16.49	0.930836
-16.5	0.930691
-16.51	0.930547
-16.52	0.930402
-16.53	0.930258
-16.54	0.930114
-16.55	0.929971
-16.56	0.929827
-16.57	0.929684
-16.58	0.929541
-16.59	0.929399
-16.6	0.929256
-16.61	0.929114
-16.62	0.928971
-16.63	0.92883
-16.64	0.928688
-16.65	0.928546
-16.66	0.928405
-16.67	0.928264
-16.68	0.928123
-16.69	0.927982
-16.7	0.927842
-16.71	0.927702
-16.72	0.927561
-16.73	0.927422
-16.74	0.927282
-16.75	0.927142
-16.76	0.927003
-16.77	0.926864
-16.78	0.926725
-16.79	0.926587
-16.8	0.926448
-16.81	0.92631
-16.82	0.926172
-16.83	0.926034
-16.84	0.925896
-16.85	0.925759
-16.86	0.925621
-16.87	0.925484
-16.88	0.925347
-16.89	0.925211
-16.9	0.925074
-16.91	0.924938
-16.92	0.924802
-16.93	0.924666
-16.94	0.92453
-16.95	0.924395
-16.96	0.924259
-16.97	0.924124
-16.98	0.923989
-16.99	0.923854
-17	0.92372
-17.01	0.923586
-17.02	0.923451
-17.03	0.923317
-17.04	0.923184
-17.05	0.92305
-17.06	0.922917
-17.07	0.922783
-17.08	0.92265
-17.09	0.922517
-17.1	0.922385
-17.11	0.922252
-17.12	0.92212
-17.13	0.921988
-17.14	0.921856
-17.15	0.921724
-17.16	0.921593
-17.17	0.921461
-17.18	0.92133
-17.19	0.921199
-17.2	0.921068
-17.21	0.920938
-17.22	0.920807
-17.23	0.920677
-17.24	0.920547
-17.25	0.920417
-17.26	0.920287
-17.27	0.920158
-17.28	0.920028
-17.29	0.919899
-17.3	0.91977
-17.31	0.919641
-17.32	0.919513
-17.33	0.919384
-17.34	0.919256
-17.35	0.919128
-17.36	0.919
-17.37	0.918872
-17.38	0.918745
-17.39	0.918617
-17.4	0.91849
-17.41	0.918363
-17.42	0.918236
-17.43	0.918109
-17.44	0.917983
-17.45	0.917857
-17.46	0.91773
-17.47	0.917604
-17.48	0.917479
-17.49	0.917353
-17.5	0.917227
-17.51	0.917102
-17.52	0.916977
-17.53	0.916852
-17.54	0.916727
-17.55	0.916603
-17.56	0.916478
-17.57	0.916354
-17.58	0.91623
-17.59	0.916106
-17.6	0.915982
-17.61	0.915858
-17.62	0.915735
-17.63	0.915612
-17.64	0.915489
-17.65	0.915366
-17.66	0.915243
-17.67	0.91512
-17.68	0.914998
-17.69	0.914876
-17.7	0.914753
-17.71	0.914632
-17.72	0.91451
-17.73	0.914388
-17.74	0.914267
-17.75	0.914145
-17.76	0.914024
-17.77	0.913903
-17.78	0.913783
-17.79	0.913662
-17.8	0.913541
-17.81	0.913421
-17.82	0.913301
-17.83	0.913181
-17.84	0.913061
-17.85	0.912942
-17.86	0.912822
-17.87	0.912703
-17.88	0.912584
-17.89	0.912465
-17.9	0.912346
-17.91	0.912227
-17.92	0.912108
-17.93	0.91199
-17.94	0.911872
-17.95	0.911754
-17.96	0.911636
-17.97	0.911518
-17.98	0.911401
-17.99	0.911283
-18	0.911166
-18.01	0.911049
-18.02	0.910932
-18.03	0.910815
-18.04	0.910698
-18.05	0.910582
-18.06	0.910465
-18.07	0.910349
-18.08	0.910233
-18.09	0.910117
-18.1	0.910001
-18.11	0.909886
-18.12	0.90977
-18.13	0.909655
-18.14	0.90954
-18.15	0.909425
-18.16	0.90931
-18.17	0.909196
-18.18	0.909081
-18.19	0.908967
-18.2	0.908852
-18.21	0.908738
-18.22	0.908624
-18.23	0.908511
-18.24	0.908397
-18.25	0.908283
-18.26	0.90817
-18.27	0.908057
-18.28	0.907944
-18.29	0.907831
-18.3	0.907718
-18.31	0.907606
-18.32	0.907493
-18.33	0.907381
-18.34	0.907269
-18.35	0.907157
-18.36	0.907045
-18.37	0.906933
-18.38	0.906822
-18.39	0.90671
-18.4	0.906599
-18.41	0.906488
-18.42	0.906377
-18.43	0.906266
-18.44	0.906155
-18.45	0.906045
-18.46	0.905934
-18.47	0.905824
-18.48	0.905714
-18.49	0.905604
-18.5	0.905494
-18.51	0.905384
-18.52	0.905275
-18.53	0.905165
-18.54	0.905056
-18.55	0.904947
-18.56	0.904838
-18.57	0.904729
-18.58	0.90462
-18.59	0.904511
-18.6	0.904403
-18.61	0.904295
-18.62	0.904186
-18.63	0.904078
-18.64	0.90397
-18.65	0.903863
-18.66	0.903755
-18.67	0.903648
-18.68	0.90354
-18.69	0.903433
-18.7	0.903326
-18.71	0.903219
-18.72	0.903112
-18.73	0.903005
-18.74	0.902899
-18.75	0.902792
-18.76	0.902686
-18.77	0.90258
-18.78	0.902474
-18.79	0.902368
-18.8	0.902262
-18.81	0.902157
-18.82	0.902051
-18.83	0.901946
-18.84	0.901841
-18.85	0.901736
-18.86	0.901631
-18.87	0.901526
-18.88	0.901421
-18.89	0.901317
-18.9	0.901212
-18.91	0.901108
-18.92	0.901004
-18.93	0.9009
-18.94	0.900796
-18.95	0.900692
-18.96	0.900588
-18.97	0.900485
-18.98	0.900382
-18.99	0.900278
-19	0.900175
-19.01	0.900072
-19.02	0.899969
-19.03	0.899867
-19.04	0.899764
-19.05	0.899661
-19.06	0.899559
-19.07	0.899457
-19.08	0.899355
-19.09	0.899253
-19.1	0.899151
-19.11	0.899049
-19.12	0.898948
-19.13	0.898846
-19.14	0.898745
-19.15	0.898644
-19.16	0.898542
-19.17	0.898441
-19.18	0.898341
-19.19	0.89824
-19.2	0.898139
-19.21	0.898039
-19.22	0.897938
-19.23	0.897838
-19.24	0.897738
-19.25	0.897638
-19.26	0.897538
-19.27	0.897439
-19.28	0.897339
-19.29	0.897239
-19.3	0.89714
-19.31	0.897041
-19.32	0.896942
-19.33	0.896843
-19.34	0.896744
-19.35	0.896645
-19.36	0.896546
-19.37	0.896448
-19.38	0.896349
-19.39	0.896251
-19.4	0.896153
-19.41	0.896055
-19.42	0.895957
-19.43	0.895859
-19.44	0.895761
-19.45	0.895664
-19.46	0.895566
-19.47	0.895469
-19.48	0.895372
-19.49	0.895275
-19.5	0.895178
-19.51	0.895081
-19.52	0.894984
-19.53	0.894888
-19.54	0.894791
-19.55	0.894695
-19.56	0.894598
-19.57	0.894502
-19.58	0.894406
-19.59	0.89431
-19.6	0.894214
-19.61	0.894119
-19.62	0.894023
-19.63	0.893928
-19.64	0.893832
-19.65	0.893737
-19.66	0.893642
-19.67	0.893547
-19.68	0.893452
-19.69	0.893357
-19.7	0.893262
-19.71	0.893168
-19.72	0.893073
-19.73	0.892979
-19.74	0.892885
-19.75	0.892791
-19.76	0.892697
-19.77	0.892603
-19.78	0.892509
-19.79	0.892415
-19.8	0.892322
-19.81	0.892228
-19.82	0.892135
-19.83	0.892042
-19.84	0.891949
-19.85	0.891856
-19.86	0.891763
-19.87	0.89167
-19.88	0.891577
-19.89	0.891485
-19.9	0.891392
-19.91	0.8913
-19.92	0.891208
-19.93	0.891115
-19.94	0.891023
-19.95	0.890932
-19.96	0.89084
-19.97	0.890748
-19.98	0.890656
-19.99	0.890565
-20	0.890474
-20.01	0.890382
-20.02	0.890291
-20.03	0.8902
-20.04	0.890109
-20.05	0.890018
-20.06	0.889928
-20.07	0.889837
-20.08	0.889746
-20.09	0.889656
-20.1	0.889566
-20.11	0.889475
-20.12	0.889385
-20.13	0.889295
-20.14	0.889205
-20.15	0.889116
-20.16	0.889026
-20.17	0.888936
-20.18	0.888847
-20.19	0.888758
-20.2	0.888668
-20.21	0.888579
-20.22	0.88849
-20.23	0.888401
-20.24	0.888312
-20.25	0.888223
-20.26	0.888135
-20.27	0.888046
-20.28	0.887958
-20.29	0.887869
-20.3	0.887781
-20.31	0.887693
-20.32	0.887605
-20.33	0.887517
-20.34	0.887429
-20.35	0.887342
-20.36	0.887254
-20.37	0.887166
-20.38	0.887079
-20.39	0.886992
-20.4	0.886904
-20.41	0.886817
-20.42	0.88673
-20.43	0.886643
-20.44	0.886556
-20.45	0.88647
-20.46	0.886383
-20.47	0.886297
-20.48	0.88621
-20.49	0.886124
-20.5	0.886038
-20.51	0.885951
-20.52	0.885865
-20.53	0.885779
-20.54	0.885694
-20.55	0.885608
-20.56	0.885522
-20.57	0.885437
-20.58	0.885351
-20.59	0.885266
-20.6	0.88518
-20.61	0.885095
-20.62	0.88501
-20.63	0.884925
-20.64	0.88484
-20.65	0.884756
-20.66	0.884671
-20.67	0.884586
-20.68	0.884502
-20.69	0.884417
-20.7	0.884333
-20.71	0.884249
-20.72	0.884165
-20.73	0.884081
-20.74	0.883997
-20.75	0.883913
-20.76	0.883829
-20.77	0.883746
-20.78	0.883662
-20.79	0.883579
-20.8	0.883495
-20.81	0.883412
-20.82	0.883329
-20.83	0.883246
-20.84	0.883163
-20.85	0.88308
-20.86	0.882997
-20.87	0.882914
-20.88	0.882832
-20.89	0.882749
-20.9	0.882667
-20.91	0.882584
-20.92	0.882502
-20.93	0.88242
-20.94	0.882338
-20.95	0.882256
-20.96	0.882174
-20.97	0.882092
-20.98	0.882011
-20.99	0.881929
-21	0.881847
-21.01	0.881766
-21.02	0.881685
-21.03	0.881603
-21.04	0.881522
-21.05	0.881441
-21.06	0.88136
-21.07	0.881279
-21.08	0.881198
-21.09	0.881118
-21.1	0.881037
-21.11	0.880957
-21.12	0.880876
-21.13	0.880796
-21.14	0.880715
-21.15	0.880635
-21.16	0.880555
-21.17	0.880475
-21.18	0.880395
-21.19	0.880315
-21.2	0.880236
-21.21	0.880156
-21.22	0.880076
-21.23	0.879997
-21.24	0.879918
-21.25	0.879838
-21.26	0.879759
-21.27	0.87968
-21.28	0.879601
-21.29	0.879522
-21.3	0.879443
-21.31	0.879364
-21.32	0.879285
-21.33	0.879207
-21.34	0.879128
-21.35	0.87905
-21.36	0.878971
-21.37	0.878893
-21.38	0.878815
-21.39	0.878737
-21.4	0.878659
-21.41	0.878581
-21.42	0.878503
-21.43	0.878425
-21.44	0.878348
-21.45	0.87827
-21.46	0.878192
-21.47	0.878115
-21.48	0.878038
-21.49	0.87796
-21.5	0.877883
-21.51	0.877806
-21.52	0.877729
-21.53	0.877652
-21.54	0.877575
-21.55	0.877499
-21.56	0.877422
-21.57	0.877345
-21.58	0.877269
-21.59	0.877192
-21.6	0.877116
-21.61	0.87704
-21.62	0.876963
-21.63	0.876887
-21.64	0.876811
-21.65	0.876735
-21.66	0.87666
-21.67	0.876584
-21.68	0.876508
-21.69	0.876432
-21.7	0.876357
-21.71	0.876281
-21.72	0.876206
-21.73	0.876131
-21.74	0.876055
-21.75	0.87598
-21.76	0.875905
-21.77	0.87583
-21.78	0.875755
-21.79	0.875681
-21.8	0.875606
-21.81	0.875531
-21.82	0.875457
-21.83	0.875382
-21.84	0.875308
-21.85	0.875233
-21.86	0.875159
-21.87	0.875085
-21.88	0.875011
-21.89	0.874937
-21.9	0.874863
-21.91	0.874789
-21.92	0.874715
-21.93	0.874641
-21.94	0.874568
-21.95	0.874494
-21.96	0.874421
-21.97	0.874347
-21.98	0.874274
-21.99	0.874201
-22	0.874127
-22.01	0.874054
-22.02	0.873981
-22.03	0.873908
-22.04	0.873835
-22.05	0.873763
-22.06	0.87369
-22.07	0.873617
-22.08	0.873545
-22.09	0.873472
-22.1	0.8734
-22.11	0.873327
-22.12	0.873255
-22.13	0.873183
-22.14	0.873111
-22.15	0.873039
-22.16	0.872967
-22.17	0.872895
-22.18	0.872823
-22.19	0.872751
-22.2	0.87268
-22.21	0.872608
-22.22	0.872537
-22.23	0.872465
-22.24	0.872394
-22.25	0.872322
-22.26	0.872251
-22.27	0.87218
-22.28	0.872109
-22.29	0.872038
-22.3	0.871967
-22.31	0.871896
-22.32	0.871826
-22.33	0.871755
-22.34	0.871684
-22.35	0.871614
-22.36	0.871543
-22.37	0.871473
-22.38	0.871402
-22.39	0.871332
-22.4	0.871262
-22.41	0.871192
-22.42	0.871122
-22.43	0.871052
-22.44	0.870982
-22.45	0.870912
-22.46	0.870842
-22.47	0.870772
-22.48	0.870703
-22.49	0.870633
-22.5	0.870564
-22.51	0.870494
-22.52	0.870425
-22.53	0.870356
-22.54	0.870287
-22.55	0.870218
-22.56	0.870148
-22.57	0.870079
-22.58	0.870011
-22.59	0.869942
-22.6	0.869873
-22.61	0.869804
-22.62	0.869736
-22.63	0.869667
-22.64	0.869599
-22.65	0.86953
-22.66	0.869462
-22.67	0.869393
-22.68	0.869325
-22.69	0.869257
-22.7	0.869189
-22.71	0.869121
-22.72	0.869053
-22.73	0.868985
-22.74	0.868917
-22.75	0.86885
-22.76	0.868782
-22.77	0.868714
-22.78	0.868647
-22.79	0.868579
-22.8	0.868512
-22.81	0.868445
-22.82	0.868377
-22.83	0.86831
-22.84	0.868243
-22.85	0.868176
-22.86	0.868109
-22.87	0.868042
-22.88	0.867975
-22.89	0.867908
-22.9	0.867842
-22.91	0.867775
-22.92	0.867709
-22.93	0.867642
-22.94	0.867576
-22.95	0.867509
-22.96	0.867443
-22.97	0.867377
-22.98	0.86731
-22.99	0.867244
-23	0.867178
-23.01	0.867112
-23.02	0.867046
-23.03	0.86698
-23.04	0.866915
-23.05	0.866849
-23.06	0.866783
-23.07	0.866718
-23.08	0.866652
-23.09	0.866587
-23.1	0.866521
-23.11	0.866456
-23.12	0.866391
-23.13	0.866325
-23.14	0.86626
-23.15	0.866195
-23.16	0.86613
-23.17	0.866065
-23.18	0.866
-23.19	0.865936
-23.2	0.865871
-23.21	0.865806
-23.22	0.865741
-23.23	0.865677
-23.24	0.865612
-23.25	0.865548
-23.26	0.865484
-23.27	0.865419
-23.28	0.865355
-23.29	0.865291
-23.3	0.865227
-23.31	0.865163
-23.32	0.865099
-23.33	0.865035
-23.34	0.864971
-23.35	0.864907
-23.36	0.864843
-23.37	0.86478
-23.38	0.864716
-23.39	0.864653
-23.4	0.864589
-23.41	0.864526
-23.42	0.864462
-23.43	0.864399
-23.44	0.864336
-23.45	0.864273
-23.46	0.864209
-23.47	0.864146
-23.48	0.864083
-23.49	0.86402
-23.5	0.863958
-23.51	0.863895
-23.52	0.863832
-23.53	0.863769
-23.54	0.863707
-23.55	0.863644
-23.56	0.863582
-23.57	0.863519
-23.58	0.863457
-23.59	0.863394
-23.6	0.863332
-23.61	0.86327
-23.62	0.863208
-23.63	0.863146
-23.64	0.863084
-23.65	0.863022
-23.66	0.86296
-23.67	0.862898
-23.68	0.862836
-23.69	0.862774
-23.7	0.862713
-23.71	0.862651
-23.72	0.86259
-23.73	0.862528
-23.74	0.862467
-23.75	0.862405
-23.76	0.862344
-23.77	0.862283
-23.78	0.862222
-23.79	0.86216
-23.8	0.862099
-23.81	0.862038
-23.82	0.861977
-23.83	0.861916
-23.84	0.861856
-23.85	0.861795
-23.86	0.861734
-23.87	0.861673
-23.88	0.861613
-23.89	0.861552
-23.9	0.861492
-23.91	0.861431
-23.92	0.861371
-23.93	0.861311
-23.94	0.86125
-23.95	0.86119
-23.96	0.86113
-23.97	0.86107
-23.98	0.86101
-23.99	0.86095
-24	0.86089
-24.01	0.86083
-24.02	0.86077
-24.03	0.860711
-24.04	0.860651
-24.05	0.860591
-24.06	0.860532
-24.07	0.860472
-24.08	0.860413
-24.09	0.860353
-24.1	0.860294
-24.11	0.860235
-24.12	0.860175
-24.13	0.860116
-24.14	0.860057
-24.15	0.859998
-24.16	0.859939
-24.17	0.85988
-24.18	0.859821
-24.19	0.859762
-24.2	0.859704
-24.21	0.859645
-24.22	0.859586
-24.23	0.859528
-24.24	0.859469
-24.25	0.85941
-24.26	0.859352
-24.27	0.859294
-24.28	0.859235
-24.29	0.859177
-24.3	0.859119
-24.31	0.85906
-24.32	0.859002
-24.33	0.858944
-24.34	0.858886
-24.35	0.858828
-24.36	0.85877
-24.37	0.858712
-24.38	0.858655
-24.39	0.858597
-24.4	0.858539
-24.41	0.858482
-24.42	0.858424
-24.43	0.858366
-24.44	0.858309
-24.45	0.858252
-24.46	0.858194
-24.47	0.858137
-24.48	0.858079
-24.49	0.858022
-24.5	0.857965
-24.51	0.857908
-24.52	0.857851
-24.53	0.857794
-24.54	0.857737
-24.55	0.85768
-24.56	0.857623
-24.57	0.857566
-24.58	0.85751
-24.59	0.857453
-24.6	0.857396
-24.61	0.85734
-24.62	0.857283
-24.63	0.857227
-24.64	0.85717
-24.65	0.857114
-24.66	0.857058
-24.67	0.857001
-24.68	0.856945
-24.69	0.856889
-24.7	0.856833
-24.71	0.856777
-24.72	0.856721
-24.73	0.856665
-24.74	0.856609
-24.75	0.856553
-24.76	0.856497
-24.77	0.856441
-24.78	0.856386
-24.79	0.85633
-24.8	0.856275
-24.81	0.856219
-24.82	0.856163
-24.83	0.856108
-24.84	0.856053
-24.85	0.855997
-24.86	0.855942
-24.87	0.855887
-24.88	0.855832
-24.89	0.855776
-24.9	0.855721
-24.91	0.855666
-24.92	0.855611
-24.93	0.855556
-24.94	0.855501
-24.95	0.855447
-24.96	0.855392
-24.97	0.855337
-24.98	0.855282
-24.99	0.855228
-25	0.855173
-25.01	0.855119
-25.02	0.855064
-25.03	0.85501
-25.04	0.854955
-25.05	0.854901
-25.06	0.854846
-25.07	0.854792
-25.08	0.854738
-25.09	0.854684
-25.1	0.85463
-25.11	0.854576
-25.12	0.854522
-25.13	0.854468
-25.14	0.854414
-25.15	0.85436
-25.16	0.854306
-25.17	0.854252
-25.18	0.854199
-25.19	0.854145
-25.2	0.854091
-25.21	0.854038
-25.22	0.853984
-25.23	0.853931
-25.24	0.853877
-25.25	0.853824
-25.26	0.853771
-25.27	0.853717
-25.28	0.853664
-25.29	0.853611
-25.3	0.853558
-25.31	0.853505
-25.32	0.853452
-25.33	0.853399
-25.34	0.853346
-25.35	0.853293
-25.36	0.85324
-25.37	0.853187
-25.38	0.853134
-25.39	0.853082
-25.4	0.853029
-25.41	0.852976
-25.42	0.852924
-25.43	0.852871
-25.44	0.852819
-25.45	0.852766
-25.46	0.852714
-25.47	0.852662
-25.48	0.852609
-25.49	0.852557
-25.5	0.852505
-25.51	0.852453
-25.52	0.852401
-25.53	0.852349
-25.54	0.852297
-25.55	0.852245
-25.56	0.852193
-25.57	0.852141
-25.58	0.852089
-25.59	0.852037
-25.6	0.851986
-25.61	0.851934
-25.62	0.851882
-25.63	0.851831
-25.64	0.851779
-25.65	0.851727
-25.66	0.851676
-25.67	0.851625
-25.68	0.851573
-25.69	0.851522
-25.7	0.851471
-25.71	0.851419
-25.72	0.851368
-25.73	0.851317
-25.74	0.851266
-25.75	0.851215
-25.76	0.851164
-25.77	0.851113
-25.78	0.851062
-25.79	0.851011
-25.8	0.85096
-25.81	0.850909
-25.82	0.850859
-25.83	0.850808
-25.84	0.850757
-25.85	0.850707
-25.86	0.850656
-25.87	0.850606
-25.88	0.850555
-25.89	0.850505
-25.9	0.850454
-25.91	0.850404
-25.92	0.850354
-25.93	0.850303
-25.94	0.850253
-25.95	0.850203
-25.96	0.850153
-25.97	0.850103
-25.98	0.850053
-25.99	0.850003
-26	0.849953
-26.01	0.849903
-26.02	0.849853
-26.03	0.849803
-26.04	0.849753
-26.05	0.849704
-26.06	0.849654
-26.07	0.849604
-26.08	0.849555
-26.09	0.849505
-26.1	0.849456
-26.11	0.849406
-26.12	0.849357
-26.13	0.849307
-26.14	0.849258
-26.15	0.849209
-26.16	0.849159
-26.17	0.84911
-26.18	0.849061
-26.19	0.849012
-26.2	0.848963
-26.21	0.848914
-26.22	0.848865
-26.23	0.848816
-26.24	0.848767
-26.25	0.848718
-26.26	0.848669
-26.27	0.84862
-26.28	0.848571
-26.29	0.848523
-26.3	0.848474
-26.31	0.848425
-26.32	0.848377
-26.33	0.848328
-26.34	0.84828
-26.35	0.848231
-26.36	0.848183
-26.37	0.848135
-26.38	0.848086
-26.39	0.848038
-26.4	0.84799
-26.41	0.847941
-26.42	0.847893
-26.43	0.847845
-26.44	0.847797
-26.45	0.847749
-26.46	0.847701
-26.47	0.847653
-26.48	0.847605
-26.49	0.847557
-26.5	0.847509
-26.51	0.847461
-26.52	0.847414
-26.53	0.847366
-26.54	0.847318
-26.55	0.847271
-26.56	0.847223
-26.57	0.847175
-26.58	0.847128
-26.59	0.84708
-26.6	0.847033
-26.61	0.846986
-26.62	0.846938
-26.63	0.846891
-26.64	0.846844
-26.65	0.846796
-26.66	0.846749
-26.67	0.846702
-26.68	0.846655
-26.69	0.846608
-26.7	0.846561
-26.71	0.846514
-26.72	0.846467
-26.73	0.84642
-26.74	0.846373
-26.75	0.846326
-26.76	0.846279
-26.77	0.846232
-26.78	0.846186
-26.79	0.846139
-26.8	0.846092
-26.81	0.846046
-26.82	0.845999
-26.83	0.845953
-26.84	0.845906
-26.85	0.84586
-26.86	0.845813
-26.87	0.845767
-26.88	0.845721
-26.89	0.845674
-26.9	0.845628
-26.91	0.845582
-26.92	0.845536
-26.93	0.845489
-26.94	0.845443
-26.95	0.845397
-26.96	0.845351
-26.97	0.845305
-26.98	0.845259
-26.99	0.845213
-27	0.845167
-27.01	0.845122
-27.02	0.845076
-27.03	0.84503
-27.04	0.844984
-27.05	0.844939
-27.06	0.844893
-27.07	0.844847
-27.08	0.844802
-27.09	0.844756
-27.1	0.844711
-27.11	0.844665
-27.12	0.84462
-27.13	0.844574
-27.14	0.844529
-27.15	0.844484
-27.16	0.844438
-27.17	0.844393
-27.18	0.844348
-27.19	0.844303
-27.2	0.844258
-27.21	0.844213
-27.22	0.844168
-27.23	0.844123
-27.24	0.844078
-27.25	0.844033
-27.26	0.843988
-27.27	0.843943
-27.28	0.843898
-27.29	0.843853
-27.3	0.843809
-27.31	0.843764
-27.32	0.843719
-27.33	0.843675
-27.34	0.84363
-27.35	0.843585
-27.36	0.843541
-27.37	0.843496
-27.38	0.843452
-27.39	0.843407
-27.4	0.843363
-27.41	0.843319
-27.42	0.843274
-27.43	0.84323
-27.44	0.843186
-27.45	0.843142
-27.46	0.843098
-27.47	0.843053
-27.48	0.843009
-27.49	0.842965
-27.5	0.842921
-27.51	0.842877
-27.52	0.842833
-27.53	0.842789
-27.54	0.842745
-27.55	0.842702
-27.56	0.842658
-27.57	0.842614
-27.58	0.84257
-27.59	0.842527
-27.6	0.842483
-27.61	0.842439
-27.62	0.842396
-27.63	0.842352
-27.64	0.842309
-27.65	0.842265
-27.66	0.842222
-27.67	0.842178
-27.68	0.842135
-27.69	0.842091
-27.7	0.842048
-27.71	0.842005
-27.72	0.841962
-27.73	0.841918
-27.74	0.841875
-27.75	0.841832
-27.76	0.841789
-27.77	0.841746
-27.78	0.841703
-27.79	0.84166
-27.8	0.841617
-27.81	0.841574
-27.82	0.841531
-27.83	0.841488
-27.84	0.841445
-27.85	0.841403
-27.86	0.84136
-27.87	0.841317
-27.88	0.841274
-27.89	0.841232
-27.9	0.841189
-27.91	0.841147
-27.92	0.841104
-27.93	0.841061
-27.94	0.841019
-27.95	0.840976
-27.96	0.840934
-27.97	0.840892
-27.98	0.840849
-27.99	0.840807
-28	0.840765
-28.01	0.840723
-28.02	0.84068
-28.03	0.840638
-28.04	0.840596
-28.05	0.840554
-28.06	0.840512
-28.07	0.84047
-28.08	0.840428
-28.09	0.840386
-28.1	0.840344
-28.11	0.840302
-28.12	0.84026
-28.13	0.840218
-28.14	0.840176
-28.15	0.840135
-28.16	0.840093
-28.17	0.840051
-28.18	0.840009
-28.19	0.839968
-28.2	0.839926
-28.21	0.839885
-28.22	0.839843
-28.23	0.839801
-28.24	0.83976
-28.25	0.839719
-28.26	0.839677
-28.27	0.839636
-28.28	0.839594
-28.29	0.839553
-28.3	0.839512
-28.31	0.839471
-28.32	0.839429
-28.33	0.839388
-28.34	0.839347
-28.35	0.839306
-28.36	0.839265
-28.37	0.839224
-28.38	0.839183
-28.39	0.839142
-28.4	0.839101
-28.41	0.83906
-28.42	0.839019
-28.43	0.838978
-28.44	0.838937
-28.45	0.838896
-28.46	0.838856
-28.47	0.838815
-28.48	0.838774
-28.49	0.838733
-28.5	0.838693
-28.51	0.838652
-28.52	0.838612
-28.53	0.838571
-28.54	0.838531
-28.55	0.83849
-28.56	0.83845
-28.57	0.838409
-28.58	0.838369
-28.59	0.838329
-28.6	0.838288
-28.61	0.838248
-28.62	0.838208
-28.63	0.838167
-28.64	0.838127
-28.65	0.838087
-28.66	0.838047
-28.67	0.838007
-28.68	0.837967
-28.69	0.837927
-28.7	0.837887
-28.71	0.837847
-28.72	0.837807
-28.73	0.837767
-28.74	0.837727
-28.75	0.837687
-28.76	0.837647
-28.77	0.837607
-28.78	0.837568
-28.79	0.837528
-28.8	0.837488
-28.81	0.837449
-28.82	0.837409
-28.83	0.837369
-28.84	0.83733
-28.85	0.83729
-28.86	0.837251
-28.87	0.837211
-28.88	0.837172
-28.89	0.837132
-28.9	0.837093
-28.91	0.837054
-28.92	0.837014
-28.93	0.836975
-28.94	0.836936
-28.95	0.836896
-28.96	0.836857
-28.97	0.836818
-28.98	0.836779
-28.99	0.83674
-29	0.836701
-29.01	0.836662
-29.02	0.836623
-29.03	0.836584
-29.04	0.836545
-29.05	0.836506
-29.06	0.836467
-29.07	0.836428
-29.08	0.836389
-29.09	0.83635
-29.1	0.836311
-29.11	0.836273
-29.12	0.836234
-29.13	0.836195
-29.14	0.836156
-29.15	0.836118
-29.16	0.836079
-29.17	0.836041
-29.18	0.836002
-29.19	0.835964
-29.2	0.835925
-29.21	0.835887
-29.22	0.835848
-29.23	0.83581
-29.24	0.835771
-29.25	0.835733
-29.26	0.835695
-29.27	0.835656
-29.28	0.835618
-29.29	0.83558
-29.3	0.835542
-29.31	0.835504
-29.32	0.835465
-29.33	0.835427
-29.34	0.835389
-29.35	0.835351
-29.36	0.835313
-29.37	0.835275
-29.38	0.835237
-29.39	0.835199
-29.4	0.835161
-29.41	0.835123
-29.42	0.835086
-29.43	0.835048
-29.44	0.83501
-29.45	0.834972
-29.46	0.834934
-29.47	0.834897
-29.48	0.834859
-29.49	0.834821
-29.5	0.834784
-29.51	0.834746
-29.52	0.834708
-29.53	0.834671
-29.54	0.834633
-29.55	0.834596
-29.56	0.834558
-29.57	0.834521
-29.58	0.834484
-29.59	0.834446
-29.6	0.834409
-29.61	0.834372
-29.62	0.834334
-29.63	0.834297
-29.64	0.83426
-29.65	0.834223
-29.66	0.834185
-29.67	0.834148
-29.68	0.834111
-29.69	0.834074
-29.7	0.834037
-29.71	0.834
-29.72	0.833963
-29.73	0.833926
-29.74	0.833889
-29.75	0.833852
-29.76	0.833815
-29.77	0.833778
-29.78	0.833741
-29.79	0.833705
-29.8	0.833668
-29.81	0.833631
-29.82	0.833594
-29.83	0.833558
-29.84	0.833521
-29.85	0.833484
-29.86	0.833448
-29.87	0.833411
-29.88	0.833374
-29.89	0.833338
-29.9	0.833301
-29.91	0.833265
-29.92	0.833228
-29.93	0.833192
-29.94	0.833156
-29.95	0.833119
-29.96	0.833083
-29.97	0.833046
-29.98	0.83301
-29.99	0.832974
-30	0.832938
