x	y
30	0.718704
29.99	0.718732
29.98	0.71876
29.97	0.718788
29.96	0.718817
29.95	0.718845
29.94	0.718873
29.93	0.718901
29.92	0.71893
29.91	0.718958
29.9	0.718986
29.89	0.719014
29.88	0.719043
29.87	0.719071
29.86	0.7191
29.85	0.719128
29.84	0.719156
29.83	0.719185
29.82	0.719213
29.81	0.719242
29.8	0.71927
29.79	0.719299
29.78	0.719328
29.77	0.719356
29.76	0.719385
29.75	0.719413
29.74	0.719442
29.73	0.719471
29.72	0.719499
29.71	0.719528
29.7	0.719557
29.69	0.719586
29.68	0.719614
29.67	0.719643
29.66	0.719672
29.65	0.719701
29.64	0.71973
29.63	0.719759
29.62	0.719787
29.61	0.719816
29.6	0.719845
29.59	0.719874
29.58	0.719903
29.57	0.719932
29.56	0.719961
29.55	0.71999
29.54	0.720019
29.53	0.720049
29.52	0.720078
29.51	0.720107
29.5	0.720136
29.49	0.720165
29.48	0.720194
29.47	0.720224
29.46	0.720253
29.45	0.720282
29.44	0.720311
29.43	0.720341
29.42	0.72037
29.41	0.720399
29.4	0.720429
29.39	0.720458
29.38	0.720488
29.37	0.720517
29.36	0.720547
29.35	0.720576
29.34	0.720606
29.33	0.720635
29.32	0.720665
29.31	0.720694
29.3	0.720724
29.29	0.720753
29.28	0.720783
29.27	0.720813
29.26	0.720843
29.25	0.720872
29.24	0.720902
29.23	0.720932
29.22	0.720962
29.21	0.720991
29.2	0.721021
29.19	0.721051
29.18	0.721081
29.17	0.721111
29.16	0.721141
29.15	0.721171
29.14	0.721201
29.13	0.721231
29.12	0.721261
29.11	0.721291
29.1	0.721321
29.09	0.721351
29.08	0.721381
29.07	0.721411
29.06	0.721441
29.05	0.721471
29.04	0.721502
29.03	0.721532
29.02	0.721562
29.01	0.721592
29	0.721623
28.99	0.721653
28.98	0.721683
28.97	0.721714
28.96	0.721744
28.95	0.721774
28.94	0.721805
28.93	0.721835
28.92	0.721866
28.91	0.721896
28.9	0.721927
28.89	0.721957
28.88	0.721988
28.87	0.722018
28.86	0.722049
28.85	0.72208
28.84	0.72211
28.83	0.722141
28.82	0.722172
28.81	0.722202
28.8	0.722233
28.79	0.722264
28.78	0.722295
28.77	0.722326
28.76	0.722356
28.75	0.722387
28.74	0.722418
28.73	0.722449
28.72	0.72248
28.71	0.722511
28.7	0.722542
28.69	0.722573
28.68	0.722604
28.67	0.722635
28.66	0.722666
28.65	0.722697
28.64	0.722728
28.63	0.72276
28.62	0.722791
28.61	0.722822
28.6	0.722853
28.59	0.722885
28.58	0.722916
28.57	0.722947
28.56	0.722978
28.55	0.72301
28.54	0.723041
28.53	0.723073
28.52	0.723104
28.51	0.723135
28.5	0.723167
28.49	0.723198
28.48	0.72323
28.47	0.723262
28.46	0.723293
28.45	0.723325
28.44	0.723356
28.43	0.723388
28.42	0.72342
28.41	0.723451
28.4	0.723483
28.39	0.723515
28.38	0.723547
28.37	0.723578
28.36	0.72361
28.35	0.723642
28.34	0.723674
28.33	0.723706
28.32	0.723738
28.31	0.72377
28.3	0.723802
28.29	0.723834
28.28	0.723866
28.27	0.723898
28.26	0.72393
28.25	0.723962
28.24	0.723994
28.23	0.724026
28.22	0.724058
28.21	0.724091
28.2	0.724123
28.19	0.724155
28.18	0.724187
28.17	0.72422
28.16	0.724252
28.15	0.724284
28.14	0.724317
28.13	0.724349
28.12	0.724381
28.11	0.724414
28.1	0.724446
28.09	0.724479
28.08	0.724511
28.07	0.724544
28.06	0.724577
28.05	0.724609
28.04	0.724642
28.03	0.724674
28.02	0.724707
28.01	0.72474
28	0.724773
27.99	0.724805
27.98	0.724838
27.97	0.724871
27.96	0.724904
27.95	0.724937
27.94	0.72497
27.93	0.725002
27.92	0.725035
27.91	0.725068
27.9	0.725101
27.89	0.725134
27.88	0.725167
27.87	0.7252
27.86	0.725234
27.85	0.725267
27.84	0.7253
27.83	0.725333
27.82	0.725366
27.81	0.725399
27.8	0.725433
27.79	0.725466
27.78	0.725499
27.77	0.725533
27.76	0.725566
27.75	0.725599
27.74	0.725633
27.73	0.725666
27.72	0.7257
27.71	0.725733
27.7	0.725767
27.69	0.7258
27.68	0.725834
27.67	0.725868
27.66	0.725901
27.65	0.725935
27.64	0.725969
27.63	0.726002
27.62	0.726036
27.61	0.72607
27.6	0.726104
27.59	0.726137
27.58	0.726171
27.57	0.726205
27.56	0.726239
27.55	0.726273
27.54	0.726307
27.53	0.726341
27.52	0.726375
27.51	0.726409
27.5	0.726443
27.49	0.726477
27.48	0.726511
27.47	0.726545
27.46	0.72658
27.45	0.726614
27.44	0.726648
27.43	0.726682
27.42	0.726717
27.41	0.726751
27.4	0.726785
27.39	0.72682
27.38	0.726854
27.37	0.726889
27.36	0.726923
27.35	0.726957
27.34	0.726992
27.33	0.727027
27.32	0.727061
27.31	0.727096
27.3	0.72713
27.29	0.727165
27.28	0.7272
27.27	0.727234
27.26	0.727269
27.25	0.727304
27.24	0.727339
27.23	0.727374
27.22	0.727408
27.21	0.727443
27.2	0.727478
27.19	0.727513
27.18	0.727548
27.17	0.727583
27.16	0.727618
27.15	0.727653
27.14	0.727688
27.13	0.727723
27.12	0.727759
27.11	0.727794
27.1	0.727829
27.09	0.727864
27.08	0.727899
27.07	0.727935
27.06	0.72797
27.05	0.728005
27.04	0.728041
27.03	0.728076
27.02	0.728112
27.01	0.728147
27	0.728182
26.99	0.728218
26.98	0.728254
26.97	0.728289
26.96	0.728325
26.95	0.72836
26.94	0.728396
26.93	0.728432
26.92	0.728468
26.91	0.728503
26.9	0.728539
26.89	0.728575
26.88	0.728611
26.87	0.728647
26.86	0.728683
26.85	0.728718
26.84	0.728754
26.83	0.72879
26.82	0.728826
26.81	0.728862
26.8	0.728899
26.79	0.728935
26.78	0.728971
26.77	0.729007
26.76	0.729043
26.75	0.729079
26.74	0.729116
26.73	0.729152
26.72	0.729188
26.71	0.729225
26.7	0.729261
26.69	0.729298
26.68	0.729334
26.67	0.72937
26.66	0.729407
26.65	0.729443
26.64	0.72948
26.63	0.729517
26.62	0.729553
26.61	0.72959
26.6	0.729627
26.59	0.729663
26.58	0.7297
26.57	0.729737
26.56	0.729774
26.55	0.729811
26.54	0.729847
26.53	0.729884
26.52	0.729921
26.51	0.729958
26.5	0.729995
26.49	0.730032
26.48	0.730069
26.47	0.730106
26.46	0.730144
26.45	0.730181
26.44	0.730218
26.43	0.730255
26.42	0.730292
26.41	0.73033
26.4	0.730367
26.39	0.730404
26.38	0.730442
26.37	0.730479
26.36	0.730517
26.35	0.730554
26.34	0.730592
26.33	0.730629
26.32	0.730667
26.31	0.730704
26.3	0.730742
26.29	0.73078
26.28	0.730817
26.27	0.730855
26.26	0.730893
26.25	0.730931
26.24	0.730968
26.23	0.731006
26.22	0.731044
26.21	0.731082
26.2	0.73112
26.19	0.731158
26.18	0.731196
26.17	0.731234
26.16	0.731272
26.15	0.73131
26.14	0.731348
26.13	0.731387
26.12	0.731425
26.11	0.731463
26.1	0.731501
26.09	0.73154
26.08	0.731578
26.07	0.731616
26.06	0.731655
26.05	0.731693
26.04	0.731732
26.03	0.73177
26.02	0.731809
26.01	0.731847
26	0.731886
25.99	0.731925
25.98	0.731963
25.97	0.732002
25.96	0.732041
25.95	0.73208
25.94	0.732118
25.93	0.732157
25.92	0.732196
25.91	0.732235
25.9	0.732274
25.89	0.732313
25.88	0.732352
25.87	0.732391
25.86	0.73243
25.85	0.732469
25.84	0.732508
25.83	0.732548
25.82	0.732587
25.81	0.732626
25.8	0.732665
25.79	0.732705
25.78	0.732744
25.77	0.732783
25.76	0.732823
25.75	0.732862
25.74	0.732902
25.73	0.732941
25.72	0.732981
25.71	0.73302
25.7	0.73306
25.69	0.7331
25.68	0.733139
25.67	0.733179
25.66	0.733219
25.65	0.733259
25.64	0.733299
25.63	0.733338
25.62	0.733378
25.61	0.733418
25.6	0.733458
25.59	0.733498
25.58	0.733538
25.57	0.733578
25.56	0.733618
25.55	0.733659
25.54	0.733699
25.53	0.733739
25.52	0.733779
25.51	0.73382
25.5	0.73386
25.49	0.7339
25.48	0.733941
25.47	0.733981
25.46	0.734022
25.45	0.734062
25.44	0.734103
25.43	0.734143
25.42	0.734184
25.41	0.734224
25.4	0.734265
25.39	0.734306
25.38	0.734347
25.37	0.734387
25.36	0.734428
25.35	0.734469
25.34	0.73451
25.33	0.734551
25.32	0.734592
25.31	0.734633
25.3	0.734674
25.29	0.734715
25.28	0.734756
25.27	0.734797
25.26	0.734839
25.25	0.73488
25.24	0.734921
25.23	0.734962
25.22	0.735004
25.21	0.735045
25.2	0.735087
25.19	0.735128
25.18	0.735169
25.17	0.735211
25.16	0.735252
25.15	0.735294
25.14	0.735336
25.13	0.735377
25.12	0.735419
25.11	0.735461
25.1	0.735503
25.09	0.735545
25.08	0.735586
25.07	0.735628
25.06	0.73567
25.05	0.735712
25.04	0.735754
25.03	0.735796
25.02	0.735838
25.01	0.73588
25	0.735923
24.99	0.735965
24.98	0.736007
24.97	0.736049
24.96	0.736092
24.95	0.736134
24.94	0.736176
24.93	0.736219
24.92	0.736261
24.91	0.736304
24.9	0.736346
24.89	0.736389
24.88	0.736431
24.87	0.736474
24.86	0.736517
24.85	0.73656
24.84	0.736602
24.83	0.736645
24.82	0.736688
24.81	0.736731
24.8	0.736774
24.79	0.736817
24.78	0.73686
24.77	0.736903
24.76	0.736946
24.75	0.736989
24.74	0.737032
24.73	0.737075
24.72	0.737119
24.71	0.737162
24.7	0.737205
24.69	0.737249
24.68	0.737292
24.67	0.737336
24.66	0.737379
24.65	0.737423
24.64	0.737466
24.63	0.73751
24.62	0.737553
24.61	0.737597
24.6	0.737641
24.59	0.737684
24.58	0.737728
24.57	0.737772
24.56	0.737816
24.55	0.73786
24.54	0.737904
24.53	0.737948
24.52	0.737992
24.51	0.738036
24.5	0.73808
24.49	0.738124
24.48	0.738168
24.47	0.738213
24.46	0.738257
24.45	0.738301
24.44	0.738346
24.43	0.73839
24.42	0.738435
24.41	0.738479
24.4	0.738524
24.39	0.738568
24.38	0.738613
24.37	0.738657
24.36	0.738702
24.35	0.738747
24.34	0.738792
24.33	0.738836
24.32	0.738881
24.31	0.738926
24.3	0.738971
24.29	0.739016
24.28	0.739061
24.27	0.739106
24.26	0.739151
24.25	0.739197
24.24	0.739242
24.23	0.739287
24.22	0.739332
24.21	0.739378
24.2	0.739423
24.19	0.739468
24.18	0.739514
24.17	0.739559
24.16	0.739605
24.15	0.73965
24.14	0.739696
24.13	0.739742
24.12	0.739787
24.11	0.739833
24.1	0.739879
24.09	0.739925
24.08	0.739971
24.07	0.740017
24.06	0.740063
24.05	0.740109
24.04	0.740155
24.03	0.740201
24.02	0.740247
24.01	0.740293
24	0.740339
23.99	0.740385
23.98	0.740432
23.97	0.740478
23.96	0.740525
23.95	0.740571
23.94	0.740617
23.93	0.740664
23.92	0.740711
23.91	0.740757
23.9	0.740804
23.89	0.740851
23.88	0.740897
23.87	0.740944
23.86	0.740991
23.85	0.741038
23.84	0.741085
23.83	0.741132
23.82	0.741179
23.81	0.741226
23.8	0.741273
23.79	0.74132
23.78	0.741367
23.77	0.741414
23.76	0.741462
23.75	0.741509
23.74	0.741556
23.73	0.741604
23.72	0.741651
23.71	0.741699
23.7	0.741746
23.69	0.741794
23.68	0.741842
23.67	0.741889
23.66	0.741937
23.65	0.741985
23.64	0.742033
23.63	0.742081
23.62	0.742129
23.61	0.742177
23.6	0.742225
23.59	0.742273
23.58	0.742321
23.57	0.742369
23.56	0.742417
23.55	0.742465
23.54	0.742514
23.53	0.742562
23.52	0.74261
23.51	0.742659
23.5	0.742707
23.49	0.742756
23.48	0.742804
23.47	0.742853
23.46	0.742902
23.45	0.74295
23.44	0.742999
23.43	0.743048
23.42	0.743097
23.41	0.743146
23.4	0.743195
23.39	0.743244
23.38	0.743293
23.37	0.743342
23.36	0.743391
23.35	0.74344
23.34	0.743489
23.33	0.743539
23.32	0.743588
23.31	0.743637
23.3	0.743687
23.29	0.743736
23.28	0.743786
23.27	0.743835
23.26	0.743885
23.25	0.743935
23.24	0.743984
23.23	0.744034
23.22	0.744084
23.21	0.744134
23.2	0.744184
23.19	0.744234
23.18	0.744284
23.17	0.744334
23.16	0.744384
23.15	0.744434
23.14	0.744484
23.13	0.744534
23.12	0.744585
23.11	0.744635
23.1	0.744685
23.09	0.744736
23.08	0.744786
23.07	0.744837
23.06	0.744888
23.05	0.744938
23.04	0.744989
23.03	0.74504
23.02	0.74509
23.01	0.745141
23	0.745192
22.99	0.745243
22.98	0.745294
22.97	0.745345
22.96	0.745396
22.95	0.745447
22.94	0.745499
22.93	0.74555
22.92	0.745601
22.91	0.745653
22.9	0.745704
22.89	0.745755
22.88	0.745807
22.87	0.745858
22.86	0.74591
22.85	0.745962
22.84	0.746013
22.83	0.746065
22.82	0.746117
22.81	0.746169
22.8	0.746221
22.79	0.746273
22.78	0.746325
22.77	0.746377
22.76	0.746429
22.75	0.746481
22.74	0.746533
22.73	0.746586
22.72	0.746638
22.71	0.74669
22.7	0.746743
22.69	0.746795
22.68	0.746848
22.67	0.746901
22.66	0.746953
22.65	0.747006
22.64	0.747059
22.63	0.747111
22.62	0.747164
22.61	0.747217
22.6	0.74727
22.59	0.747323
22.58	0.747376
22.57	0.747429
22.56	0.747483
22.55	0.747536
22.54	0.747589
22.53	0.747643
22.52	0.747696
22.51	0.747749
22.5	0.747803
22.49	0.747856
22.48	0.74791
22.47	0.747964
22.46	0.748017
22.45	0.748071
22.44	0.748125
22.43	0.748179
22.42	0.748233
22.41	0.748287
22.4	0.748341
22.39	0.748395
22.38	0.748449
22.37	0.748504
22.36	0.748558
22.35	0.748612
22.34	0.748667
22.33	0.748721
22.32	0.748775
22.31	0.74883
22.3	0.748885
22.29	0.748939
22.28	0.748994
22.27	0.749049
22.26	0.749104
22.25	0.749159
22.24	0.749213
22.23	0.749268
22.22	0.749324
22.21	0.749379
22.2	0.749434
22.19	0.749489
22.18	0.749544
22.17	0.7496
22.16	0.749655
22.15	0.749711
22.14	0.749766
22.13	0.749822
22.12	0.749877
22.11	0.749933
22.1	0.749989
22.09	0.750044
22.08	0.7501
22.07	0.750156
22.06	0.750212
22.05	0.750268
22.04	0.750324
22.03	0.750381
22.02	0.750437
22.01	0.750493
22	0.750549
21.99	0.750606
21.98	0.750662
21.97	0.750719
21.96	0.750775
21.95	0.750832
21.94	0.750888
21.93	0.750945
21.92	0.751002
21.91	0.751059
21.9	0.751116
21.89	0.751173
21.88	0.75123
21.87	0.751287
21.86	0.751344
21.85	0.751401
21.84	0.751459
21.83	0.751516
21.82	0.751573
21.81	0.751631
21.8	0.751688
21.79	0.751746
21.78	0.751803
21.77	0.751861
21.76	0.751919
21.75	0.751977
21.74	0.752035
21.73	0.752093
21.72	0.752151
21.71	0.752209
21.7	0.752267
21.69	0.752325
21.68	0.752383
21.67	0.752441
21.66	0.7525
21.65	0.752558
21.64	0.752617
21.63	0.752675
21.62	0.752734
21.61	0.752793
21.6	0.752851
21.59	0.75291
21.58	0.752969
21.57	0.753028
21.56	0.753087
21.55	0.753146
21.54	0.753205
21.53	0.753264
21.52	0.753323
21.51	0.753383
21.5	0.753442
21.49	0.753502
21.48	0.753561
21.47	0.753621
21.46	0.75368
21.45	0.75374
21.44	0.7538
21.43	0.75386
21.42	0.753919
21.41	0.753979
21.4	0.754039
21.39	0.754099
21.38	0.75416
21.37	0.75422
21.36	0.75428
21.35	0.75434
21.34	0.754401
21.33	0.754461
21.32	0.754522
21.31	0.754582
21.3	0.754643
21.29	0.754704
21.28	0.754764
21.27	0.754825
21.26	0.754886
21.25	0.754947
21.24	0.755008
21.23	0.755069
21.22	0.755131
21.21	0.755192
21.2	0.755253
21.19	0.755314
21.18	0.755376
21.17	0.755437
21.16	0.755499
21.15	0.755561
21.14	0.755622
21.13	0.755684
21.12	0.755746
21.11	0.755808
21.1	0.75587
21.09	0.755932
21.08	0.755994
21.07	0.756056
21.06	0.756118
21.05	0.756181
21.04	0.756243
21.03	0.756306
21.02	0.756368
21.01	0.756431
21	0.756493
20.99	0.756556
20.98	0.756619
20.97	0.756682
20.96	0.756745
20.95	0.756808
20.94	0.756871
20.93	0.756934
20.92	0.756997
20.91	0.75706
20.9	0.757124
20.89	0.757187
20.88	0.757251
20.87	0.757314
20.86	0.757378
20.85	0.757442
20.84	0.757505
20.83	0.757569
20.82	0.757633
20.81	0.757697
20.8	0.757761
20.79	0.757825
20.78	0.75789
20.77	0.757954
20.76	0.758018
20.75	0.758083
20.74	0.758147
20.73	0.758212
20.72	0.758276
20.71	0.758341
20.7	0.758406
20.69	0.758471
20.68	0.758536
20.67	0.758601
20.66	0.758666
20.65	0.758731
20.64	0.758796
20.63	0.758861
20.62	0.758927
20.61	0.758992
20.6	0.759057
20.59	0.759123
20.58	0.759189
20.57	0.759254
20.56	0.75932
20.55	0.759386
20.54	0.759452
20.53	0.759518
20.52	0.759584
20.51	0.75965
20.5	0.759717
20.49	0.759783
20.48	0.759849
20.47	0.759916
20.46	0.759982
20.45	0.760049
20.44	0.760116
20.43	0.760182
20.42	0.760249
20.41	0.760316
20.4	0.760383
20.39	0.76045
20.38	0.760517
20.37	0.760584
20.36	0.760652
20.35	0.760719
20.34	0.760787
20.33	0.760854
20.32	0.760922
20.31	0.760989
20.3	0.761057
20.29	0.761125
20.28	0.761193
20.27	0.761261
20.26	0.761329
20.25	0.761397
20.24	0.761465
20.23	0.761534
20.22	0.761602
20.21	0.76167
20.2	0.761739
20.19	0.761808
20.18	0.761876
20.17	0.761945
20.16	0.762014
20.15	0.762083
20.14	0.762152
20.13	0.762221
20.12	0.76229
20.11	0.762359
20.1	0.762429
20.09	0.762498
20.08	0.762568
20.07	0.762637
20.06	0.762707
20.05	0.762776
20.04	0.762846
20.03	0.762916
20.02	0.762986
20.01	0.763056
20	0.763126
19.99	0.763197
19.98	0.763267
19.97	0.763337
19.96	0.763408
19.95	0.763478
19.94	0.763549
19.93	0.76362
19.92	0.76369
19.91	0.763761
19.9	0.763832
19.89	0.763903
19.88	0.763974
19.87	0.764046
19.86	0.764117
19.85	0.764188
19.84	0.76426
19.83	0.764331
19.82	0.764403
19.81	0.764474
19.8	0.764546
19.79	0.764618
19.78	0.76469
19.77	0.764762
19.76	0.764834
19.75	0.764906
19.74	0.764979
19.73	0.765051
19.72	0.765124
19.71	0.765196
19.7	0.765269
19.69	0.765341
19.68	0.765414
19.67	0.765487
19.66	0.76556
19.65	0.765633
19.64	0.765706
19.63	0.76578
19.62	0.765853
19.61	0.765926
19.6	0.766
19.59	0.766073
19.58	0.766147
19.57	0.766221
19.56	0.766295
19.55	0.766369
19.54	0.766443
19.53	0.766517
19.52	0.766591
19.51	0.766665
19.5	0.76674
19.49	0.766814
19.48	0.766889
19.47	0.766963
19.46	0.767038
19.45	0.767113
19.44	0.767188
19.43	0.767263
19.42	0.767338
19.41	0.767413
19.4	0.767488
19.39	0.767564
19.38	0.767639
19.37	0.767715
19.36	0.76779
19.35	0.767866
19.34	0.767942
19.33	0.768018
19.32	0.768094
19.31	0.76817
19.3	0.768246
19.29	0.768322
19.28	0.768399
19.27	0.768475
19.26	0.768552
19.25	0.768628
19.24	0.768705
19.23	0.768782
19.22	0.768859
19.21	0.768936
19.2	0.769013
19.19	0.76909
19.18	0.769167
19.17	0.769245
19.16	0.769322
19.15	0.7694
19.14	0.769477
19.13	0.769555
19.12	0.769633
19.11	0.769711
19.1	0.769789
19.09	0.769867
19.08	0.769946
19.07	0.770024
19.06	0.770102
19.05	0.770181
19.04	0.770259
19.03	0.770338
19.02	0.770417
19.01	0.770496
19	0.770575
18.99	0.770654
18.98	0.770733
18.97	0.770813
18.96	0.770892
18.95	0.770971
18.94	0.771051
18.93	0.771131
18.92	0.771211
18.91	0.77129
18.9	0.77137
18.89	0.771451
18.88	0.771531
18.87	0.771611
18.86	0.771691
18.85	0.771772
18.84	0.771853
18.83	0.771933
18.82	0.772014
18.81	0.772095
18.8	0.772176
18.79	0.772257
18.78	0.772338
18.77	0.77242
18.76	0.772501
18.75	0.772582
18.74	0.772664
18.73	0.772746
18.72	0.772828
18.71	0.772909
18.7	0.772991
18.69	0.773074
18.68	0.773156
18.67	0.773238
18.66	0.77332
18.65	0.773403
18.64	0.773486
18.63	0.773568
18.62	0.773651
18.61	0.773734
18.6	0.773817
18.59	0.7739
18.58	0.773984
18.57	0.774067
18.56	0.77415
18.55	0.774234
18.54	0.774318
18.53	0.774401
18.52	0.774485
18.51	0.774569
18.5	0.774653
18.49	0.774738
18.48	0.774822
18.47	0.774906
18.46	0.774991
18.45	0.775076
18.44	0.77516
18.43	0.775245
18.42	0.77533
18.41	0.775415
18.4	0.7755
18.39	0.775586
18.38	0.775671
18.37	0.775757
18.36	0.775842
18.35	0.775928
18.34	0.776014
18.33	0.7761
18.32	0.776186
18.31	0.776272
18.3	0.776358
18.29	0.776445
18.28	0.776531
18.27	0.776618
18.26	0.776704
18.25	0.776791
18.24	0.776878
18.23	0.776965
18.22	0.777052
18.21	0.77714
18.2	0.777227
18.19	0.777315
18.18	0.777402
18.17	0.77749
18.16	0.777578
18.15	0.777666
18.14	0.777754
18.13	0.777842
18.12	0.77793
18.11	0.778019
18.1	0.778107
18.09	0.778196
18.08	0.778285
18.07	0.778374
18.06	0.778463
18.05	0.778552
18.04	0.778641
18.03	0.77873
18.02	0.77882
18.01	0.778909
18	0.778999
17.99	0.779089
17.98	0.779179
17.97	0.779269
17.96	0.779359
17.95	0.779449
17.94	0.77954
17.93	0.77963
17.92	0.779721
17.91	0.779812
17.9	0.779903
17.89	0.779994
17.88	0.780085
17.87	0.780176
17.86	0.780267
17.85	0.780359
17.84	0.78045
17.83	0.780542
17.82	0.780634
17.81	0.780726
17.8	0.780818
17.79	0.78091
17.78	0.781003
17.77	0.781095
17.76	0.781188
17.75	0.78128
17.74	0.781373
17.73	0.781466
17.72	0.781559
17.71	0.781652
17.7	0.781746
17.69	0.781839
17.68	0.781933
17.67	0.782026
17.66	0.78212
17.65	0.782214
17.64	0.782308
17.63	0.782402
17.62	0.782497
17.61	0.782591
17.6	0.782686
17.59	0.782781
17.58	0.782875
17.57	0.78297
17.56	0.783065
17.55	0.783161
17.54	0.783256
17.53	0.783351
17.52	0.783447
17.51	0.783543
17.5	0.783639
17.49	0.783735
17.48	0.783831
17.47	0.783927
17.46	0.784023
17.45	0.78412
17.44	0.784217
17.43	0.784313
17.42	0.78441
17.41	0.784507
17.4	0.784605
17.39	0.784702
17.38	0.784799
17.37	0.784897
17.36	0.784995
17.35	0.785092
17.34	0.78519
17.33	0.785289
17.32	0.785387
17.31	0.785485
17.3	0.785584
17.29	0.785682
17.28	0.785781
17.27	0.78588
17.26	0.785979
17.25	0.786078
17.24	0.786178
17.23	0.786277
17.22	0.786377
17.21	0.786476
17.2	0.786576
17.19	0.786676
17.18	0.786776
17.17	0.786877
17.16	0.786977
17.15	0.787078
17.14	0.787179
17.13	0.787279
17.12	0.78738
17.11	0.787481
17.1	0.787583
17.09	0.787684
17.08	0.787786
17.07	0.787887
17.06	0.787989
17.05	0.788091
17.04	0.788193
17.03	0.788296
17.02	0.788398
17.01	0.788501
17	0.788603
16.99	0.788706
16.98	0.788809
16.97	0.788912
16.96	0.789015
16.95	0.789119
16.94	0.789222
16.93	0.789326
16.92	0.78943
16.91	0.789534
16.9	0.789638
16.89	0.789742
16.88	0.789847
16.87	0.789952
16.86	0.790056
16.85	0.790161
16.84	0.790266
16.83	0.790371
16.82	0.790477
16.81	0.790582
16.8	0.790688
16.79	0.790794
16.78	0.7909
16.77	0.791006
16.76	0.791112
16.75	0.791218
16.74	0.791325
16.73	0.791431
16.72	0.791538
16.71	0.791645
16.7	0.791752
16.69	0.79186
16.68	0.791967
16.67	0.792075
16.66	0.792183
16.65	0.79229
16.64	0.792399
16.63	0.792507
16.62	0.792615
16.61	0.792724
16.6	0.792832
16.59	0.792941
16.58	0.79305
16.57	0.793159
16.56	0.793269
16.55	0.793378
16.54	0.793488
16.53	0.793598
16.52	0.793708
16.51	0.793818
16.5	0.793928
16.49	0.794038
16.48	0.794149
16.47	0.79426
16.46	0.794371
16.45	0.794482
16.44	0.794593
16.43	0.794704
16.42	0.794816
16.41	0.794928
16.4	0.79504
16.39	0.795152
16.38	0.795264
16.37	0.795376
16.36	0.795489
16.35	0.795602
16.34	0.795714
16.33	0.795827
16.32	0.795941
16.31	0.796054
16.3	0.796168
16.29	0.796281
16.28	0.796395
16.27	0.796509
16.26	0.796623
16.25	0.796738
16.24	0.796852
16.23	0.796967
16.22	0.797082
16.21	0.797197
16.2	0.797312
16.19	0.797428
16.18	0.797543
16.17	0.797659
16.16	0.797775
16.15	0.797891
16.14	0.798007
16.13	0.798124
16.12	0.79824
16.11	0.798357
16.1	0.798474
16.09	0.798591
16.08	0.798709
16.07	0.798826
16.06	0.798944
16.05	0.799062
16.04	0.79918
16.03	0.799298
16.02	0.799416
16.01	0.799535
16	0.799653
15.99	0.799772
15.98	0.799891
15.97	0.800011
15.96	0.80013
15.95	0.80025
15.94	0.80037
15.93	0.80049
15.92	0.80061
15.91	0.80073
15.9	0.800851
15.89	0.800971
15.88	0.801092
15.87	0.801213
15.86	0.801335
15.85	0.801456
15.84	0.801578
15.83	0.801699
15.82	0.801821
15.81	0.801944
15.8	0.802066
15.79	0.802189
15.78	0.802311
15.77	0.802434
15.76	0.802557
15.75	0.802681
15.74	0.802804
15.73	0.802928
15.72	0.803052
15.71	0.803176
15.7	0.8033
15.69	0.803425
15.68	0.803549
15.67	0.803674
15.66	0.803799
15.65	0.803924
15.64	0.80405
15.63	0.804175
15.62	0.804301
15.61	0.804427
15.6	0.804554
15.59	0.80468
15.58	0.804806
15.57	0.804933
15.56	0.80506
15.55	0.805187
15.54	0.805315
15.53	0.805442
15.52	0.80557
15.51	0.805698
15.5	0.805826
15.49	0.805955
15.48	0.806083
15.47	0.806212
15.46	0.806341
15.45	0.80647
15.44	0.8066
15.43	0.806729
15.42	0.806859
15.41	0.806989
15.4	0.807119
15.39	0.80725
15.38	0.80738
15.37	0.807511
15.36	0.807642
15.35	0.807773
15.34	0.807905
15.33	0.808037
15.32	0.808168
15.31	0.8083
15.3	0.808433
15.29	0.808565
15.28	0.808698
15.27	0.808831
15.26	0.808964
15.25	0.809097
15.24	0.809231
15.23	0.809365
15.22	0.809499
15.21	0.809633
15.2	0.809767
15.19	0.809902
15.18	0.810037
15.17	0.810172
15.16	0.810307
15.15	0.810443
15.14	0.810578
15.13	0.810714
15.12	0.81085
15.11	0.810987
15.1	0.811123
15.09	0.81126
15.08	0.811397
15.07	0.811534
15.06	0.811672
15.05	0.81181
15.04	0.811947
15.03	0.812086
15.02	0.812224
15.01	0.812363
15	0.812501
14.99	0.81264
14.98	0.81278
14.97	0.812919
14.96	0.813059
14.95	0.813199
14.94	0.813339
14.93	0.813479
14.92	0.81362
14.91	0.813761
14.9	0.813902
14.89	0.814043
14.88	0.814185
14.87	0.814327
14.86	0.814469
14.85	0.814611
14.84	0.814753
14.83	0.814896
14.82	0.815039
14.81	0.815182
14.8	0.815326
14.79	0.815469
14.78	0.815613
14.77	0.815758
14.76	0.815902
14.75	0.816047
14.74	0.816191
14.73	0.816337
14.72	0.816482
14.71	0.816627
14.7	0.816773
14.69	0.816919
14.68	0.817066
14.67	0.817212
14.66	0.817359
14.65	0.817506
14.64	0.817653
14.63	0.817801
14.62	0.817949
14.61	0.818097
14.6	0.818245
14.59	0.818394
14.58	0.818542
14.57	0.818691
14.56	0.818841
14.55	0.81899
14.54	0.81914
14.53	0.81929
14.52	0.81944
14.51	0.819591
14.5	0.819742
14.49	0.819893
14.48	0.820044
14.47	0.820196
14.46	0.820348
14.45	0.8205
14.44	0.820652
14.43	0.820805
14.42	0.820958
14.41	0.821111
14.4	0.821264
14.39	0.821418
14.38	0.821572
14.37	0.821726
14.36	0.82188
14.35	0.822035
14.34	0.82219
14.33	0.822345
14.32	0.822501
14.31	0.822657
14.3	0.822813
14.29	0.822969
14.28	0.823126
14.27	0.823283
14.26	0.82344
14.25	0.823597
14.24	0.823755
14.23	0.823913
14.22	0.824071
14.21	0.824229
14.2	0.824388
14.19	0.824547
14.18	0.824707
14.17	0.824866
14.16	0.825026
14.15	0.825186
14.14	0.825347
14.13	0.825507
14.12	0.825668
14.11	0.82583
14.1	0.825991
14.09	0.826153
14.08	0.826315
14.07	0.826478
14.06	0.82664
14.05	0.826803
14.04	0.826967
14.03	0.82713
14.02	0.827294
14.01	0.827458
14	0.827623
13.99	0.827787
13.98	0.827952
13.97	0.828118
13.96	0.828283
13.95	0.828449
13.94	0.828615
13.93	0.828782
13.92	0.828949
13.91	0.829116
13.9	0.829283
13.89	0.829451
13.88	0.829619
13.87	0.829787
13.86	0.829956
13.85	0.830125
13.84	0.830294
13.83	0.830463
13.82	0.830633
13.81	0.830803
13.8	0.830974
13.79	0.831144
13.78	0.831315
13.77	0.831487
13.76	0.831658
13.75	0.83183
13.74	0.832003
13.73	0.832175
13.72	0.832348
13.71	0.832521
13.7	0.832695
13.69	0.832869
13.68	0.833043
13.67	0.833217
13.66	0.833392
13.65	0.833567
13.64	0.833742
13.63	0.833918
13.62	0.834094
13.61	0.834271
13.6	0.834447
13.59	0.834624
13.58	0.834802
13.57	0.834979
13.56	0.835157
13.55	0.835336
13.54	0.835514
13.53	0.835693
13.52	0.835873
13.51	0.836052
13.5	0.836232
13.49	0.836413
13.48	0.836593
13.47	0.836774
13.46	0.836956
13.45	0.837137
13.44	0.837319
13.43	0.837502
13.42	0.837684
13.41	0.837867
13.4	0.838051
13.39	0.838234
13.38	0.838418
13.37	0.838603
13.36	0.838788
13.35	0.838973
13.34	0.839158
13.33	0.839344
13.32	0.83953
13.31	0.839716
13.3	0.839903
13.29	0.840091
13.28	0.840278
13.27	0.840466
13.26	0.840654
13.25	0.840843
13.24	0.841032
13.23	0.841221
13.22	0.841411
13.21	0.841601
13.2	0.841791
13.19	0.841982
13.18	0.842173
13.17	0.842364
13.16	0.842556
13.15	0.842749
13.14	0.842941
13.13	0.843134
13.12	0.843327
13.11	0.843521
13.1	0.843715
13.09	0.84391
13.08	0.844104
13.07	0.8443
13.06	0.844495
13.05	0.844691
13.04	0.844887
13.03	0.845084
13.02	0.845281
13.01	0.845479
13	0.845676
12.99	0.845875
12.98	0.846073
12.97	0.846272
12.96	0.846472
12.95	0.846671
12.94	0.846872
12.93	0.847072
12.92	0.847273
12.91	0.847474
12.9	0.847676
12.89	0.847878
12.88	0.848081
12.87	0.848284
12.86	0.848487
12.85	0.848691
12.84	0.848895
12.83	0.849099
12.82	0.849304
12.81	0.849509
12.8	0.849715
12.79	0.849921
12.78	0.850128
12.77	0.850335
12.76	0.850542
12.75	0.85075
12.74	0.850958
12.73	0.851167
12.72	0.851376
12.71	0.851585
12.7	0.851795
12.69	0.852005
12.68	0.852216
12.67	0.852427
12.66	0.852639
12.65	0.852851
12.64	0.853063
12.63	0.853276
12.62	0.853489
12.61	0.853703
12.6	0.853917
12.59	0.854131
12.58	0.854346
12.57	0.854562
12.56	0.854777
12.55	0.854994
12.54	0.85521
12.53	0.855428
12.52	0.855645
12.51	0.855863
12.5	0.856082
12.49	0.8563
12.48	0.85652
12.47	0.85674
12.46	0.85696
12.45	0.857181
12.44	0.857402
12.43	0.857623
12.42	0.857845
12.41	0.858068
12.4	0.858291
12.39	0.858514
12.38	0.858738
12.37	0.858963
12.36	0.859187
12.35	0.859413
12.34	0.859638
12.33	0.859865
12.32	0.860091
12.31	0.860319
12.3	0.860546
12.29	0.860774
12.28	0.861003
12.27	0.861232
12.26	0.861461
12.25	0.861691
12.24	0.861922
12.23	0.862153
12.22	0.862384
12.21	0.862616
12.2	0.862849
12.19	0.863082
12.18	0.863315
12.17	0.863549
12.16	0.863783
12.15	0.864018
12.14	0.864254
12.13	0.864489
12.12	0.864726
12.11	0.864963
12.1	0.8652
12.09	0.865438
12.08	0.865676
12.07	0.865915
12.06	0.866155
12.05	0.866394
12.04	0.866635
12.03	0.866876
12.02	0.867117
12.01	0.867359
12	0.867602
11.99	0.867845
11.98	0.868088
11.97	0.868332
11.96	0.868577
11.95	0.868822
11.94	0.869068
11.93	0.869314
11.92	0.86956
11.91	0.869808
11.9	0.870055
11.89	0.870304
11.88	0.870552
11.87	0.870802
11.86	0.871052
11.85	0.871302
11.84	0.871553
11.83	0.871805
11.82	0.872057
11.81	0.87231
11.8	0.872563
11.79	0.872816
11.78	0.873071
11.77	0.873326
11.76	0.873581
11.75	0.873837
11.74	0.874094
11.73	0.874351
11.72	0.874608
11.71	0.874867
11.7	0.875125
11.69	0.875385
11.68	0.875645
11.67	0.875905
11.66	0.876167
11.65	0.876428
11.64	0.876691
11.63	0.876953
11.62	0.877217
11.61	0.877481
11.6	0.877746
11.59	0.878011
11.58	0.878277
11.57	0.878543
11.56	0.87881
11.55	0.879078
11.54	0.879346
11.53	0.879615
11.52	0.879884
11.51	0.880154
11.5	0.880425
11.49	0.880696
11.48	0.880968
11.47	0.881241
11.46	0.881514
11.45	0.881787
11.44	0.882062
11.43	0.882337
11.42	0.882612
11.41	0.882889
11.4	0.883166
11.39	0.883443
11.38	0.883721
11.37	0.884
11.36	0.884279
11.35	0.884559
11.34	0.88484
11.33	0.885122
11.32	0.885404
11.31	0.885686
11.3	0.885969
11.29	0.886253
11.28	0.886538
11.27	0.886823
11.26	0.887109
11.25	0.887396
11.24	0.887683
11.23	0.887971
11.22	0.88826
11.21	0.888549
11.2	0.888839
11.19	0.88913
11.18	0.889421
11.17	0.889713
11.16	0.890006
11.15	0.890299
11.14	0.890593
11.13	0.890888
11.12	0.891183
11.11	0.89148
11.1	0.891776
11.09	0.892074
11.08	0.892372
11.07	0.892671
11.06	0.892971
11.05	0.893271
11.04	0.893573
11.03	0.893874
11.02	0.894177
11.01	0.89448
11	0.894784
10.99	0.895089
10.98	0.895394
10.97	0.895701
10.96	0.896008
10.95	0.896315
10.94	0.896624
10.93	0.896933
10.92	0.897243
10.91	0.897553
10.9	0.897865
10.89	0.898177
10.88	0.89849
10.87	0.898804
10.86	0.899118
10.85	0.899433
10.84	0.899749
10.83	0.900066
10.82	0.900383
10.81	0.900702
10.8	0.901021
10.79	0.901341
10.78	0.901661
10.77	0.901983
10.76	0.902305
10.75	0.902628
10.74	0.902952
10.73	0.903277
10.72	0.903602
10.71	0.903928
10.7	0.904255
10.69	0.904583
10.68	0.904912
10.67	0.905241
10.66	0.905572
10.65	0.905903
10.64	0.906235
10.63	0.906568
10.62	0.906901
10.61	0.907236
10.6	0.907571
10.59	0.907907
10.58	0.908244
10.57	0.908582
10.56	0.908921
10.55	0.90926
10.54	0.909601
10.53	0.909942
10.52	0.910284
10.51	0.910627
10.5	0.910971
10.49	0.911316
10.48	0.911661
10.47	0.912008
10.46	0.912355
10.45	0.912704
10.44	0.913053
10.43	0.913403
10.42	0.913754
10.41	0.914106
10.4	0.914458
10.39	0.914812
10.38	0.915167
10.37	0.915522
10.36	0.915879
10.35	0.916236
10.34	0.916594
10.33	0.916954
10.32	0.917314
10.31	0.917675
10.3	0.918037
10.29	0.9184
10.28	0.918764
10.27	0.919129
10.26	0.919495
10.25	0.919861
10.24	0.920229
10.23	0.920598
10.22	0.920968
10.21	0.921338
10.2	0.92171
10.19	0.922083
10.18	0.922456
10.17	0.922831
10.16	0.923206
10.15	0.923583
10.14	0.923961
10.13	0.924339
10.12	0.924719
10.11	0.9251
10.1	0.925481
10.09	0.925864
10.08	0.926248
10.07	0.926632
10.06	0.927018
10.05	0.927405
10.04	0.927793
10.03	0.928182
10.02	0.928572
10.01	0.928963
10	0.929355
9.99	0.929748
9.98	0.930142
9.97	0.930537
9.96	0.930934
9.95	0.931331
9.94	0.93173
9.93	0.932129
9.92	0.93253
9.91	0.932932
9.9	0.933335
9.89	0.933739
9.88	0.934144
9.87	0.93455
9.86	0.934958
9.85	0.935366
9.84	0.935776
9.83	0.936186
9.82	0.936598
9.81	0.937011
9.8	0.937426
9.79	0.937841
9.78	0.938258
9.77	0.938675
9.76	0.939094
9.75	0.939514
9.74	0.939935
9.73	0.940358
9.72	0.940781
9.71	0.941206
9.7	0.941632
9.69	0.942059
9.68	0.942488
9.67	0.942917
9.66	0.943348
9.65	0.94378
9.64	0.944213
9.63	0.944648
9.62	0.945084
9.61	0.945521
9.6	0.945959
9.59	0.946398
9.58	0.946839
9.57	0.947281
9.56	0.947725
9.55	0.948169
9.54	0.948615
9.53	0.949062
9.52	0.949511
9.51	0.94996
9.5	0.950411
9.49	0.950864
9.48	0.951318
9.47	0.951773
9.46	0.952229
9.45	0.952687
9.44	0.953146
9.43	0.953606
9.42	0.954068
9.41	0.954531
9.4	0.954995
9.39	0.955461
9.38	0.955928
9.37	0.956397
9.36	0.956867
9.35	0.957338
9.34	0.957811
9.33	0.958285
9.32	0.95876
9.31	0.959237
9.3	0.959716
9.29	0.960196
9.28	0.960677
9.27	0.96116
9.26	0.961644
9.25	0.962129
9.24	0.962617
9.23	0.963105
9.22	0.963595
9.21	0.964087
9.2	0.96458
9.19	0.965074
9.18	0.96557
9.17	0.966068
9.16	0.966567
9.15	0.967067
9.14	0.967569
9.13	0.968073
9.12	0.968578
9.11	0.969085
9.1	0.969593
9.09	0.970103
9.08	0.970615
9.07	0.971128
9.06	0.971642
9.05	0.972158
9.04	0.972676
9.03	0.973196
9.02	0.973717
9.01	0.974239
9	0.974764
8.99	0.97529
8.98	0.975817
8.97	0.976346
8.96	0.976877
8.95	0.97741
8.94	0.977944
8.93	0.97848
8.92	0.979018
8.91	0.979557
8.9	0.980098
8.89	0.980641
8.88	0.981185
8.87	0.981731
8.86	0.982279
8.85	0.982829
8.84	0.983381
8.83	0.983934
8.82	0.984489
8.81	0.985046
8.8	0.985604
8.79	0.986165
8.78	0.986727
8.77	0.987291
8.76	0.987857
8.75	0.988424
8.74	0.988994
8.73	0.989565
8.72	0.990139
8.71	0.990714
8.7	0.991291
8.69	0.99187
8.68	0.992451
8.67	0.993033
8.66	0.993618
8.65	0.994205
8.64	0.994793
8.63	0.995384
8.62	0.995976
8.61	0.99657
8.6	0.997167
8.59	0.997765
8.58	0.998365
8.57	0.998968
8.56	0.999572
8.55	1.00018
8.54	1.00079
8.53	1.0014
8.52	1.00201
8.51	1.00262
8.5	1.00324
8.49	1.00386
8.48	1.00448
8.47	1.0051
8.46	1.00573
8.45	1.00636
8.44	1.00699
8.43	1.00762
8.42	1.00825
8.41	1.00889
8.4	1.00952
8.39	1.01016
8.38	1.01081
8.37	1.01145
8.36	1.0121
8.35	1.01275
8.34	1.0134
8.33	1.01405
8.32	1.01471
8.31	1.01537
8.3	1.01603
8.29	1.01669
8.28	1.01736
8.27	1.01802
8.26	1.01869
8.25	1.01937
8.24	1.02004
8.23	1.02072
8.22	1.0214
8.21	1.02208
8.2	1.02276
8.19	1.02345
8.18	1.02414
8.17	1.02483
8.16	1.02552
8.15	1.02622
8.14	1.02692
8.13	1.02762
8.12	1.02832
8.11	1.02903
8.1	1.02974
8.09	1.03045
8.08	1.03117
8.07	1.03188
8.06	1.0326
8.05	1.03333
8.04	1.03405
8.03	1.03478
8.02	1.03551
8.01	1.03624
8	1.03698
7.99	1.03771
7.98	1.03845
7.97	1.0392
7.96	1.03994
7.95	1.04069
7.94	1.04145
7.93	1.0422
7.92	1.04296
7.91	1.04372
7.9	1.04448
7.89	1.04525
7.88	1.04602
7.87	1.04679
7.86	1.04756
7.85	1.04834
7.84	1.04912
7.83	1.04991
7.82	1.05069
7.81	1.05148
7.8	1.05228
7.79	1.05307
7.78	1.05387
7.77	1.05467
7.76	1.05548
7.75	1.05629
7.74	1.0571
7.73	1.05791
7.72	1.05873
7.71	1.05955
7.7	1.06037
7.69	1.0612
7.68	1.06203
7.67	1.06286
7.66	1.0637
7.65	1.06454
7.64	1.06538
7.63	1.06623
7.62	1.06708
7.61	1.06793
7.6	1.06879
7.59	1.06965
7.58	1.07051
7.57	1.07138
7.56	1.07225
7.55	1.07313
7.54	1.074
7.53	1.07488
7.52	1.07577
7.51	1.07666
7.5	1.07755
7.49	1.07844
7.48	1.07934
7.47	1.08025
7.46	1.08115
7.45	1.08206
7.44	1.08298
7.43	1.08389
7.42	1.08481
7.41	1.08574
7.4	1.08667
7.39	1.0876
7.38	1.08854
7.37	1.08948
7.36	1.09042
7.35	1.09137
7.34	1.09232
7.33	1.09328
7.32	1.09424
7.31	1.0952
7.3	1.09617
7.29	1.09714
7.28	1.09812
7.27	1.0991
7.26	1.10008
7.25	1.10107
7.24	1.10207
7.23	1.10306
7.22	1.10407
7.21	1.10507
7.2	1.10608
7.19	1.1071
7.18	1.10811
7.17	1.10914
7.16	1.11017
7.15	1.1112
7.14	1.11223
7.13	1.11328
7.12	1.11432
7.11	1.11537
7.1	1.11643
7.09	1.11749
7.08	1.11855
7.07	1.11962
7.06	1.12069
7.05	1.12177
7.04	1.12285
7.03	1.12394
7.02	1.12504
7.01	1.12613
7	1.12724
6.99	1.12834
6.98	1.12946
6.97	1.13057
6.96	1.1317
6.95	1.13282
6.94	1.13396
6.93	1.13509
6.92	1.13624
6.91	1.13739
6.9	1.13854
6.89	1.1397
6.88	1.14086
6.87	1.14203
6.86	1.14321
6.85	1.14439
6.84	1.14557
6.83	1.14676
6.82	1.14796
6.81	1.14916
6.8	1.15037
6.79	1.15159
6.78	1.1528
6.77	1.15403
6.76	1.15526
6.75	1.1565
6.74	1.15774
6.73	1.15899
6.72	1.16024
6.71	1.1615
6.7	1.16277
6.69	1.16404
6.68	1.16532
6.67	1.16661
6.66	1.1679
6.65	1.1692
6.64	1.1705
6.63	1.17181
6.62	1.17312
6.61	1.17445
6.6	1.17578
6.59	1.17711
6.58	1.17845
6.57	1.1798
6.56	1.18116
6.55	1.18252
6.54	1.18389
6.53	1.18527
6.52	1.18665
6.51	1.18804
6.5	1.18944
6.49	1.19084
6.48	1.19225
6.47	1.19367
6.46	1.19509
6.45	1.19652
6.44	1.19796
6.43	1.19941
6.42	1.20087
6.41	1.20233
6.4	1.2038
6.39	1.20527
6.38	1.20676
6.37	1.20825
6.36	1.20975
6.35	1.21126
6.34	1.21277
6.33	1.2143
6.32	1.21583
6.31	1.21737
6.3	1.21891
6.29	1.22047
6.28	1.22203
6.27	1.2236
6.26	1.22519
6.25	1.22677
6.24	1.22837
6.23	1.22998
6.22	1.23159
6.21	1.23322
6.2	1.23485
6.19	1.23649
6.18	1.23814
6.17	1.2398
6.16	1.24146
6.15	1.24314
6.14	1.24483
6.13	1.24652
6.12	1.24823
6.11	1.24994
6.1	1.25166
6.09	1.2534
6.08	1.25514
6.07	1.25689
6.06	1.25866
6.05	1.26043
6.04	1.26221
6.03	1.264
6.02	1.26581
6.01	1.26762
6	1.26944
5.99	1.27127
5.98	1.27312
5.97	1.27497
5.96	1.27684
5.95	1.27871
5.94	1.2806
5.93	1.2825
5.92	1.28441
5.91	1.28633
5.9	1.28826
5.89	1.2902
5.88	1.29215
5.87	1.29412
5.86	1.2961
5.85	1.29808
5.84	1.30008
5.83	1.3021
5.82	1.30412
5.81	1.30616
5.8	1.30821
5.79	1.31027
5.78	1.31234
5.77	1.31443
5.76	1.31653
5.75	1.31864
5.74	1.32076
5.73	1.3229
5.72	1.32505
5.71	1.32722
5.7	1.32939
5.69	1.33159
5.68	1.33379
5.67	1.33601
5.66	1.33824
5.65	1.34049
5.64	1.34275
5.63	1.34502
5.62	1.34731
5.61	1.34962
5.6	1.35193
5.59	1.35427
5.58	1.35662
5.57	1.35898
5.56	1.36136
5.55	1.36375
5.54	1.36616
5.53	1.36859
5.52	1.37103
5.51	1.37349
5.5	1.37596
5.49	1.37845
5.48	1.38095
5.47	1.38348
5.46	1.38602
5.45	1.38857
5.44	1.39115
5.43	1.39374
5.42	1.39635
5.41	1.39897
5.4	1.40162
5.39	1.40428
5.38	1.40696
5.37	1.40966
5.36	1.41238
5.35	1.41511
5.34	1.41787
5.33	1.42064
5.32	1.42343
5.31	1.42625
5.3	1.42908
5.29	1.43193
5.28	1.4348
5.27	1.4377
5.26	1.44061
5.25	1.44354
5.24	1.4465
5.23	1.44948
5.22	1.45247
5.21	1.45549
5.2	1.45854
5.19	1.4616
5.18	1.46469
5.17	1.46779
5.16	1.47093
5.15	1.47408
5.14	1.47726
5.13	1.48046
5.12	1.48369
5.11	1.48694
5.1	1.49021
5.09	1.49351
5.08	1.49683
5.07	1.50018
5.06	1.50356
5.05	1.50696
5.04	1.51038
5.03	1.51384
5.02	1.51732
5.01	1.52082
5	1.52436
4.99	1.52792
4.98	1.53151
4.97	1.53513
4.96	1.53877
4.95	1.54245
4.94	1.54615
4.93	1.54989
4.92	1.55365
4.91	1.55745
4.9	1.56127
4.89	1.56513
4.88	1.56902
4.87	1.57294
4.86	1.57689
4.85	1.58087
4.84	1.58489
4.83	1.58894
4.82	1.59303
4.81	1.59715
4.8	1.6013
4.79	1.60549
4.78	1.60971
4.77	1.61397
4.76	1.61827
4.75	1.6226
4.74	1.62698
4.73	1.63139
4.72	1.63583
4.71	1.64032
4.7	1.64485
4.69	1.64941
4.68	1.65402
4.67	1.65866
4.66	1.66335
4.65	1.66808
4.64	1.67286
4.63	1.67767
4.62	1.68253
4.61	1.68744
4.6	1.69238
4.59	1.69738
4.58	1.70242
4.57	1.70751
4.56	1.71264
4.55	1.71783
4.54	1.72306
4.53	1.72834
4.52	1.73367
4.51	1.73905
4.5	1.74449
4.49	1.74997
4.48	1.75551
4.47	1.7611
4.46	1.76675
4.45	1.77245
4.44	1.77821
4.43	1.78403
4.42	1.7899
4.41	1.79584
4.4	1.80183
4.39	1.80788
4.38	1.814
4.37	1.82017
4.36	1.82642
4.35	1.83272
4.34	1.83909
4.33	1.84553
4.32	1.85203
4.31	1.8586
4.3	1.86524
4.29	1.87196
4.28	1.87874
4.27	1.8856
4.26	1.89253
4.25	1.89953
4.24	1.90662
4.23	1.91378
4.22	1.92102
4.21	1.92834
4.2	1.93574
4.19	1.94322
4.18	1.95079
4.17	1.95845
4.16	1.96619
4.15	1.97402
4.14	1.98194
4.13	1.98995
4.12	1.99806
4.11	2.00627
4.1	2.01456
4.09	2.02296
4.08	2.03146
4.07	2.04006
4.06	2.04877
4.05	2.05758
4.04	2.0665
4.03	2.07553
4.02	2.08467
4.01	2.09393
4	2.1033
3.99	2.1128
3.98	2.12241
3.97	2.13215
3.96	2.14201
3.95	2.152
3.94	2.16212
3.93	2.17238
3.92	2.18277
3.91	2.1933
3.9	2.20397
3.89	2.21479
3.88	2.22575
3.87	2.23687
3.86	2.24814
3.85	2.25957
3.84	2.27116
3.83	2.28291
3.82	2.29484
3.81	2.30693
3.8	2.3192
3.79	2.33165
3.78	2.34428
3.77	2.3571
3.76	2.37012
3.75	2.38333
3.74	2.39674
3.73	2.41036
3.72	2.42419
3.71	2.43824
3.7	2.45251
3.69	2.467
3.68	2.48173
3.67	2.4967
3.66	2.51192
3.65	2.52738
3.64	2.54311
3.63	2.5591
3.62	2.57536
3.61	2.59191
3.6	2.60874
3.59	2.62586
3.58	2.64329
3.57	2.66103
3.56	2.6791
3.55	2.69749
3.54	2.71623
3.53	2.73532
3.52	2.75477
3.51	2.77459
3.5	2.7948
3.49	2.8154
3.48	2.83642
3.47	2.85786
3.46	2.87973
3.45	2.90206
3.44	2.92486
3.43	2.94814
3.42	2.97192
3.41	2.99622
3.4	3.02106
3.39	3.04645
3.38	3.07243
3.37	3.09901
3.36	3.12621
3.35	3.15406
3.34	3.18259
3.33	3.21183
3.32	3.24179
3.31	3.27253
3.3	3.30406
3.29	3.33643
3.28	3.36968
3.27	3.40384
3.26	3.43896
3.25	3.47508
3.24	3.51227
3.23	3.55057
3.22	3.59004
3.21	3.63074
3.2	3.67275
3.19	3.71614
3.18	3.76099
3.17	3.80739
3.16	3.85543
3.15	3.90524
3.14	3.95691
3.13	4.01059
3.12	4.06641
3.11	4.12453
3.1	4.18514
3.09	4.24843
3.08	4.31462
3.07	4.38397
3.06	4.45677
3.05	4.53335
3.04	4.61408
3.03	4.6994
3.02	4.78983
3.01	4.88596
3	4.98851
2.99	5.09834
2.98	5.2165
2.97	5.34426
2.96	5.48323
2.95	5.63547
2.94	5.80364
2.93	5.99129
2.92	6.20333
2.91	6.44679
2.9	6.73226
2.89	7.07678
2.88	7.51049
2.87	8.0948
2.86	8.98999
2.85	10.9637
-2.85	10.9637
-2.86	8.98999
-2.87	8.0948
-2.88	7.51049
-2.89	7.07678
-2.9	6.73226
-2.91	6.44679
-2.92	6.20333
-2.93	5.99129
-2.94	5.80364
-2.95	5.63547
-2.96	5.48323
-2.97	5.34426
-2.98	5.2165
-2.99	5.09834
-3	4.98851
-3.01	4.88596
-3.02	4.78983
-3.03	4.6994
-3.04	4.61408
-3.05	4.53335
-3.06	4.45677
-3.07	4.38397
-3.08	4.31462
-3.09	4.24843
-3.1	4.18514
-3.11	4.12453
-3.12	4.06641
-3.13	4.01059
-3.14	3.95691
-3.15	3.90524
-3.16	3.85543
-3.17	3.80739
-3.18	3.76099
-3.19	3.71614
-3.2	3.67275
-3.21	3.63074
-3.22	3.59004
-3.23	3.55057
-3.24	3.51227
-3.25	3.47508
-3.26	3.43896
-3.27	3.40384
-3.28	3.36968
-3.29	3.33643
-3.3	3.30406
-3.31	3.27253
-3.32	3.24179
-3.33	3.21183
-3.34	3.18259
-3.35	3.15406
-3.36	3.12621
-3.37	3.09901
-3.38	3.07243
-3.39	3.04645
-3.4	3.02106
-3.41	2.99622
-3.42	2.97192
-3.43	2.94814
-3.44	2.92486
-3.45	2.90206
-3.46	2.87973
-3.47	2.85786
-3.48	2.83642
-3.49	2.8154
-3.5	2.7948
-3.51	2.77459
-3.52	2.75477
-3.53	2.73532
-3.54	2.71623
-3.55	2.69749
-3.56	2.6791
-3.57	2.66103
-3.58	2.64329
-3.59	2.62586
-3.6	2.60874
-3.61	2.59191
-3.62	2.57536
-3.63	2.5591
-3.64	2.54311
-3.65	2.52738
-3.66	2.51192
-3.67	2.4967
-3.68	2.48173
-3.69	2.467
-3.7	2.45251
-3.71	2.43824
-3.72	2.42419
-3.73	2.41036
-3.74	2.39674
-3.75	2.38333
-3.76	2.37012
-3.77	2.3571
-3.78	2.34428
-3.79	2.33165
-3.8	2.3192
-3.81	2.30693
-3.82	2.29484
-3.83	2.28291
-3.84	2.27116
-3.85	2.25957
-3.86	2.24814
-3.87	2.23687
-3.88	2.22575
-3.89	2.21479
-3.9	2.20397
-3.91	2.1933
-3.92	2.18277
-3.93	2.17238
-3.94	2.16212
-3.95	2.152
-3.96	2.14201
-3.97	2.13215
-3.98	2.12241
-3.99	2.1128
-4	2.1033
-4.01	2.09393
-4.02	2.08467
-4.03	2.07553
-4.04	2.0665
-4.05	2.05758
-4.06	2.04877
-4.07	2.04006
-4.08	2.03146
-4.09	2.02296
-4.1	2.01456
-4.11	2.00627
-4.12	1.99806
-4.13	1.98995
-4.14	1.98194
-4.15	1.97402
-4.16	1.96619
-4.17	1.95845
-4.18	1.95079
-4.19	1.94322
-4.2	1.93574
-4.21	1.92834
-4.22	1.92102
-4.23	1.91378
-4.24	1.90662
-4.25	1.89953
-4.26	1.89253
-4.27	1.8856
-4.28	1.87874
-4.29	1.87196
-4.3	1.86524
-4.31	1.8586
-4.32	1.85203
-4.33	1.84553
-4.34	1.83909
-4.35	1.83272
-4.36	1.82642
-4.37	1.82017
-4.38	1.814
-4.39	1.80788
-4.4	1.80183
-4.41	1.79584
-4.42	1.7899
-4.43	1.78403
-4.44	1.77821
-4.45	1.77245
-4.46	1.76675
-4.47	1.7611
-4.48	1.75551
-4.49	1.74997
-4.5	1.74449
-4.51	1.73905
-4.52	1.73367
-4.53	1.72834
-4.54	1.72306
-4.55	1.71783
-4.56	1.71264
-4.57	1.70751
-4.58	1.70242
-4.59	1.69738
-4.6	1.69238
-4.61	1.68744
-4.62	1.68253
-4.63	1.67767
-4.64	1.67286
-4.65	1.66808
-4.66	1.66335
-4.67	1.65866
-4.68	1.65402
-4.69	1.64941
-4.7	1.64485
-4.71	1.64032
-4.72	1.63583
-4.73	1.63139
-4.74	1.62698
-4.75	1.6226
-4.76	1.61827
-4.77	1.61397
-4.78	1.60971
-4.79	1.60549
-4.8	1.6013
-4.81	1.59715
-4.82	1.59303
-4.83	1.58894
-4.84	1.58489
-4.85	1.58087
-4.86	1.57689
-4.87	1.57294
-4.88	1.56902
-4.89	1.56513
-4.9	1.56127
-4.91	1.55745
-4.92	1.55365
-4.93	1.54989
-4.94	1.54615
-4.95	1.54245
-4.96	1.53877
-4.97	1.53513
-4.98	1.53151
-4.99	1.52792
-5	1.52436
-5.01	1.52082
-5.02	1.51732
-5.03	1.51384
-5.04	1.51038
-5.05	1.50696
-5.06	1.50356
-5.07	1.50018
-5.08	1.49683
-5.09	1.49351
-5.1	1.49021
-5.11	1.48694
-5.12	1.48369
-5.13	1.48046
-5.14	1.47726
-5.15	1.47408
-5.16	1.47093
-5.17	1.46779
-5.18	1.46469
-5.19	1.4616
-5.2	1.45854
-5.21	1.45549
-5.22	1.45247
-5.23	1.44948
-5.24	1.4465
-5.25	1.44354
-5.26	1.44061
-5.27	1.4377
-5.28	1.4348
-5.29	1.43193
-5.3	1.42908
-5.31	1.42625
-5.32	1.42343
-5.33	1.42064
-5.34	1.41787
-5.35	1.41511
-5.36	1.41238
-5.37	1.40966
-5.38	1.40696
-5.39	1.40428
-5.4	1.40162
-5.41	1.39897
-5.42	1.39635
-5.43	1.39374
-5.44	1.39115
-5.45	1.38857
-5.46	1.38602
-5.47	1.38348
-5.48	1.38095
-5.49	1.37845
-5.5	1.37596
-5.51	1.37349
-5.52	1.37103
-5.53	1.36859
-5.54	1.36616
-5.55	1.36375
-5.56	1.36136
-5.57	1.35898
-5.58	1.35662
-5.59	1.35427
-5.6	1.35193
-5.61	1.34962
-5.62	1.34731
-5.63	1.34502
-5.64	1.34275
-5.65	1.34049
-5.66	1.33824
-5.67	1.33601
-5.68	1.33379
-5.69	1.33159
-5.7	1.32939
-5.71	1.32722
-5.72	1.32505
-5.73	1.3229
-5.74	1.32076
-5.75	1.31864
-5.76	1.31653
-5.77	1.31443
-5.78	1.31234
-5.79	1.31027
-5.8	1.30821
-5.81	1.30616
-5.82	1.30412
-5.83	1.3021
-5.84	1.30008
-5.85	1.29808
-5.86	1.2961
-5.87	1.29412
-5.88	1.29215
-5.89	1.2902
-5.9	1.28826
-5.91	1.28633
-5.92	1.28441
-5.93	1.2825
-5.94	1.2806
-5.95	1.27871
-5.96	1.27684
-5.97	1.27497
-5.98	1.27312
-5.99	1.27127
-6	1.26944
-6.01	1.26762
-6.02	1.26581
-6.03	1.264
-6.04	1.26221
-6.05	1.26043
-6.06	1.25866
-6.07	1.25689
-6.08	1.25514
-6.09	1.2534
-6.1	1.25166
-6.11	1.24994
-6.12	1.24823
-6.13	1.24652
-6.14	1.24483
-6.15	1.24314
-6.16	1.24146
-6.17	1.2398
-6.18	1.23814
-6.19	1.23649
-6.2	1.23485
-6.21	1.23322
-6.22	1.23159
-6.23	1.22998
-6.24	1.22837
-6.25	1.22677
-6.26	1.22519
-6.27	1.2236
-6.28	1.22203
-6.29	1.22047
-6.3	1.21891
-6.31	1.21737
-6.32	1.21583
-6.33	1.2143
-6.34	1.21277
-6.35	1.21126
-6.36	1.20975
-6.37	1.20825
-6.38	1.20676
-6.39	1.20527
-6.4	1.2038
-6.41	1.20233
-6.42	1.20087
-6.43	1.19941
-6.44	1.19796
-6.45	1.19652
-6.46	1.19509
-6.47	1.19367
-6.48	1.19225
-6.49	1.19084
-6.5	1.18944
-6.51	1.18804
-6.52	1.18665
-6.53	1.18527
-6.54	1.18389
-6.55	1.18252
-6.56	1.18116
-6.57	1.1798
-6.58	1.17845
-6.59	1.17711
-6.6	1.17578
-6.61	1.17445
-6.62	1.17312
-6.63	1.17181
-6.64	1.1705
-6.65	1.1692
-6.66	1.1679
-6.67	1.16661
-6.68	1.16532
-6.69	1.16404
-6.7	1.16277
-6.71	1.1615
-6.72	1.16024
-6.73	1.15899
-6.74	1.15774
-6.75	1.1565
-6.76	1.15526
-6.77	1.15403
-6.78	1.1528
-6.79	1.15159
-6.8	1.15037
-6.81	1.14916
-6.82	1.14796
-6.83	1.14676
-6.84	1.14557
-6.85	1.14439
-6.86	1.14321
-6.87	1.14203
-6.88	1.14086
-6.89	1.1397
-6.9	1.13854
-6.91	1.13739
-6.92	1.13624
-6.93	1.13509
-6.94	1.13396
-6.95	1.13282
-6.96	1.1317
-6.97	1.13057
-6.98	1.12946
-6.99	1.12834
-7	1.12724
-7.01	1.12613
-7.02	1.12504
-7.03	1.12394
-7.04	1.12285
-7.05	1.12177
-7.06	1.12069
-7.07	1.11962
-7.08	1.11855
-7.09	1.11749
-7.1	1.11643
-7.11	1.11537
-7.12	1.11432
-7.13	1.11328
-7.14	1.11223
-7.15	1.1112
-7.16	1.11017
-7.17	1.10914
-7.18	1.10811
-7.19	1.1071
-7.2	1.10608
-7.21	1.10507
-7.22	1.10407
-7.23	1.10306
-7.24	1.10207
-7.25	1.10107
-7.26	1.10008
-7.27	1.0991
-7.28	1.09812
-7.29	1.09714
-7.3	1.09617
-7.31	1.0952
-7.32	1.09424
-7.33	1.09328
-7.34	1.09232
-7.35	1.09137
-7.36	1.09042
-7.37	1.08948
-7.38	1.08854
-7.39	1.0876
-7.4	1.08667
-7.41	1.08574
-7.42	1.08481
-7.43	1.08389
-7.44	1.08298
-7.45	1.08206
-7.46	1.08115
-7.47	1.08025
-7.48	1.07934
-7.49	1.07844
-7.5	1.07755
-7.51	1.07666
-7.52	1.07577
-7.53	1.07488
-7.54	1.074
-7.55	1.07313
-7.56	1.07225
-7.57	1.07138
-7.58	1.07051
-7.59	1.06965
-7.6	1.06879
-7.61	1.06793
-7.62	1.06708
-7.63	1.06623
-7.64	1.06538
-7.65	1.06454
-7.66	1.0637
-7.67	1.06286
-7.68	1.06203
-7.69	1.0612
-7.7	1.06037
-7.71	1.05955
-7.72	1.05873
-7.73	1.05791
-7.74	1.0571
-7.75	1.05629
-7.76	1.05548
-7.77	1.05467
-7.78	1.05387
-7.79	1.05307
-7.8	1.05228
-7.81	1.05148
-7.82	1.05069
-7.83	1.04991
-7.84	1.04912
-7.85	1.04834
-7.86	1.04756
-7.87	1.04679
-7.88	1.04602
-7.89	1.04525
-7.9	1.04448
-7.91	1.04372
-7.92	1.04296
-7.93	1.0422
-7.94	1.04145
-7.95	1.04069
-7.96	1.03994
-7.97	1.0392
-7.98	1.03845
-7.99	1.03771
-8	1.03698
-8.01	1.03624
-8.02	1.03551
-8.03	1.03478
-8.04	1.03405
-8.05	1.03333
-8.06	1.0326
-8.07	1.03188
-8.08	1.03117
-8.09	1.03045
-8.1	1.02974
-8.11	1.02903
-8.12	1.02832
-8.13	1.02762
-8.14	1.02692
-8.15	1.02622
-8.16	1.02552
-8.17	1.02483
-8.18	1.02414
-8.19	1.02345
-8.2	1.02276
-8.21	1.02208
-8.22	1.0214
-8.23	1.02072
-8.24	1.02004
-8.25	1.01937
-8.26	1.01869
-8.27	1.01802
-8.28	1.01736
-8.29	1.01669
-8.3	1.01603
-8.31	1.01537
-8.32	1.01471
-8.33	1.01405
-8.34	1.0134
-8.35	1.01275
-8.36	1.0121
-8.37	1.01145
-8.38	1.01081
-8.39	1.01016
-8.4	1.00952
-8.41	1.00889
-8.42	1.00825
-8.43	1.00762
-8.44	1.00699
-8.45	1.00636
-8.46	1.00573
-8.47	1.0051
-8.48	1.00448
-8.49	1.00386
-8.5	1.00324
-8.51	1.00262
-8.52	1.00201
-8.53	1.0014
-8.54	1.00079
-8.55	1.00018
-8.56	0.999572
-8.57	0.998968
-8.58	0.998365
-8.59	0.997765
-8.6	0.997167
-8.61	0.99657
-8.62	0.995976
-8.63	0.995384
-8.64	0.994793
-8.65	0.994205
-8.66	0.993618
-8.67	0.993033
-8.68	0.992451
-8.69	0.99187
-8.7	0.991291
-8.71	0.990714
-8.72	0.990139
-8.73	0.989565
-8.74	0.988994
-8.75	0.988424
-8.76	0.987857
-8.77	0.987291
-8.78	0.986727
-8.79	0.986165
-8.8	0.985604
-8.81	0.985046
-8.82	0.984489
-8.83	0.983934
-8.84	0.983381
-8.85	0.982829
-8.86	0.982279
-8.87	0.981731
-8.88	0.981185
-8.89	0.980641
-8.9	0.980098
-8.91	0.979557
-8.92	0.979018
-8.93	0.97848
-8.94	0.977944
-8.95	0.97741
-8.96	0.976877
-8.97	0.976346
-8.98	0.975817
-8.99	0.97529
-9	0.974764
-9.01	0.974239
-9.02	0.973717
-9.03	0.973196
-9.04	0.972676
-9.05	0.972158
-9.06	0.971642
-9.07	0.971128
-9.08	0.970615
-9.09	0.970103
-9.1	0.969593
-9.11	0.969085
-9.12	0.968578
-9.13	0.968073
-9.14	0.967569
-9.15	0.967067
-9.16	0.966567
-9.17	0.966068
-9.18	0.96557
-9.19	0.965074
-9.2	0.96458
-9.21	0.964087
-9.22	0.963595
-9.23	0.963105
-9.24	0.962617
-9.25	0.962129
-9.26	0.961644
-9.27	0.96116
-9.28	0.960677
-9.29	0.960196
-9.3	0.959716
-9.31	0.959237
-9.32	0.95876
-9.33	0.958285
-9.34	0.957811
-9.35	0.957338
-9.36	0.956867
-9.37	0.956397
-9.38	0.955928
-9.39	0.955461
-9.4	0.954995
-9.41	0.954531
-9.42	0.954068
-9.43	0.953606
-9.44	0.953146
-9.45	0.952687
-9.46	0.952229
-9.47	0.951773
-9.48	0.951318
-9.49	0.950864
-9.5	0.950411
-9.51	0.94996
-9.52	0.949511
-9.53	0.949062
-9.54	0.948615
-9.55	0.948169
-9.56	0.947725
-9.57	0.947281
-9.58	0.946839
-9.59	0.946398
-9.6	0.945959
-9.61	0.945521
-9.62	0.945084
-9.63	0.944648
-9.64	0.944213
-9.65	0.94378
-9.66	0.943348
-9.67	0.942917
-9.68	0.942488
-9.69	0.942059
-9.7	0.941632
-9.71	0.941206
-9.72	0.940781
-9.73	0.940358
-9.74	0.939935
-9.75	0.939514
-9.76	0.939094
-9.77	0.938675
-9.78	0.938258
-9.79	0.937841
-9.8	0.937426
-9.81	0.937011
-9.82	0.936598
-9.83	0.936186
-9.84	0.935776
-9.85	0.935366
-9.86	0.934958
-9.87	0.93455
-9.88	0.934144
-9.89	0.933739
-9.9	0.933335
-9.91	0.932932
-9.92	0.93253
-9.93	0.932129
-9.94	0.93173
-9.95	0.931331
-9.96	0.930934
-9.97	0.930537
-9.98	0.930142
-9.99	0.929748
-10	0.929355
-10.01	0.928963
-10.02	0.928572
-10.03	0.928182
-10.04	0.927793
-10.05	0.927405
-10.06	0.927018
-10.07	0.926632
-10.08	0.926248
-10.09	0.925864
-10.1	0.925481
-10.11	0.9251
-10.12	0.924719
-10.13	0.924339
-10.14	0.923961
-10.15	0.923583
-10.16	0.923206
-10.17	0.922831
-10.18	0.922456
-10.19	0.922083
-10.2	0.92171
-10.21	0.921338
-10.22	0.920968
-10.23	0.920598
-10.24	0.920229
-10.25	0.919861
-10.26	0.919495
-10.27	0.919129
-10.28	0.918764
-10.29	0.9184
-10.3	0.918037
-10.31	0.917675
-10.32	0.917314
-10.33	0.916954
-10.34	0.916594
-10.35	0.916236
-10.36	0.915879
-10.37	0.915522
-10.38	0.915167
-10.39	0.914812
-10.4	0.914458
-10.41	0.914106
-10.42	0.913754
-10.43	0.913403
-10.44	0.913053
-10.45	0.912704
-10.46	0.912355
-10.47	0.912008
-10.48	0.911661
-10.49	0.911316
-10.5	0.910971
-10.51	0.910627
-10.52	0.910284
-10.53	0.909942
-10.54	0.909601
-10.55	0.90926
-10.56	0.908921
-10.57	0.908582
-10.58	0.908244
-10.59	0.907907
-10.6	0.907571
-10.61	0.907236
-10.62	0.906901
-10.63	0.906568
-10.64	0.906235
-10.65	0.905903
-10.66	0.905572
-10.67	0.905241
-10.68	0.904912
-10.69	0.904583
-10.7	0.904255
-10.71	0.903928
-10.72	0.903602
-10.73	0.903277
-10.74	0.902952
-10.75	0.902628
-10.76	0.902305
-10.77	0.901983
-10.78	0.901661
-10.79	0.901341
-10.8	0.901021
-10.81	0.900702
-10.82	0.900383
-10.83	0.900066
-10.84	0.899749
-10.85	0.899433
-10.86	0.899118
-10.87	0.898804
-10.88	0.89849
-10.89	0.898177
-10.9	0.897865
-10.91	0.897553
-10.92	0.897243
-10.93	0.896933
-10.94	0.896624
-10.95	0.896315
-10.96	0.896008
-10.97	0.895701
-10.98	0.895394
-10.99	0.895089
-11	0.894784
-11.01	0.89448
-11.02	0.894177
-11.03	0.893874
-11.04	0.893573
-11.05	0.893271
-11.06	0.892971
-11.07	0.892671
-11.08	0.892372
-11.09	0.892074
-11.1	0.891776
-11.11	0.89148
-11.12	0.891183
-11.13	0.890888
-11.14	0.890593
-11.15	0.890299
-11.16	0.890006
-11.17	0.889713
-11.18	0.889421
-11.19	0.88913
-11.2	0.888839
-11.21	0.888549
-11.22	0.88826
-11.23	0.887971
-11.24	0.887683
-11.25	0.887396
-11.26	0.887109
-11.27	0.886823
-11.28	0.886538
-11.29	0.886253
-11.3	0.885969
-11.31	0.885686
-11.32	0.885404
-11.33	0.885122
-11.34	0.88484
-11.35	0.884559
-11.36	0.884279
-11.37	0.884
-11.38	0.883721
-11.39	0.883443
-11.4	0.883166
-11.41	0.882889
-11.42	0.882612
-11.43	0.882337
-11.44	0.882062
-11.45	0.881787
-11.46	0.881514
-11.47	0.881241
-11.48	0.880968
-11.49	0.880696
-11.5	0.880425
-11.51	0.880154
-11.52	0.879884
-11.53	0.879615
-11.54	0.879346
-11.55	0.879078
-11.56	0.87881
-11.57	0.878543
-11.58	0.878277
-11.59	0.878011
-11.6	0.877746
-11.61	0.877481
-11.62	0.877217
-11.63	0.876953
-11.64	0.876691
-11.65	0.876428
-11.66	0.876167
-11.67	0.875905
-11.68	0.875645
-11.69	0.875385
-11.7	0.875125
-11.71	0.874867
-11.72	0.874608
-11.73	0.874351
-11.74	0.874094
-11.75	0.873837
-11.76	0.873581
-11.77	0.873326
-11.78	0.873071
-11.79	0.872816
-11.8	0.872563
-11.81	0.87231
-11.82	0.872057
-11.83	0.871805
-11.84	0.871553
-11.85	0.871302
-11.86	0.871052
-11.87	0.870802
-11.88	0.870552
-11.89	0.870304
-11.9	0.870055
-11.91	0.869808
-11.92	0.86956
-11.93	0.869314
-11.94	0.869068
-11.95	0.868822
-11.96	0.868577
-11.97	0.868332
-11.98	0.868088
-11.99	0.867845
-12	0.867602
-12.01	0.867359
-12.02	0.867117
-12.03	0.866876
-12.04	0.866635
-12.05	0.866394
-12.06	0.866155
-12.07	0.865915
-12.08	0.865676
-12.09	0.865438
-12.1	0.8652
-12.11	0.864963
-12.12	0.864726
-12.13	0.864489
-12.14	0.864254
-12.15	0.864018
-12.16	0.863783
-12.17	0.863549
-12.18	0.863315
-12.19	0.863082
-12.2	0.862849
-12.21	0.862616
-12.22	0.862384
-12.23	0.862153
-12.24	0.861922
-12.25	0.861691
-12.26	0.861461
-12.27	0.861232
-12.28	0.861003
-12.29	0.860774
-12.3	0.860546
-12.31	0.860319
-12.32	0.860091
-12.33	0.859865
-12.34	0.859638
-12.35	0.859413
-12.36	0.859187
-12.37	0.858963
-12.38	0.858738
-12.39	0.858514
-12.4	0.858291
-12.41	0.858068
-12.42	0.857845
-12.43	0.857623
-12.44	0.857402
-12.45	0.857181
-12.46	0.85696
-12.47	0.85674
-12.48	0.85652
-12.49	0.8563
-12.5	0.856082
-12.51	0.855863
-12.52	0.855645
-12.53	0.855428
-12.54	0.85521
-12.55	0.854994
-12.56	0.854777
-12.57	0.854562
-12.58	0.854346
-12.59	0.854131
-12.6	0.853917
-12.61	0.853703
-12.62	0.853489
-12.63	0.853276
-12.64	0.853063
-12.65	0.852851
-12.66	0.852639
-12.67	0.852427
-12.68	0.852216
-12.69	0.852005
-12.7	0.851795
-12.71	0.851585
-12.72	0.851376
-12.73	0.851167
-12.74	0.850958
-12.75	0.85075
-12.76	0.850542
-12.77	0.850335
-12.78	0.850128
-12.79	0.849921
-12.8	0.849715
-12.81	0.849509
-12.82	0.849304
-12.83	0.849099
-12.84	0.848895
-12.85	0.848691
-12.86	0.848487
-12.87	0.848284
-12.88	0.848081
-12.89	0.847878
-12.9	0.847676
-12.91	0.847474
-12.92	0.847273
-12.93	0.847072
-12.94	0.846872
-12.95	0.846671
-12.96	0.846472
-12.97	0.846272
-12.98	0.846073
-12.99	0.845875
-13	0.845676
-13.01	0.845479
-13.02	0.845281
-13.03	0.845084
-13.04	0.844887
-13.05	0.844691
-13.06	0.844495
-13.07	0.8443
-13.08	0.844104
-13.09	0.84391
-13.1	0.843715
-13.11	0.843521
-13.12	0.843327
-13.13	0.843134
-13.14	0.842941
-13.15	0.842749
-13.16	0.842556
-13.17	0.842364
-13.18	0.842173
-13.19	0.841982
-13.2	0.841791
-13.21	0.841601
-13.22	0.841411
-13.23	0.841221
-13.24	0.841032
-13.25	0.840843
-13.26	0.840654
-13.27	0.840466
-13.28	0.840278
-13.29	0.840091
-13.3	0.839903
-13.31	0.839716
-13.32	0.83953
-13.33	0.839344
-13.34	0.839158
-13.35	0.838973
-13.36	0.838788
-13.37	0.838603
-13.38	0.838418
-13.39	0.838234
-13.4	0.838051
-13.41	0.837867
-13.42	0.837684
-13.43	0.837502
-13.44	0.837319
-13.45	0.837137
-13.46	0.836956
-13.47	0.836774
-13.48	0.836593
-13.49	0.836413
-13.5	0.836232
-13.51	0.836052
-13.52	0.835873
-13.53	0.835693
-13.54	0.835514
-13.55	0.835336
-13.56	0.835157
-13.57	0.834979
-13.58	0.834802
-13.59	0.834624
-13.6	0.834447
-13.61	0.834271
-13.62	0.834094
-13.63	0.833918
-13.64	0.833742
-13.65	0.833567
-13.66	0.833392
-13.67	0.833217
-13.68	0.833043
-13.69	0.832869
-13.7	0.832695
-13.71	0.832521
-13.72	0.832348
-13.73	0.832175
-13.74	0.832003
-13.75	0.83183
-13.76	0.831658
-13.77	0.831487
-13.78	0.831315
-13.79	0.831144
-13.8	0.830974
-13.81	0.830803
-13.82	0.830633
-13.83	0.830463
-13.84	0.830294
-13.85	0.830125
-13.86	0.829956
-13.87	0.829787
-13.88	0.829619
-13.89	0.829451
-13.9	0.829283
-13.91	0.829116
-13.92	0.828949
-13.93	0.828782
-13.94	0.828615
-13.95	0.828449
-13.96	0.828283
-13.97	0.828118
-13.98	0.827952
-13.99	0.827787
-14	0.827623
-14.01	0.827458
-14.02	0.827294
-14.03	0.82713
-14.04	0.826967
-14.05	0.826803
-14.06	0.82664
-14.07	0.826478
-14.08	0.826315
-14.09	0.826153
-14.1	0.825991
-14.11	0.82583
-14.12	0.825668
-14.13	0.825507
-14.14	0.825347
-14.15	0.825186
-14.16	0.825026
-14.17	0.824866
-14.18	0.824707
-14.19	0.824547
-14.2	0.824388
-14.21	0.824229
-14.22	0.824071
-14.23	0.823913
-14.24	0.823755
-14.25	0.823597
-14.26	0.82344
-14.27	0.823283
-14.28	0.823126
-14.29	0.822969
-14.3	0.822813
-14.31	0.822657
-14.32	0.822501
-14.33	0.822345
-14.34	0.82219
-14.35	0.822035
-14.36	0.82188
-14.37	0.821726
-14.38	0.821572
-14.39	0.821418
-14.4	0.821264
-14.41	0.821111
-14.42	0.820958
-14.43	0.820805
-14.44	0.820652
-14.45	0.8205
-14.46	0.820348
-14.47	0.820196
-14.48	0.820044
-14.49	0.819893
-14.5	0.819742
-14.51	0.819591
-14.52	0.81944
-14.53	0.81929
-14.54	0.81914
-14.55	0.81899
-14.56	0.818841
-14.57	0.818691
-14.58	0.818542
-14.59	0.818394
-14.6	0.818245
-14.61	0.818097
-14.62	0.817949
-14.63	0.817801
-14.64	0.817653
-14.65	0.817506
-14.66	0.817359
-14.67	0.817212
-14.68	0.817066
-14.69	0.816919
-14.7	0.816773
-14.71	0.816627
-14.72	0.816482
-14.73	0.816337
-14.74	0.816191
-14.75	0.816047
-14.76	0.815902
-14.77	0.815758
-14.78	0.815613
-14.79	0.815469
-14.8	0.815326
-14.81	0.815182
-14.82	0.815039
-14.83	0.814896
-14.84	0.814753
-14.85	0.814611
-14.86	0.814469
-14.87	0.814327
-14.88	0.814185
-14.89	0.814043
-14.9	0.813902
-14.91	0.813761
-14.92	0.81362
-14.93	0.813479
-14.94	0.813339
-14.95	0.813199
-14.96	0.813059
-14.97	0.812919
-14.98	0.81278
-14.99	0.81264
-15	0.812501
-15.01	0.812363
-15.02	0.812224
-15.03	0.812086
-15.04	0.811947
-15.05	0.81181
-15.06	0.811672
-15.07	0.811534
-15.08	0.811397
-15.09	0.81126
-15.1	0.811123
-15.11	0.810987
-15.12	0.81085
-15.13	0.810714
-15.14	0.810578
-15.15	0.810443
-15.16	0.810307
-15.17	0.810172
-15.18	0.810037
-15.19	0.809902
-15.2	0.809767
-15.21	0.809633
-15.22	0.809499
-15.23	0.809365
-15.24	0.809231
-15.25	0.809097
-15.26	0.808964
-15.27	0.808831
-15.28	0.808698
-15.29	0.808565
-15.3	0.808433
-15.31	0.8083
-15.32	0.808168
-15.33	0.808037
-15.34	0.807905
-15.35	0.807773
-15.36	0.807642
-15.37	0.807511
-15.38	0.80738
-15.39	0.80725
-15.4	0.807119
-15.41	0.806989
-15.42	0.806859
-15.43	0.806729
-15.44	0.8066
-15.45	0.80647
-15.46	0.806341
-15.47	0.806212
-15.48	0.806083
-15.49	0.805955
-15.5	0.805826
-15.51	0.805698
-15.52	0.80557
-15.53	0.805442
-15.54	0.805315
-15.55	0.805187
-15.56	0.80506
-15.57	0.804933
-15.58	0.804806
-15.59	0.80468
-15.6	0.804554
-15.61	0.804427
-15.62	0.804301
-15.63	0.804175
-15.64	0.80405
-15.65	0.803924
-15.66	0.803799
-15.67	0.803674
-15.68	0.803549
-15.69	0.803425
-15.7	0.8033
-15.71	0.803176
-15.72	0.803052
-15.73	0.802928
-15.74	0.802804
-15.75	0.802681
-15.76	0.802557
-15.77	0.802434
-15.78	0.802311
-15.79	0.802189
-15.8	0.802066
-15.81	0.801944
-15.82	0.801821
-15.83	0.801699
-15.84	0.801578
-15.85	0.801456
-15.86	0.801335
-15.87	0.801213
-15.88	0.801092
-15.89	0.800971
-15.9	0.800851
-15.91	0.80073
-15.92	0.80061
-15.93	0.80049
-15.94	0.80037
-15.95	0.80025
-15.96	0.80013
-15.97	0.800011
-15.98	0.799891
-15.99	0.799772
-16	0.799653
-16.01	0.799535
-16.02	0.799416
-16.03	0.799298
-16.04	0.79918
-16.05	0.799062
-16.06	0.798944
-16.07	0.798826
-16.08	0.798709
-16.09	0.798591
-16.1	0.798474
-16.11	0.798357
-16.12	0.79824
-16.13	0.798124
-16.14	0.798007
-16.15	0.797891
-16.16	0.797775
-16.17	0.797659
-16.18	0.797543
-16.19	0.797428
-16.2	0.797312
-16.21	0.797197
-16.22	0.797082
-16.23	0.796967
-16.24	0.796852
-16.25	0.796738
-16.26	0.796623
-16.27	0.796509
-16.28	0.796395
-16.29	0.796281
-16.3	0.796168
-16.31	0.796054
-16.32	0.795941
-16.33	0.795827
-16.34	0.795714
-16.35	0.795602
-16.36	0.795489
-16.37	0.795376
-16.38	0.795264
-16.39	0.795152
-16.4	0.79504
-16.41	0.794928
-16.42	0.794816
-16.43	0.794704
-16.44	0.794593
-16.45	0.794482
-16.46	0.794371
-16.47	0.79426
-16.48	0.794149
-16.49	0.794038
-16.5	0.793928
-16.51	0.793818
-16.52	0.793708
-16.53	0.793598
-16.54	0.793488
-16.55	0.793378
-16.56	0.793269
-16.57	0.793159
-16.58	0.79305
-16.59	0.792941
-16.6	0.792832
-16.61	0.792724
-16.62	0.792615
-16.63	0.792507
-16.64	0.792399
-16.65	0.79229
-16.66	0.792183
-16.67	0.792075
-16.68	0.791967
-16.69	0.79186
-16.7	0.791752
-16.71	0.791645
-16.72	0.791538
-16.73	0.791431
-16.74	0.791325
-16.75	0.791218
-16.76	0.791112
-16.77	0.791006
-16.78	0.7909
-16.79	0.790794
-16.8	0.790688
-16.81	0.790582
-16.82	0.790477
-16.83	0.790371
-16.84	0.790266
-16.85	0.790161
-16.86	0.790056
-16.87	0.789952
-16.88	0.789847
-16.89	0.789742
-16.9	0.789638
-16.91	0.789534
-16.92	0.78943
-16.93	0.789326
-16.94	0.789222
-16.95	0.789119
-16.96	0.789015
-16.97	0.788912
-16.98	0.788809
-16.99	0.788706
-17	0.788603
-17.01	0.788501
-17.02	0.788398
-17.03	0.788296
-17.04	0.788193
-17.05	0.788091
-17.06	0.787989
-17.07	0.787887
-17.08	0.787786
-17.09	0.787684
-17.1	0.787583
-17.11	0.787481
-17.12	0.78738
-17.13	0.787279
-17.14	0.787179
-17.15	0.787078
-17.16	0.786977
-17.17	0.786877
-17.18	0.786776
-17.19	0.786676
-17.2	0.786576
-17.21	0.786476
-17.22	0.786377
-17.23	0.786277
-17.24	0.786178
-17.25	0.786078
-17.26	0.785979
-17.27	0.78588
-17.28	0.785781
-17.29	0.785682
-17.3	0.785584
-17.31	0.785485
-17.32	0.785387
-17.33	0.785289
-17.34	0.78519
-17.35	0.785092
-17.36	0.784995
-17.37	0.784897
-17.38	0.784799
-17.39	0.784702
-17.4	0.784605
-17.41	0.784507
-17.42	0.78441
-17.43	0.784313
-17.44	0.784217
-17.45	0.78412
-17.46	0.784023
-17.47	0.783927
-17.48	0.783831
-17.49	0.783735
-17.5	0.783639
-17.51	0.783543
-17.52	0.783447
-17.53	0.783351
-17.54	0.783256
-17.55	0.783161
-17.56	0.783065
-17.57	0.78297
-17.58	0.782875
-17.59	0.782781
-17.6	0.782686
-17.61	0.782591
-17.62	0.782497
-17.63	0.782402
-17.64	0.782308
-17.65	0.782214
-17.66	0.78212
-17.67	0.782026
-17.68	0.781933
-17.69	0.781839
-17.7	0.781746
-17.71	0.781652
-17.72	0.781559
-17.73	0.781466
-17.74	0.781373
-17.75	0.78128
-17.76	0.781188
-17.77	0.781095
-17.78	0.781003
-17.79	0.78091
-17.8	0.780818
-17.81	0.780726
-17.82	0.780634
-17.83	0.780542
-17.84	0.78045
-17.85	0.780359
-17.86	0.780267
-17.87	0.780176
-17.88	0.780085
-17.89	0.779994
-17.9	0.779903
-17.91	0.779812
-17.92	0.779721
-17.93	0.77963
-17.94	0.77954
-17.95	0.779449
-17.96	0.779359
-17.97	0.779269
-17.98	0.779179
-17.99	0.779089
-18	0.778999
-18.01	0.778909
-18.02	0.77882
-18.03	0.77873
-18.04	0.778641
-18.05	0.778552
-18.06	0.778463
-18.07	0.778374
-18.08	0.778285
-18.09	0.778196
-18.1	0.778107
-18.11	0.778019
-18.12	0.77793
-18.13	0.777842
-18.14	0.777754
-18.15	0.777666
-18.16	0.777578
-18.17	0.77749
-18.18	0.777402
-18.19	0.777315
-18.2	0.777227
-18.21	0.77714
-18.22	0.777052
-18.23	0.776965
-18.24	0.776878
-18.25	0.776791
-18.26	0.776704
-18.27	0.776618
-18.28	0.776531
-18.29	0.776445
-18.3	0.776358
-18.31	0.776272
-18.32	0.776186
-18.33	0.7761
-18.34	0.776014
-18.35	0.775928
-18.36	0.775842
-18.37	0.775757
-18.38	0.775671
-18.39	0.775586
-18.4	0.7755
-18.41	0.775415
-18.42	0.77533
-18.43	0.775245
-18.44	0.77516
-18.45	0.775076
-18.46	0.774991
-18.47	0.774906
-18.48	0.774822
-18.49	0.774738
-18.5	0.774653
-18.51	0.774569
-18.52	0.774485
-18.53	0.774401
-18.54	0.774318
-18.55	0.774234
-18.56	0.77415
-18.57	0.774067
-18.58	0.773984
-18.59	0.7739
-18.6	0.773817
-18.61	0.773734
-18.62	0.773651
-18.63	0.773568
-18.64	0.773486
-18.65	0.773403
-18.66	0.77332
-18.67	0.773238
-18.68	0.773156
-18.69	0.773074
-18.7	0.772991
-18.71	0.772909
-18.72	0.772828
-18.73	0.772746
-18.74	0.772664
-18.75	0.772582
-18.76	0.772501
-18.77	0.77242
-18.78	0.772338
-18.79	0.772257
-18.8	0.772176
-18.81	0.772095
-18.82	0.772014
-18.83	0.771933
-18.84	0.771853
-18.85	0.771772
-18.86	0.771691
-18.87	0.771611
-18.88	0.771531
-18.89	0.771451
-18.9	0.77137
-18.91	0.77129
-18.92	0.771211
-18.93	0.771131
-18.94	0.771051
-18.95	0.770971
-18.96	0.770892
-18.97	0.770813
-18.98	0.770733
-18.99	0.770654
-19	0.770575
-19.01	0.770496
-19.02	0.770417
-19.03	0.770338
-19.04	0.770259
-19.05	0.770181
-19.06	0.770102
-19.07	0.770024
-19.08	0.769946
-19.09	0.769867
-19.1	0.769789
-19.11	0.769711
-19.12	0.769633
-19.13	0.769555
-19.14	0.769477
-19.15	0.7694
-19.16	0.769322
-19.17	0.769245
-19.18	0.769167
-19.19	0.76909
-19.2	0.769013
-19.21	0.768936
-19.22	0.768859
-19.23	0.768782
-19.24	0.768705
-19.25	0.768628
-19.26	0.768552
-19.27	0.768475
-19.28	0.768399
-19.29	0.768322
-19.3	0.768246
-19.31	0.76817
-19.32	0.768094
-19.33	0.768018
-19.34	0.767942
-19.35	0.767866
-19.36	0.76779
-19.37	0.767715
-19.38	0.767639
-19.39	0.767564
-19.4	0.767488
-19.41	0.767413
-19.42	0.767338
-19.43	0.767263
-19.44	0.767188
-19.45	0.767113
-19.46	0.767038
-19.47	0.766963
-19.48	0.766889
-19.49	0.766814
-19.5	0.76674
-19.51	0.766665
-19.52	0.766591
-19.53	0.766517
-19.54	0.766443
-19.55	0.766369
-19.56	0.766295
-19.57	0.766221
-19.58	0.766147
-19.59	0.766073
-19.6	0.766
-19.61	0.765926
-19.62	0.765853
-19.63	0.76578
-19.64	0.765706
-19.65	0.765633
-19.66	0.76556
-19.67	0.765487
-19.68	0.765414
-19.69	0.765341
-19.7	0.765269
-19.71	0.765196
-19.72	0.765124
-19.73	0.765051
-19.74	0.764979
-19.75	0.764906
-19.76	0.764834
-19.77	0.764762
-19.78	0.76469
-19.79	0.764618
-19.8	0.764546
-19.81	0.764474
-19.82	0.764403
-19.83	0.764331
-19.84	0.76426
-19.85	0.764188
-19.86	0.764117
-19.87	0.764046
-19.88	0.763974
-19.89	0.763903
-19.9	0.763832
-19.91	0.763761
-19.92	0.76369
-19.93	0.76362
-19.94	0.763549
-19.95	0.763478
-19.96	0.763408
-19.97	0.763337
-19.98	0.763267
-19.99	0.763197
-20	0.763126
-20.01	0.763056
-20.02	0.762986
-20.03	0.762916
-20.04	0.762846
-20.05	0.762776
-20.06	0.762707
-20.07	0.762637
-20.08	0.762568
-20.09	0.762498
-20.1	0.762429
-20.11	0.762359
-20.12	0.76229
-20.13	0.762221
-20.14	0.762152
-20.15	0.762083
-20.16	0.762014
-20.17	0.761945
-20.18	0.761876
-20.19	0.761808
-20.2	0.761739
-20.21	0.76167
-20.22	0.761602
-20.23	0.761534
-20.24	0.761465
-20.25	0.761397
-20.26	0.761329
-20.27	0.761261
-20.28	0.761193
-20.29	0.761125
-20.3	0.761057
-20.31	0.760989
-20.32	0.760922
-20.33	0.760854
-20.34	0.760787
-20.35	0.760719
-20.36	0.760652
-20.37	0.760584
-20.38	0.760517
-20.39	0.76045
-20.4	0.760383
-20.41	0.760316
-20.42	0.760249
-20.43	0.760182
-20.44	0.760116
-20.45	0.760049
-20.46	0.759982
-20.47	0.759916
-20.48	0.759849
-20.49	0.759783
-20.5	0.759717
-20.51	0.75965
-20.52	0.759584
-20.53	0.759518
-20.54	0.759452
-20.55	0.759386
-20.56	0.75932
-20.57	0.759254
-20.58	0.759189
-20.59	0.759123
-20.6	0.759057
-20.61	0.758992
-20.62	0.758927
-20.63	0.758861
-20.64	0.758796
-20.65	0.758731
-20.66	0.758666
-20.67	0.758601
-20.68	0.758536
-20.69	0.758471
-20.7	0.758406
-20.71	0.758341
-20.72	0.758276
-20.73	0.758212
-20.74	0.758147
-20.75	0.758083
-20.76	0.758018
-20.77	0.757954
-20.78	0.75789
-20.79	0.757825
-20.8	0.757761
-20.81	0.757697
-20.82	0.757633
-20.83	0.757569
-20.84	0.757505
-20.85	0.757442
-20.86	0.757378
-20.87	0.757314
-20.88	0.757251
-20.89	0.757187
-20.9	0.757124
-20.91	0.75706
-20.92	0.756997
-20.93	0.756934
-20.94	0.756871
-20.95	0.756808
-20.96	0.756745
-20.97	0.756682
-20.98	0.756619
-20.99	0.756556
-21	0.756493
-21.01	0.756431
-21.02	0.756368
-21.03	0.756306
-21.04	0.756243
-21.05	0.756181
-21.06	0.756118
-21.07	0.756056
-21.08	0.755994
-21.09	0.755932
-21.1	0.75587
-21.11	0.755808
-21.12	0.755746
-21.13	0.755684
-21.14	0.755622
-21.15	0.755561
-21.16	0.755499
-21.17	0.755437
-21.18	0.755376
-21.19	0.755314
-21.2	0.755253
-21.21	0.755192
-21.22	0.755131
-21.23	0.755069
-21.24	0.755008
-21.25	0.754947
-21.26	0.754886
-21.27	0.754825
-21.28	0.754764
-21.29	0.754704
-21.3	0.754643
-21.31	0.754582
-21.32	0.754522
-21.33	0.754461
-21.34	0.754401
-21.35	0.75434
-21.36	0.75428
-21.37	0.75422
-21.38	0.75416
-21.39	0.754099
-21.4	0.754039
-21.41	0.753979
-21.42	0.753919
-21.43	0.75386
-21.44	0.7538
-21.45	0.75374
-21.46	0.75368
-21.47	0.753621
-21.48	0.753561
-21.49	0.753502
-21.5	0.753442
-21.51	0.753383
-21.52	0.753323
-21.53	0.753264
-21.54	0.753205
-21.55	0.753146
-21.56	0.753087
-21.57	0.753028
-21.58	0.752969
-21.59	0.75291
-21.6	0.752851
-21.61	0.752793
-21.62	0.752734
-21.63	0.752675
-21.64	0.752617
-21.65	0.752558
-21.66	0.7525
-21.67	0.752441
-21.68	0.752383
-21.69	0.752325
-21.7	0.752267
-21.71	0.752209
-21.72	0.752151
-21.73	0.752093
-21.74	0.752035
-21.75	0.751977
-21.76	0.751919
-21.77	0.751861
-21.78	0.751803
-21.79	0.751746
-21.8	0.751688
-21.81	0.751631
-21.82	0.751573
-21.83	0.751516
-21.84	0.751459
-21.85	0.751401
-21.86	0.751344
-21.87	0.751287
-21.88	0.75123
-21.89	0.751173
-21.9	0.751116
-21.91	0.751059
-21.92	0.751002
-21.93	0.750945
-21.94	0.750888
-21.95	0.750832
-21.96	0.750775
-21.97	0.750719
-21.98	0.750662
-21.99	0.750606
-22	0.750549
-22.01	0.750493
-22.02	0.750437
-22.03	0.750381
-22.04	0.750324
-22.05	0.750268
-22.06	0.750212
-22.07	0.750156
-22.08	0.7501
-22.09	0.750044
-22.1	0.749989
-22.11	0.749933
-22.12	0.749877
-22.13	0.749822
-22.14	0.749766
-22.15	0.749711
-22.16	0.749655
-22.17	0.7496
-22.18	0.749544
-22.19	0.749489
-22.2	0.749434
-22.21	0.749379
-22.22	0.749324
-22.23	0.749268
-22.24	0.749213
-22.25	0.749159
-22.26	0.749104
-22.27	0.749049
-22.28	0.748994
-22.29	0.748939
-22.3	0.748885
-22.31	0.74883
-22.32	0.748775
-22.33	0.748721
-22.34	0.748667
-22.35	0.748612
-22.36	0.748558
-22.37	0.748504
-22.38	0.748449
-22.39	0.748395
-22.4	0.748341
-22.41	0.748287
-22.42	0.748233
-22.43	0.748179
-22.44	0.748125
-22.45	0.748071
-22.46	0.748017
-22.47	0.747964
-22.48	0.74791
-22.49	0.747856
-22.5	0.747803
-22.51	0.747749
-22.52	0.747696
-22.53	0.747643
-22.54	0.747589
-22.55	0.747536
-22.56	0.747483
-22.57	0.747429
-22.58	0.747376
-22.59	0.747323
-22.6	0.74727
-22.61	0.747217
-22.62	0.747164
-22.63	0.747111
-22.64	0.747059
-22.65	0.747006
-22.66	0.746953
-22.67	0.746901
-22.68	0.746848
-22.69	0.746795
-22.7	0.746743
-22.71	0.74669
-22.72	0.746638
-22.73	0.746586
-22.74	0.746533
-22.75	0.746481
-22.76	0.746429
-22.77	0.746377
-22.78	0.746325
-22.79	0.746273
-22.8	0.746221
-22.81	0.746169
-22.82	0.746117
-22.83	0.746065
-22.84	0.746013
-22.85	0.745962
-22.86	0.74591
-22.87	0.745858
-22.88	0.745807
-22.89	0.745755
-22.9	0.745704
-22.91	0.745653
-22.92	0.745601
-22.93	0.74555
-22.94	0.745499
-22.95	0.745447
-22.96	0.745396
-22.97	0.745345
-22.98	0.745294
-22.99	0.745243
-23	0.745192
-23.01	0.745141
-23.02	0.74509
-23.03	0.74504
-23.04	0.744989
-23.05	0.744938
-23.06	0.744888
-23.07	0.744837
-23.08	0.744786
-23.09	0.744736
-23.1	0.744685
-23.11	0.744635
-23.12	0.744585
-23.13	0.744534
-23.14	0.744484
-23.15	0.744434
-23.16	0.744384
-23.17	0.744334
-23.18	0.744284
-23.19	0.744234
-23.2	0.744184
-23.21	0.744134
-23.22	0.744084
-23.23	0.744034
-23.24	0.743984
-23.25	0.743935
-23.26	0.743885
-23.27	0.743835
-23.28	0.743786
-23.29	0.743736
-23.3	0.743687
-23.31	0.743637
-23.32	0.743588
-23.33	0.743539
-23.34	0.743489
-23.35	0.74344
-23.36	0.743391
-23.37	0.743342
-23.38	0.743293
-23.39	0.743244
-23.4	0.743195
-23.41	0.743146
-23.42	0.743097
-23.43	0.743048
-23.44	0.742999
-23.45	0.74295
-23.46	0.742902
-23.47	0.742853
-23.48	0.742804
-23.49	0.742756
-23.5	0.742707
-23.51	0.742659
-23.52	0.74261
-23.53	0.742562
-23.54	0.742514
-23.55	0.742465
-23.56	0.742417
-23.57	0.742369
-23.58	0.742321
-23.59	0.742273
-23.6	0.742225
-23.61	0.742177
-23.62	0.742129
-23.63	0.742081
-23.64	0.742033
-23.65	0.741985
-23.66	0.741937
-23.67	0.741889
-23.68	0.741842
-23.69	0.741794
-23.7	0.741746
-23.71	0.741699
-23.72	0.741651
-23.73	0.741604
-23.74	0.741556
-23.75	0.741509
-23.76	0.741462
-23.77	0.741414
-23.78	0.741367
-23.79	0.74132
-23.8	0.741273
-23.81	0.741226
-23.82	0.741179
-23.83	0.741132
-23.84	0.741085
-23.85	0.741038
-23.86	0.740991
-23.87	0.740944
-23.88	0.740897
-23.89	0.740851
-23.9	0.740804
-23.91	0.740757
-23.92	0.740711
-23.93	0.740664
-23.94	0.740617
-23.95	0.740571
-23.96	0.740525
-23.97	0.740478
-23.98	0.740432
-23.99	0.740385
-24	0.740339
-24.01	0.740293
-24.02	0.740247
-24.03	0.740201
-24.04	0.740155
-24.05	0.740109
-24.06	0.740063
-24.07	0.740017
-24.08	0.739971
-24.09	0.739925
-24.1	0.739879
-24.11	0.739833
-24.12	0.739787
-24.13	0.739742
-24.14	0.739696
-24.15	0.73965
-24.16	0.739605
-24.17	0.739559
-24.18	0.739514
-24.19	0.739468
-24.2	0.739423
-24.21	0.739378
-24.22	0.739332
-24.23	0.739287
-24.24	0.739242
-24.25	0.739197
-24.26	0.739151
-24.27	0.739106
-24.28	0.739061
-24.29	0.739016
-24.3	0.738971
-24.31	0.738926
-24.32	0.738881
-24.33	0.738836
-24.34	0.738792
-24.35	0.738747
-24.36	0.738702
-24.37	0.738657
-24.38	0.738613
-24.39	0.738568
-24.4	0.738524
-24.41	0.738479
-24.42	0.738435
-24.43	0.73839
-24.44	0.738346
-24.45	0.738301
-24.46	0.738257
-24.47	0.738213
-24.48	0.738168
-24.49	0.738124
-24.5	0.73808
-24.51	0.738036
-24.52	0.737992
-24.53	0.737948
-24.54	0.737904
-24.55	0.73786
-24.56	0.737816
-24.57	0.737772
-24.58	0.737728
-24.59	0.737684
-24.6	0.737641
-24.61	0.737597
-24.62	0.737553
-24.63	0.73751
-24.64	0.737466
-24.65	0.737423
-24.66	0.737379
-24.67	0.737336
-24.68	0.737292
-24.69	0.737249
-24.7	0.737205
-24.71	0.737162
-24.72	0.737119
-24.73	0.737075
-24.74	0.737032
-24.75	0.736989
-24.76	0.736946
-24.77	0.736903
-24.78	0.73686
-24.79	0.736817
-24.8	0.736774
-24.81	0.736731
-24.82	0.736688
-24.83	0.736645
-24.84	0.736602
-24.85	0.73656
-24.86	0.736517
-24.87	0.736474
-24.88	0.736431
-24.89	0.736389
-24.9	0.736346
-24.91	0.736304
-24.92	0.736261
-24.93	0.736219
-24.94	0.736176
-24.95	0.736134
-24.96	0.736092
-24.97	0.736049
-24.98	0.736007
-24.99	0.735965
-25	0.735923
-25.01	0.73588
-25.02	0.735838
-25.03	0.735796
-25.04	0.735754
-25.05	0.735712
-25.06	0.73567
-25.07	0.735628
-25.08	0.735586
-25.09	0.735545
-25.1	0.735503
-25.11	0.735461
-25.12	0.735419
-25.13	0.735377
-25.14	0.735336
-25.15	0.735294
-25.16	0.735252
-25.17	0.735211
-25.18	0.735169
-25.19	0.735128
-25.2	0.735087
-25.21	0.735045
-25.22	0.735004
-25.23	0.734962
-25.24	0.734921
-25.25	0.73488
-25.26	0.734839
-25.27	0.734797
-25.28	0.734756
-25.29	0.734715
-25.3	0.734674
-25.31	0.734633
-25.32	0.734592
-25.33	0.734551
-25.34	0.73451
-25.35	0.734469
-25.36	0.734428
-25.37	0.734387
-25.38	0.734347
-25.39	0.734306
-25.4	0.734265
-25.41	0.734224
-25.42	0.734184
-25.43	0.734143
-25.44	0.734103
-25.45	0.734062
-25.46	0.734022
-25.47	0.733981
-25.48	0.733941
-25.49	0.7339
-25.5	0.73386
-25.51	0.73382
-25.52	0.733779
-25.53	0.733739
-25.54	0.733699
-25.55	0.733659
-25.56	0.733618
-25.57	0.733578
-25.58	0.733538
-25.59	0.733498
-25.6	0.733458
-25.61	0.733418
-25.62	0.733378
-25.63	0.733338
-25.64	0.733299
-25.65	0.733259
-25.66	0.733219
-25.67	0.733179
-25.68	0.733139
-25.69	0.7331
-25.7	0.73306
-25.71	0.73302
-25.72	0.732981
-25.73	0.732941
-25.74	0.732902
-25.75	0.732862
-25.76	0.732823
-25.77	0.732783
-25.78	0.732744
-25.79	0.732705
-25.8	0.732665
-25.81	0.732626
-25.82	0.732587
-25.83	0.732548
-25.84	0.732508
-25.85	0.732469
-25.86	0.73243
-25.87	0.732391
-25.88	0.732352
-25.89	0.732313
-25.9	0.732274
-25.91	0.732235
-25.92	0.732196
-25.93	0.732157
-25.94	0.732118
-25.95	0.73208
-25.96	0.732041
-25.97	0.732002
-25.98	0.731963
-25.99	0.731925
-26	0.731886
-26.01	0.731847
-26.02	0.731809
-26.03	0.73177
-26.04	0.731732
-26.05	0.731693
-26.06	0.731655
-26.07	0.731616
-26.08	0.731578
-26.09	0.73154
-26.1	0.731501
-26.11	0.731463
-26.12	0.731425
-26.13	0.731387
-26.14	0.731348
-26.15	0.73131
-26.16	0.731272
-26.17	0.731234
-26.18	0.731196
-26.19	0.731158
-26.2	0.73112
-26.21	0.731082
-26.22	0.731044
-26.23	0.731006
-26.24	0.730968
-26.25	0.730931
-26.26	0.730893
-26.27	0.730855
-26.28	0.730817
-26.29	0.73078
-26.3	0.730742
-26.31	0.730704
-26.32	0.730667
-26.33	0.730629
-26.34	0.730592
-26.35	0.730554
-26.36	0.730517
-26.37	0.730479
-26.38	0.730442
-26.39	0.730404
-26.4	0.730367
-26.41	0.73033
-26.42	0.730292
-26.43	0.730255
-26.44	0.730218
-26.45	0.730181
-26.46	0.730144
-26.47	0.730106
-26.48	0.730069
-26.49	0.730032
-26.5	0.729995
-26.51	0.729958
-26.52	0.729921
-26.53	0.729884
-26.54	0.729847
-26.55	0.729811
-26.56	0.729774
-26.57	0.729737
-26.58	0.7297
-26.59	0.729663
-26.6	0.729627
-26.61	0.72959
-26.62	0.729553
-26.63	0.729517
-26.64	0.72948
-26.65	0.729443
-26.66	0.729407
-26.67	0.72937
-26.68	0.729334
-26.69	0.729298
-26.7	0.729261
-26.71	0.729225
-26.72	0.729188
-26.73	0.729152
-26.74	0.729116
-26.75	0.729079
-26.76	0.729043
-26.77	0.729007
-26.78	0.728971
-26.79	0.728935
-26.8	0.728899
-26.81	0.728862
-26.82	0.728826
-26.83	0.72879
-26.84	0.728754
-26.85	0.728718
-26.86	0.728683
-26.87	0.728647
-26.88	0.728611
-26.89	0.728575
-26.9	0.728539
-26.91	0.728503
-26.92	0.728468
-26.93	0.728432
-26.94	0.728396
-26.95	0.72836
-26.96	0.728325
-26.97	0.728289
-26.98	0.728254
-26.99	0.728218
-27	0.728182
-27.01	0.728147
-27.02	0.728112
-27.03	0.728076
-27.04	0.728041
-27.05	0.728005
-27.06	0.72797
-27.07	0.727935
-27.08	0.727899
-27.09	0.727864
-27.1	0.727829
-27.11	0.727794
-27.12	0.727759
-27.13	0.727723
-27.14	0.727688
-27.15	0.727653
-27.16	0.727618
-27.17	0.727583
-27.18	0.727548
-27.19	0.727513
-27.2	0.727478
-27.21	0.727443
-27.22	0.727408
-27.23	0.727374
-27.24	0.727339
-27.25	0.727304
-27.26	0.727269
-27.27	0.727234
-27.28	0.7272
-27.29	0.727165
-27.3	0.72713
-27.31	0.727096
-27.32	0.727061
-27.33	0.727027
-27.34	0.726992
-27.35	0.726957
-27.36	0.726923
-27.37	0.726889
-27.38	0.726854
-27.39	0.72682
-27.4	0.726785
-27.41	0.726751
-27.42	0.726717
-27.43	0.726682
-27.44	0.726648
-27.45	0.726614
-27.46	0.72658
-27.47	0.726545
-27.48	0.726511
-27.49	0.726477
-27.5	0.726443
-27.51	0.726409
-27.52	0.726375
-27.53	0.726341
-27.54	0.726307
-27.55	0.726273
-27.56	0.726239
-27.57	0.726205
-27.58	0.726171
-27.59	0.726137
-27.6	0.726104
-27.61	0.72607
-27.62	0.726036
-27.63	0.726002
-27.64	0.725969
-27.65	0.725935
-27.66	0.725901
-27.67	0.725868
-27.68	0.725834
-27.69	0.7258
-27.7	0.725767
-27.71	0.725733
-27.72	0.7257
-27.73	0.725666
-27.74	0.725633
-27.75	0.725599
-27.76	0.725566
-27.77	0.725533
-27.78	0.725499
-27.79	0.725466
-27.8	0.725433
-27.81	0.725399
-27.82	0.725366
-27.83	0.725333
-27.84	0.7253
-27.85	0.725267
-27.86	0.725234
-27.87	0.7252
-27.88	0.725167
-27.89	0.725134
-27.9	0.725101
-27.91	0.725068
-27.92	0.725035
-27.93	0.725002
-27.94	0.72497
-27.95	0.724937
-27.96	0.724904
-27.97	0.724871
-27.98	0.724838
-27.99	0.724805
-28	0.724773
-28.01	0.72474
-28.02	0.724707
-28.03	0.724674
-28.04	0.724642
-28.05	0.724609
-28.06	0.724577
-28.07	0.724544
-28.08	0.724511
-28.09	0.724479
-28.1	0.724446
-28.11	0.724414
-28.12	0.724381
-28.13	0.724349
-28.14	0.724317
-28.15	0.724284
-28.16	0.724252
-28.17	0.72422
-28.18	0.724187
-28.19	0.724155
-28.2	0.724123
-28.21	0.724091
-28.22	0.724058
-28.23	0.724026
-28.24	0.723994
-28.25	0.723962
-28.26	0.72393
-28.27	0.723898
-28.28	0.723866
-28.29	0.723834
-28.3	0.723802
-28.31	0.72377
-28.32	0.723738
-28.33	0.723706
-28.34	0.723674
-28.35	0.723642
-28.36	0.72361
-28.37	0.723578
-28.38	0.723547
-28.39	0.723515
-28.4	0.723483
-28.41	0.723451
-28.42	0.72342
-28.43	0.723388
-28.44	0.723356
-28.45	0.723325
-28.46	0.723293
-28.47	0.723262
-28.48	0.72323
-28.49	0.723198
-28.5	0.723167
-28.51	0.723135
-28.52	0.723104
-28.53	0.723073
-28.54	0.723041
-28.55	0.72301
-28.56	0.722978
-28.57	0.722947
-28.58	0.722916
-28.59	0.722885
-28.6	0.722853
-28.61	0.722822
-28.62	0.722791
-28.63	0.72276
-28.64	0.722728
-28.65	0.722697
-28.66	0.722666
-28.67	0.722635
-28.68	0.722604
-28.69	0.722573
-28.7	0.722542
-28.71	0.722511
-28.72	0.72248
-28.73	0.722449
-28.74	0.722418
-28.75	0.722387
-28.76	0.722356
-28.77	0.722326
-28.78	0.722295
-28.79	0.722264
-28.8	0.722233
-28.81	0.722202
-28.82	0.722172
-28.83	0.722141
-28.84	0.72211
-28.85	0.72208
-28.86	0.722049
-28.87	0.722018
-28.88	0.721988
-28.89	0.721957
-28.9	0.721927
-28.91	0.721896
-28.92	0.721866
-28.93	0.721835
-28.94	0.721805
-28.95	0.721774
-28.96	0.721744
-28.97	0.721714
-28.98	0.721683
-28.99	0.721653
-29	0.721623
-29.01	0.721592
-29.02	0.721562
-29.03	0.721532
-29.04	0.721502
-29.05	0.721471
-29.06	0.721441
-29.07	0.721411
-29.08	0.721381
-29.09	0.721351
-29.1	0.721321
-29.11	0.721291
-29.12	0.721261
-29.13	0.721231
-29.14	0.721201
-29.15	0.721171
-29.16	0.721141
-29.17	0.721111
-29.18	0.721081
-29.19	0.721051
-29.2	0.721021
-29.21	0.720991
-29.22	0.720962
-29.23	0.720932
-29.24	0.720902
-29.25	0.720872
-29.26	0.720843
-29.27	0.720813
-29.28	0.720783
-29.29	0.720753
-29.3	0.720724
-29.31	0.720694
-29.32	0.720665
-29.33	0.720635
-29.34	0.720606
-29.35	0.720576
-29.36	0.720547
-29.37	0.720517
-29.38	0.720488
-29.39	0.720458
-29.4	0.720429
-29.41	0.720399
-29.42	0.72037
-29.43	0.720341
-29.44	0.720311
-29.45	0.720282
-29.46	0.720253
-29.47	0.720224
-29.48	0.720194
-29.49	0.720165
-29.5	0.720136
-29.51	0.720107
-29.52	0.720078
-29.53	0.720049
-29.54	0.720019
-29.55	0.71999
-29.56	0.719961
-29.57	0.719932
-29.58	0.719903
-29.59	0.719874
-29.6	0.719845
-29.61	0.719816
-29.62	0.719787
-29.63	0.719759
-29.64	0.71973
-29.65	0.719701
-29.66	0.719672
-29.67	0.719643
-29.68	0.719614
-29.69	0.719586
-29.7	0.719557
-29.71	0.719528
-29.72	0.719499
-29.73	0.719471
-29.74	0.719442
-29.75	0.719413
-29.76	0.719385
-29.77	0.719356
-29.78	0.719328
-29.79	0.719299
-29.8	0.71927
-29.81	0.719242
-29.82	0.719213
-29.83	0.719185
-29.84	0.719156
-29.85	0.719128
-29.86	0.7191
-29.87	0.719071
-29.88	0.719043
-29.89	0.719014
-29.9	0.718986
-29.91	0.718958
-29.92	0.71893
-29.93	0.718901
-29.94	0.718873
-29.95	0.718845
-29.96	0.718817
-29.97	0.718788
-29.98	0.71876
-29.99	0.718732
-30	0.718704
