x	y
30	0.914749
29.99	0.914792
29.98	0.914834
29.97	0.914877
29.96	0.914919
29.95	0.914962
29.94	0.915005
29.93	0.915047
29.92	0.91509
29.91	0.915133
29.9	0.915176
29.89	0.915218
29.88	0.915261
29.87	0.915304
29.86	0.915347
29.85	0.91539
29.84	0.915433
29.83	0.915476
29.82	0.915519
29.81	0.915562
29.8	0.915605
29.79	0.915648
29.78	0.915691
29.77	0.915735
29.76	0.915778
29.75	0.915821
29.74	0.915864
29.73	0.915908
29.72	0.915951
29.71	0.915995
29.7	0.916038
29.69	0.916081
29.68	0.916125
29.67	0.916168
29.66	0.916212
29.65	0.916256
29.64	0.916299
29.63	0.916343
29.62	0.916386
29.61	0.91643
29.6	0.916474
29.59	0.916518
29.58	0.916562
29.57	0.916605
29.56	0.916649
29.55	0.916693
29.54	0.916737
29.53	0.916781
29.52	0.916825
29.51	0.916869
29.5	0.916913
29.49	0.916957
29.48	0.917002
29.47	0.917046
29.46	0.91709
29.45	0.917134
29.44	0.917179
29.43	0.917223
29.42	0.917267
29.41	0.917312
29.4	0.917356
29.39	0.9174
29.38	0.917445
29.37	0.917489
29.36	0.917534
29.35	0.917579
29.34	0.917623
29.33	0.917668
29.32	0.917713
29.31	0.917757
29.3	0.917802
29.29	0.917847
29.28	0.917892
29.27	0.917937
29.26	0.917982
29.25	0.918026
29.24	0.918071
29.23	0.918116
29.22	0.918161
29.21	0.918207
29.2	0.918252
29.19	0.918297
29.18	0.918342
29.17	0.918387
29.16	0.918432
29.15	0.918478
29.14	0.918523
29.13	0.918568
29.12	0.918614
29.11	0.918659
29.1	0.918705
29.09	0.91875
29.08	0.918796
29.07	0.918841
29.06	0.918887
29.05	0.918932
29.04	0.918978
29.03	0.919024
29.02	0.919069
29.01	0.919115
29	0.919161
28.99	0.919207
28.98	0.919253
28.97	0.919299
28.96	0.919345
28.95	0.919391
28.94	0.919437
28.93	0.919483
28.92	0.919529
28.91	0.919575
28.9	0.919621
28.89	0.919667
28.88	0.919714
28.87	0.91976
28.86	0.919806
28.85	0.919852
28.84	0.919899
28.83	0.919945
28.82	0.919992
28.81	0.920038
28.8	0.920085
28.79	0.920131
28.78	0.920178
28.77	0.920224
28.76	0.920271
28.75	0.920318
28.74	0.920365
28.73	0.920411
28.72	0.920458
28.71	0.920505
28.7	0.920552
28.69	0.920599
28.68	0.920646
28.67	0.920693
28.66	0.92074
28.65	0.920787
28.64	0.920834
28.63	0.920881
28.62	0.920928
28.61	0.920976
28.6	0.921023
28.59	0.92107
28.58	0.921117
28.57	0.921165
28.56	0.921212
28.55	0.92126
28.54	0.921307
28.53	0.921355
28.52	0.921402
28.51	0.92145
28.5	0.921497
28.49	0.921545
28.48	0.921593
28.47	0.921641
28.46	0.921688
28.45	0.921736
28.44	0.921784
28.43	0.921832
28.42	0.92188
28.41	0.921928
28.4	0.921976
28.39	0.922024
28.38	0.922072
28.37	0.92212
28.36	0.922168
28.35	0.922216
28.34	0.922265
28.33	0.922313
28.32	0.922361
28.31	0.92241
28.3	0.922458
28.29	0.922507
28.28	0.922555
28.27	0.922603
28.26	0.922652
28.25	0.922701
28.24	0.922749
28.23	0.922798
28.22	0.922847
28.21	0.922895
28.2	0.922944
28.19	0.922993
28.18	0.923042
28.17	0.923091
28.16	0.92314
28.15	0.923189
28.14	0.923238
28.13	0.923287
28.12	0.923336
28.11	0.923385
28.1	0.923434
28.09	0.923483
28.08	0.923532
28.07	0.923582
28.06	0.923631
28.05	0.92368
28.04	0.92373
28.03	0.923779
28.02	0.923829
28.01	0.923878
28	0.923928
27.99	0.923977
27.98	0.924027
27.97	0.924077
27.96	0.924127
27.95	0.924176
27.94	0.924226
27.93	0.924276
27.92	0.924326
27.91	0.924376
27.9	0.924426
27.89	0.924476
27.88	0.924526
27.87	0.924576
27.86	0.924626
27.85	0.924676
27.84	0.924726
27.83	0.924777
27.82	0.924827
27.81	0.924877
27.8	0.924928
27.79	0.924978
27.78	0.925029
27.77	0.925079
27.76	0.92513
27.75	0.92518
27.74	0.925231
27.73	0.925281
27.72	0.925332
27.71	0.925383
27.7	0.925434
27.69	0.925484
27.68	0.925535
27.67	0.925586
27.66	0.925637
27.65	0.925688
27.64	0.925739
27.63	0.92579
27.62	0.925841
27.61	0.925893
27.6	0.925944
27.59	0.925995
27.58	0.926046
27.57	0.926098
27.56	0.926149
27.55	0.9262
27.54	0.926252
27.53	0.926303
27.52	0.926355
27.51	0.926407
27.5	0.926458
27.49	0.92651
27.48	0.926561
27.47	0.926613
27.46	0.926665
27.45	0.926717
27.44	0.926769
27.43	0.926821
27.42	0.926873
27.41	0.926925
27.4	0.926977
27.39	0.927029
27.38	0.927081
27.37	0.927133
27.36	0.927185
27.35	0.927238
27.34	0.92729
27.33	0.927342
27.32	0.927395
27.31	0.927447
27.3	0.9275
27.29	0.927552
27.28	0.927605
27.27	0.927657
27.26	0.92771
27.25	0.927763
27.24	0.927815
27.23	0.927868
27.22	0.927921
27.21	0.927974
27.2	0.928027
27.19	0.92808
27.18	0.928133
27.17	0.928186
27.16	0.928239
27.15	0.928292
27.14	0.928345
27.13	0.928398
27.12	0.928452
27.11	0.928505
27.1	0.928558
27.09	0.928612
27.08	0.928665
27.07	0.928719
27.06	0.928772
27.05	0.928826
27.04	0.928879
27.03	0.928933
27.02	0.928987
27.01	0.929041
27	0.929094
26.99	0.929148
26.98	0.929202
26.97	0.929256
26.96	0.92931
26.95	0.929364
26.94	0.929418
26.93	0.929472
26.92	0.929526
26.91	0.929581
26.9	0.929635
26.89	0.929689
26.88	0.929744
26.87	0.929798
26.86	0.929852
26.85	0.929907
26.84	0.929962
26.83	0.930016
26.82	0.930071
26.81	0.930125
26.8	0.93018
26.79	0.930235
26.78	0.93029
26.77	0.930345
26.76	0.930399
26.75	0.930454
26.74	0.930509
26.73	0.930564
26.72	0.93062
26.71	0.930675
26.7	0.93073
26.69	0.930785
26.68	0.93084
26.67	0.930896
26.66	0.930951
26.65	0.931006
26.64	0.931062
26.63	0.931117
26.62	0.931173
26.61	0.931229
26.6	0.931284
26.59	0.93134
26.58	0.931396
26.57	0.931452
26.56	0.931507
26.55	0.931563
26.54	0.931619
26.53	0.931675
26.52	0.931731
26.51	0.931787
26.5	0.931844
26.49	0.9319
26.48	0.931956
26.47	0.932012
26.46	0.932069
26.45	0.932125
26.44	0.932181
26.43	0.932238
26.42	0.932294
26.41	0.932351
26.4	0.932407
26.39	0.932464
26.38	0.932521
26.37	0.932578
26.36	0.932634
26.35	0.932691
26.34	0.932748
26.33	0.932805
26.32	0.932862
26.31	0.932919
26.3	0.932976
26.29	0.933034
26.28	0.933091
26.27	0.933148
26.26	0.933205
26.25	0.933263
26.24	0.93332
26.23	0.933378
26.22	0.933435
26.21	0.933493
26.2	0.93355
26.19	0.933608
26.18	0.933666
26.17	0.933723
26.16	0.933781
26.15	0.933839
26.14	0.933897
26.13	0.933955
26.12	0.934013
26.11	0.934071
26.1	0.934129
26.09	0.934187
26.08	0.934245
26.07	0.934304
26.06	0.934362
26.05	0.93442
26.04	0.934479
26.03	0.934537
26.02	0.934596
26.01	0.934654
26	0.934713
25.99	0.934772
25.98	0.93483
25.97	0.934889
25.96	0.934948
25.95	0.935007
25.94	0.935066
25.93	0.935125
25.92	0.935184
25.91	0.935243
25.9	0.935302
25.89	0.935361
25.88	0.93542
25.87	0.93548
25.86	0.935539
25.85	0.935598
25.84	0.935658
25.83	0.935717
25.82	0.935777
25.81	0.935836
25.8	0.935896
25.79	0.935956
25.78	0.936016
25.77	0.936075
25.76	0.936135
25.75	0.936195
25.74	0.936255
25.73	0.936315
25.72	0.936375
25.71	0.936435
25.7	0.936496
25.69	0.936556
25.68	0.936616
25.67	0.936676
25.66	0.936737
25.65	0.936797
25.64	0.936858
25.63	0.936918
25.62	0.936979
25.61	0.93704
25.6	0.9371
25.59	0.937161
25.58	0.937222
25.57	0.937283
25.56	0.937344
25.55	0.937405
25.54	0.937466
25.53	0.937527
25.52	0.937588
25.51	0.937649
25.5	0.937711
25.49	0.937772
25.48	0.937833
25.47	0.937895
25.46	0.937956
25.45	0.938018
25.44	0.938079
25.43	0.938141
25.42	0.938203
25.41	0.938264
25.4	0.938326
25.39	0.938388
25.38	0.93845
25.37	0.938512
25.36	0.938574
25.35	0.938636
25.34	0.938698
25.33	0.938761
25.32	0.938823
25.31	0.938885
25.3	0.938947
25.29	0.93901
25.28	0.939072
25.27	0.939135
25.26	0.939198
25.25	0.93926
25.24	0.939323
25.23	0.939386
25.22	0.939449
25.21	0.939511
25.2	0.939574
25.19	0.939637
25.18	0.9397
25.17	0.939764
25.16	0.939827
25.15	0.93989
25.14	0.939953
25.13	0.940017
25.12	0.94008
25.11	0.940143
25.1	0.940207
25.09	0.940271
25.08	0.940334
25.07	0.940398
25.06	0.940462
25.05	0.940525
25.04	0.940589
25.03	0.940653
25.02	0.940717
25.01	0.940781
25	0.940845
24.99	0.94091
24.98	0.940974
24.97	0.941038
24.96	0.941102
24.95	0.941167
24.94	0.941231
24.93	0.941296
24.92	0.94136
24.91	0.941425
24.9	0.94149
24.89	0.941554
24.88	0.941619
24.87	0.941684
24.86	0.941749
24.85	0.941814
24.84	0.941879
24.83	0.941944
24.82	0.942009
24.81	0.942074
24.8	0.94214
24.79	0.942205
24.78	0.942271
24.77	0.942336
24.76	0.942401
24.75	0.942467
24.74	0.942533
24.73	0.942598
24.72	0.942664
24.71	0.94273
24.7	0.942796
24.69	0.942862
24.68	0.942928
24.67	0.942994
24.66	0.94306
24.65	0.943126
24.64	0.943193
24.63	0.943259
24.62	0.943325
24.61	0.943392
24.6	0.943458
24.59	0.943525
24.58	0.943591
24.57	0.943658
24.56	0.943725
24.55	0.943792
24.54	0.943859
24.53	0.943926
24.52	0.943993
24.51	0.94406
24.5	0.944127
24.49	0.944194
24.48	0.944261
24.47	0.944329
24.46	0.944396
24.45	0.944463
24.44	0.944531
24.43	0.944598
24.42	0.944666
24.41	0.944734
24.4	0.944802
24.39	0.944869
24.38	0.944937
24.37	0.945005
24.36	0.945073
24.35	0.945141
24.34	0.94521
24.33	0.945278
24.32	0.945346
24.31	0.945414
24.3	0.945483
24.29	0.945551
24.28	0.94562
24.27	0.945688
24.26	0.945757
24.25	0.945826
24.24	0.945895
24.23	0.945963
24.22	0.946032
24.21	0.946101
24.2	0.94617
24.19	0.94624
24.18	0.946309
24.17	0.946378
24.16	0.946447
24.15	0.946517
24.14	0.946586
24.13	0.946656
24.12	0.946725
24.11	0.946795
24.1	0.946865
24.09	0.946934
24.08	0.947004
24.07	0.947074
24.06	0.947144
24.05	0.947214
24.04	0.947284
24.03	0.947355
24.02	0.947425
24.01	0.947495
24	0.947565
23.99	0.947636
23.98	0.947706
23.97	0.947777
23.96	0.947848
23.95	0.947918
23.94	0.947989
23.93	0.94806
23.92	0.948131
23.91	0.948202
23.9	0.948273
23.89	0.948344
23.88	0.948415
23.87	0.948487
23.86	0.948558
23.85	0.948629
23.84	0.948701
23.83	0.948772
23.82	0.948844
23.81	0.948916
23.8	0.948988
23.79	0.949059
23.78	0.949131
23.77	0.949203
23.76	0.949275
23.75	0.949347
23.74	0.94942
23.73	0.949492
23.72	0.949564
23.71	0.949636
23.7	0.949709
23.69	0.949781
23.68	0.949854
23.67	0.949927
23.66	0.949999
23.65	0.950072
23.64	0.950145
23.63	0.950218
23.62	0.950291
23.61	0.950364
23.6	0.950437
23.59	0.950511
23.58	0.950584
23.57	0.950657
23.56	0.950731
23.55	0.950804
23.54	0.950878
23.53	0.950952
23.52	0.951025
23.51	0.951099
23.5	0.951173
23.49	0.951247
23.48	0.951321
23.47	0.951395
23.46	0.951469
23.45	0.951543
23.44	0.951618
23.43	0.951692
23.42	0.951767
23.41	0.951841
23.4	0.951916
23.39	0.95199
23.38	0.952065
23.37	0.95214
23.36	0.952215
23.35	0.95229
23.34	0.952365
23.33	0.95244
23.32	0.952515
23.31	0.952591
23.3	0.952666
23.29	0.952741
23.28	0.952817
23.27	0.952893
23.26	0.952968
23.25	0.953044
23.24	0.95312
23.23	0.953196
23.22	0.953272
23.21	0.953348
23.2	0.953424
23.19	0.9535
23.18	0.953576
23.17	0.953652
23.16	0.953729
23.15	0.953805
23.14	0.953882
23.13	0.953959
23.12	0.954035
23.11	0.954112
23.1	0.954189
23.09	0.954266
23.08	0.954343
23.07	0.95442
23.06	0.954497
23.05	0.954574
23.04	0.954652
23.03	0.954729
23.02	0.954807
23.01	0.954884
23	0.954962
22.99	0.95504
22.98	0.955117
22.97	0.955195
22.96	0.955273
22.95	0.955351
22.94	0.955429
22.93	0.955508
22.92	0.955586
22.91	0.955664
22.9	0.955743
22.89	0.955821
22.88	0.9559
22.87	0.955978
22.86	0.956057
22.85	0.956136
22.84	0.956215
22.83	0.956294
22.82	0.956373
22.81	0.956452
22.8	0.956531
22.79	0.956611
22.78	0.95669
22.77	0.95677
22.76	0.956849
22.75	0.956929
22.74	0.957008
22.73	0.957088
22.72	0.957168
22.71	0.957248
22.7	0.957328
22.69	0.957408
22.68	0.957489
22.67	0.957569
22.66	0.957649
22.65	0.95773
22.64	0.95781
22.63	0.957891
22.62	0.957972
22.61	0.958052
22.6	0.958133
22.59	0.958214
22.58	0.958295
22.57	0.958376
22.56	0.958457
22.55	0.958539
22.54	0.95862
22.53	0.958702
22.52	0.958783
22.51	0.958865
22.5	0.958946
22.49	0.959028
22.48	0.95911
22.47	0.959192
22.46	0.959274
22.45	0.959356
22.44	0.959438
22.43	0.959521
22.42	0.959603
22.41	0.959686
22.4	0.959768
22.39	0.959851
22.38	0.959933
22.37	0.960016
22.36	0.960099
22.35	0.960182
22.34	0.960265
22.33	0.960348
22.32	0.960432
22.31	0.960515
22.3	0.960598
22.29	0.960682
22.28	0.960765
22.27	0.960849
22.26	0.960933
22.25	0.961017
22.24	0.961101
22.23	0.961185
22.22	0.961269
22.21	0.961353
22.2	0.961437
22.19	0.961522
22.18	0.961606
22.17	0.961691
22.16	0.961775
22.15	0.96186
22.14	0.961945
22.13	0.96203
22.12	0.962115
22.11	0.9622
22.1	0.962285
22.09	0.96237
22.08	0.962456
22.07	0.962541
22.06	0.962627
22.05	0.962712
22.04	0.962798
22.03	0.962884
22.02	0.96297
22.01	0.963056
22	0.963142
21.99	0.963228
21.98	0.963314
21.97	0.963401
21.96	0.963487
21.95	0.963574
21.94	0.96366
21.93	0.963747
21.92	0.963834
21.91	0.963921
21.9	0.964008
21.89	0.964095
21.88	0.964182
21.87	0.964269
21.86	0.964357
21.85	0.964444
21.84	0.964532
21.83	0.964619
21.82	0.964707
21.81	0.964795
21.8	0.964883
21.79	0.964971
21.78	0.965059
21.77	0.965147
21.76	0.965236
21.75	0.965324
21.74	0.965413
21.73	0.965501
21.72	0.96559
21.71	0.965679
21.7	0.965768
21.69	0.965856
21.68	0.965946
21.67	0.966035
21.66	0.966124
21.65	0.966213
21.64	0.966303
21.63	0.966392
21.62	0.966482
21.61	0.966572
21.6	0.966662
21.59	0.966752
21.58	0.966842
21.57	0.966932
21.56	0.967022
21.55	0.967112
21.54	0.967203
21.53	0.967293
21.52	0.967384
21.51	0.967475
21.5	0.967566
21.49	0.967656
21.48	0.967748
21.47	0.967839
21.46	0.96793
21.45	0.968021
21.44	0.968113
21.43	0.968204
21.42	0.968296
21.41	0.968387
21.4	0.968479
21.39	0.968571
21.38	0.968663
21.37	0.968755
21.36	0.968848
21.35	0.96894
21.34	0.969032
21.33	0.969125
21.32	0.969218
21.31	0.96931
21.3	0.969403
21.29	0.969496
21.28	0.969589
21.27	0.969682
21.26	0.969775
21.25	0.969869
21.24	0.969962
21.23	0.970056
21.22	0.97015
21.21	0.970243
21.2	0.970337
21.19	0.970431
21.18	0.970525
21.17	0.970619
21.16	0.970714
21.15	0.970808
21.14	0.970903
21.13	0.970997
21.12	0.971092
21.11	0.971187
21.1	0.971282
21.09	0.971377
21.08	0.971472
21.07	0.971567
21.06	0.971662
21.05	0.971758
21.04	0.971853
21.03	0.971949
21.02	0.972045
21.01	0.97214
21	0.972237
20.99	0.972333
20.98	0.972429
20.97	0.972525
20.96	0.972621
20.95	0.972718
20.94	0.972815
20.93	0.972911
20.92	0.973008
20.91	0.973105
20.9	0.973202
20.89	0.973299
20.88	0.973397
20.87	0.973494
20.86	0.973592
20.85	0.973689
20.84	0.973787
20.83	0.973885
20.82	0.973983
20.81	0.974081
20.8	0.974179
20.79	0.974277
20.78	0.974375
20.77	0.974474
20.76	0.974573
20.75	0.974671
20.74	0.97477
20.73	0.974869
20.72	0.974968
20.71	0.975067
20.7	0.975166
20.69	0.975266
20.68	0.975365
20.67	0.975465
20.66	0.975565
20.65	0.975665
20.64	0.975765
20.63	0.975865
20.62	0.975965
20.61	0.976065
20.6	0.976165
20.59	0.976266
20.58	0.976367
20.57	0.976467
20.56	0.976568
20.55	0.976669
20.54	0.97677
20.53	0.976872
20.52	0.976973
20.51	0.977074
20.5	0.977176
20.49	0.977278
20.48	0.97738
20.47	0.977481
20.46	0.977583
20.45	0.977686
20.44	0.977788
20.43	0.97789
20.42	0.977993
20.41	0.978095
20.4	0.978198
20.39	0.978301
20.38	0.978404
20.37	0.978507
20.36	0.97861
20.35	0.978714
20.34	0.978817
20.33	0.978921
20.32	0.979024
20.31	0.979128
20.3	0.979232
20.29	0.979336
20.28	0.97944
20.27	0.979545
20.26	0.979649
20.25	0.979754
20.24	0.979858
20.23	0.979963
20.22	0.980068
20.21	0.980173
20.2	0.980278
20.19	0.980384
20.18	0.980489
20.17	0.980595
20.16	0.9807
20.15	0.980806
20.14	0.980912
20.13	0.981018
20.12	0.981124
20.11	0.98123
20.1	0.981337
20.09	0.981443
20.08	0.98155
20.07	0.981657
20.06	0.981764
20.05	0.981871
20.04	0.981978
20.03	0.982085
20.02	0.982193
20.01	0.9823
20	0.982408
19.99	0.982516
19.98	0.982624
19.97	0.982732
19.96	0.98284
19.95	0.982948
19.94	0.983057
19.93	0.983165
19.92	0.983274
19.91	0.983383
19.9	0.983492
19.89	0.983601
19.88	0.98371
19.87	0.983819
19.86	0.983929
19.85	0.984038
19.84	0.984148
19.83	0.984258
19.82	0.984368
19.81	0.984478
19.8	0.984588
19.79	0.984699
19.78	0.984809
19.77	0.98492
19.76	0.985031
19.75	0.985142
19.74	0.985253
19.73	0.985364
19.72	0.985475
19.71	0.985587
19.7	0.985698
19.69	0.98581
19.68	0.985922
19.67	0.986034
19.66	0.986146
19.65	0.986258
19.64	0.986371
19.63	0.986483
19.62	0.986596
19.61	0.986709
19.6	0.986822
19.59	0.986935
19.58	0.987048
19.57	0.987161
19.56	0.987275
19.55	0.987388
19.54	0.987502
19.53	0.987616
19.52	0.98773
19.51	0.987844
19.5	0.987959
19.49	0.988073
19.48	0.988188
19.47	0.988302
19.46	0.988417
19.45	0.988532
19.44	0.988648
19.43	0.988763
19.42	0.988878
19.41	0.988994
19.4	0.98911
19.39	0.989226
19.38	0.989342
19.37	0.989458
19.36	0.989574
19.35	0.989691
19.34	0.989807
19.33	0.989924
19.32	0.990041
19.31	0.990158
19.3	0.990275
19.29	0.990392
19.28	0.99051
19.27	0.990627
19.26	0.990745
19.25	0.990863
19.24	0.990981
19.23	0.991099
19.22	0.991217
19.21	0.991336
19.2	0.991455
19.19	0.991573
19.18	0.991692
19.17	0.991811
19.16	0.991931
19.15	0.99205
19.14	0.992169
19.13	0.992289
19.12	0.992409
19.11	0.992529
19.1	0.992649
19.09	0.992769
19.08	0.99289
19.07	0.99301
19.06	0.993131
19.05	0.993252
19.04	0.993373
19.03	0.993494
19.02	0.993615
19.01	0.993737
19	0.993859
18.99	0.99398
18.98	0.994102
18.97	0.994224
18.96	0.994347
18.95	0.994469
18.94	0.994592
18.93	0.994714
18.92	0.994837
18.91	0.99496
18.9	0.995083
18.89	0.995207
18.88	0.99533
18.87	0.995454
18.86	0.995578
18.85	0.995701
18.84	0.995826
18.83	0.99595
18.82	0.996074
18.81	0.996199
18.8	0.996324
18.79	0.996449
18.78	0.996574
18.77	0.996699
18.76	0.996824
18.75	0.99695
18.74	0.997075
18.73	0.997201
18.72	0.997327
18.71	0.997454
18.7	0.99758
18.69	0.997706
18.68	0.997833
18.67	0.99796
18.66	0.998087
18.65	0.998214
18.64	0.998341
18.63	0.998469
18.62	0.998596
18.61	0.998724
18.6	0.998852
18.59	0.99898
18.58	0.999109
18.57	0.999237
18.56	0.999366
18.55	0.999495
18.54	0.999624
18.53	0.999753
18.52	0.999882
18.51	1.00001
18.5	1.00014
18.49	1.00027
18.48	1.0004
18.47	1.00053
18.46	1.00066
18.45	1.00079
18.44	1.00092
18.43	1.00105
18.42	1.00118
18.41	1.00132
18.4	1.00145
18.39	1.00158
18.38	1.00171
18.37	1.00184
18.36	1.00197
18.35	1.00211
18.34	1.00224
18.33	1.00237
18.32	1.0025
18.31	1.00264
18.3	1.00277
18.29	1.0029
18.28	1.00304
18.27	1.00317
18.26	1.0033
18.25	1.00344
18.24	1.00357
18.23	1.00371
18.22	1.00384
18.21	1.00398
18.2	1.00411
18.19	1.00425
18.18	1.00438
18.17	1.00452
18.16	1.00465
18.15	1.00479
18.14	1.00492
18.13	1.00506
18.12	1.0052
18.11	1.00533
18.1	1.00547
18.09	1.00561
18.08	1.00574
18.07	1.00588
18.06	1.00602
18.05	1.00615
18.04	1.00629
18.03	1.00643
18.02	1.00657
18.01	1.00671
18	1.00685
17.99	1.00698
17.98	1.00712
17.97	1.00726
17.96	1.0074
17.95	1.00754
17.94	1.00768
17.93	1.00782
17.92	1.00796
17.91	1.0081
17.9	1.00824
17.89	1.00838
17.88	1.00852
17.87	1.00866
17.86	1.0088
17.85	1.00894
17.84	1.00909
17.83	1.00923
17.82	1.00937
17.81	1.00951
17.8	1.00965
17.79	1.0098
17.78	1.00994
17.77	1.01008
17.76	1.01023
17.75	1.01037
17.74	1.01051
17.73	1.01066
17.72	1.0108
17.71	1.01094
17.7	1.01109
17.69	1.01123
17.68	1.01138
17.67	1.01152
17.66	1.01167
17.65	1.01181
17.64	1.01196
17.63	1.0121
17.62	1.01225
17.61	1.01239
17.6	1.01254
17.59	1.01269
17.58	1.01283
17.57	1.01298
17.56	1.01313
17.55	1.01328
17.54	1.01342
17.53	1.01357
17.52	1.01372
17.51	1.01387
17.5	1.01401
17.49	1.01416
17.48	1.01431
17.47	1.01446
17.46	1.01461
17.45	1.01476
17.44	1.01491
17.43	1.01506
17.42	1.01521
17.41	1.01536
17.4	1.01551
17.39	1.01566
17.38	1.01581
17.37	1.01596
17.36	1.01611
17.35	1.01626
17.34	1.01641
17.33	1.01657
17.32	1.01672
17.31	1.01687
17.3	1.01702
17.29	1.01718
17.28	1.01733
17.27	1.01748
17.26	1.01763
17.25	1.01779
17.24	1.01794
17.23	1.0181
17.22	1.01825
17.21	1.0184
17.2	1.01856
17.19	1.01871
17.18	1.01887
17.17	1.01902
17.16	1.01918
17.15	1.01934
17.14	1.01949
17.13	1.01965
17.12	1.0198
17.11	1.01996
17.1	1.02012
17.09	1.02027
17.08	1.02043
17.07	1.02059
17.06	1.02075
17.05	1.02091
17.04	1.02106
17.03	1.02122
17.02	1.02138
17.01	1.02154
17	1.0217
16.99	1.02186
16.98	1.02202
16.97	1.02218
16.96	1.02234
16.95	1.0225
16.94	1.02266
16.93	1.02282
16.92	1.02298
16.91	1.02314
16.9	1.0233
16.89	1.02346
16.88	1.02363
16.87	1.02379
16.86	1.02395
16.85	1.02411
16.84	1.02427
16.83	1.02444
16.82	1.0246
16.81	1.02476
16.8	1.02493
16.79	1.02509
16.78	1.02526
16.77	1.02542
16.76	1.02559
16.75	1.02575
16.74	1.02592
16.73	1.02608
16.72	1.02625
16.71	1.02641
16.7	1.02658
16.69	1.02675
16.68	1.02691
16.67	1.02708
16.66	1.02725
16.65	1.02741
16.64	1.02758
16.63	1.02775
16.62	1.02792
16.61	1.02809
16.6	1.02825
16.59	1.02842
16.58	1.02859
16.57	1.02876
16.56	1.02893
16.55	1.0291
16.54	1.02927
16.53	1.02944
16.52	1.02961
16.51	1.02978
16.5	1.02995
16.49	1.03013
16.48	1.0303
16.47	1.03047
16.46	1.03064
16.45	1.03081
16.44	1.03099
16.43	1.03116
16.42	1.03133
16.41	1.03151
16.4	1.03168
16.39	1.03185
16.38	1.03203
16.37	1.0322
16.36	1.03238
16.35	1.03255
16.34	1.03273
16.33	1.0329
16.32	1.03308
16.31	1.03326
16.3	1.03343
16.29	1.03361
16.28	1.03379
16.27	1.03396
16.26	1.03414
16.25	1.03432
16.24	1.0345
16.23	1.03467
16.22	1.03485
16.21	1.03503
16.2	1.03521
16.19	1.03539
16.18	1.03557
16.17	1.03575
16.16	1.03593
16.15	1.03611
16.14	1.03629
16.13	1.03647
16.12	1.03665
16.11	1.03683
16.1	1.03702
16.09	1.0372
16.08	1.03738
16.07	1.03756
16.06	1.03775
16.05	1.03793
16.04	1.03811
16.03	1.0383
16.02	1.03848
16.01	1.03866
16	1.03885
15.99	1.03903
15.98	1.03922
15.97	1.0394
15.96	1.03959
15.95	1.03978
15.94	1.03996
15.93	1.04015
15.92	1.04034
15.91	1.04052
15.9	1.04071
15.89	1.0409
15.88	1.04109
15.87	1.04128
15.86	1.04146
15.85	1.04165
15.84	1.04184
15.83	1.04203
15.82	1.04222
15.81	1.04241
15.8	1.0426
15.79	1.04279
15.78	1.04298
15.77	1.04318
15.76	1.04337
15.75	1.04356
15.74	1.04375
15.73	1.04394
15.72	1.04414
15.71	1.04433
15.7	1.04452
15.69	1.04472
15.68	1.04491
15.67	1.04511
15.66	1.0453
15.65	1.0455
15.64	1.04569
15.63	1.04589
15.62	1.04608
15.61	1.04628
15.6	1.04648
15.59	1.04667
15.58	1.04687
15.57	1.04707
15.56	1.04726
15.55	1.04746
15.54	1.04766
15.53	1.04786
15.52	1.04806
15.51	1.04826
15.5	1.04846
15.49	1.04866
15.48	1.04886
15.47	1.04906
15.46	1.04926
15.45	1.04946
15.44	1.04966
15.43	1.04987
15.42	1.05007
15.41	1.05027
15.4	1.05047
15.39	1.05068
15.38	1.05088
15.37	1.05108
15.36	1.05129
15.35	1.05149
15.34	1.0517
15.33	1.0519
15.32	1.05211
15.31	1.05232
15.3	1.05252
15.29	1.05273
15.28	1.05294
15.27	1.05314
15.26	1.05335
15.25	1.05356
15.24	1.05377
15.23	1.05398
15.22	1.05418
15.21	1.05439
15.2	1.0546
15.19	1.05481
15.18	1.05502
15.17	1.05524
15.16	1.05545
15.15	1.05566
15.14	1.05587
15.13	1.05608
15.12	1.05629
15.11	1.05651
15.1	1.05672
15.09	1.05693
15.08	1.05715
15.07	1.05736
15.06	1.05758
15.05	1.05779
15.04	1.05801
15.03	1.05822
15.02	1.05844
15.01	1.05866
15	1.05887
14.99	1.05909
14.98	1.05931
14.97	1.05953
14.96	1.05974
14.95	1.05996
14.94	1.06018
14.93	1.0604
14.92	1.06062
14.91	1.06084
14.9	1.06106
14.89	1.06128
14.88	1.0615
14.87	1.06172
14.86	1.06195
14.85	1.06217
14.84	1.06239
14.83	1.06261
14.82	1.06284
14.81	1.06306
14.8	1.06329
14.79	1.06351
14.78	1.06374
14.77	1.06396
14.76	1.06419
14.75	1.06441
14.74	1.06464
14.73	1.06487
14.72	1.06509
14.71	1.06532
14.7	1.06555
14.69	1.06578
14.68	1.06601
14.67	1.06624
14.66	1.06647
14.65	1.0667
14.64	1.06693
14.63	1.06716
14.62	1.06739
14.61	1.06762
14.6	1.06785
14.59	1.06809
14.58	1.06832
14.57	1.06855
14.56	1.06879
14.55	1.06902
14.54	1.06925
14.53	1.06949
14.52	1.06972
14.51	1.06996
14.5	1.0702
14.49	1.07043
14.48	1.07067
14.47	1.07091
14.46	1.07114
14.45	1.07138
14.44	1.07162
14.43	1.07186
14.42	1.0721
14.41	1.07234
14.4	1.07258
14.39	1.07282
14.38	1.07306
14.37	1.0733
14.36	1.07355
14.35	1.07379
14.34	1.07403
14.33	1.07427
14.32	1.07452
14.31	1.07476
14.3	1.07501
14.29	1.07525
14.28	1.0755
14.27	1.07574
14.26	1.07599
14.25	1.07624
14.24	1.07648
14.23	1.07673
14.22	1.07698
14.21	1.07723
14.2	1.07748
14.19	1.07773
14.18	1.07798
14.17	1.07823
14.16	1.07848
14.15	1.07873
14.14	1.07898
14.13	1.07923
14.12	1.07949
14.11	1.07974
14.1	1.07999
14.09	1.08025
14.08	1.0805
14.07	1.08076
14.06	1.08101
14.05	1.08127
14.04	1.08152
14.03	1.08178
14.02	1.08204
14.01	1.08229
14	1.08255
13.99	1.08281
13.98	1.08307
13.97	1.08333
13.96	1.08359
13.95	1.08385
13.94	1.08411
13.93	1.08437
13.92	1.08463
13.91	1.0849
13.9	1.08516
13.89	1.08542
13.88	1.08569
13.87	1.08595
13.86	1.08622
13.85	1.08648
13.84	1.08675
13.83	1.08701
13.82	1.08728
13.81	1.08755
13.8	1.08782
13.79	1.08808
13.78	1.08835
13.77	1.08862
13.76	1.08889
13.75	1.08916
13.74	1.08943
13.73	1.08971
13.72	1.08998
13.71	1.09025
13.7	1.09052
13.69	1.0908
13.68	1.09107
13.67	1.09134
13.66	1.09162
13.65	1.09189
13.64	1.09217
13.63	1.09245
13.62	1.09272
13.61	1.093
13.6	1.09328
13.59	1.09356
13.58	1.09384
13.57	1.09412
13.56	1.0944
13.55	1.09468
13.54	1.09496
13.53	1.09524
13.52	1.09552
13.51	1.09581
13.5	1.09609
13.49	1.09637
13.48	1.09666
13.47	1.09694
13.46	1.09723
13.45	1.09751
13.44	1.0978
13.43	1.09809
13.42	1.09838
13.41	1.09866
13.4	1.09895
13.39	1.09924
13.38	1.09953
13.37	1.09982
13.36	1.10012
13.35	1.10041
13.34	1.1007
13.33	1.10099
13.32	1.10129
13.31	1.10158
13.3	1.10187
13.29	1.10217
13.28	1.10246
13.27	1.10276
13.26	1.10306
13.25	1.10336
13.24	1.10365
13.23	1.10395
13.22	1.10425
13.21	1.10455
13.2	1.10485
13.19	1.10515
13.18	1.10545
13.17	1.10576
13.16	1.10606
13.15	1.10636
13.14	1.10667
13.13	1.10697
13.12	1.10728
13.11	1.10758
13.1	1.10789
13.09	1.10819
13.08	1.1085
13.07	1.10881
13.06	1.10912
13.05	1.10943
13.04	1.10974
13.03	1.11005
13.02	1.11036
13.01	1.11067
13	1.11098
12.99	1.1113
12.98	1.11161
12.97	1.11193
12.96	1.11224
12.95	1.11256
12.94	1.11287
12.93	1.11319
12.92	1.11351
12.91	1.11383
12.9	1.11414
12.89	1.11446
12.88	1.11478
12.87	1.1151
12.86	1.11543
12.85	1.11575
12.84	1.11607
12.83	1.11639
12.82	1.11672
12.81	1.11704
12.8	1.11737
12.79	1.11769
12.78	1.11802
12.77	1.11835
12.76	1.11868
12.75	1.11901
12.74	1.11934
12.73	1.11967
12.72	1.12
12.71	1.12033
12.7	1.12066
12.69	1.12099
12.68	1.12133
12.67	1.12166
12.66	1.12199
12.65	1.12233
12.64	1.12267
12.63	1.123
12.62	1.12334
12.61	1.12368
12.6	1.12402
12.59	1.12436
12.58	1.1247
12.57	1.12504
12.56	1.12538
12.55	1.12573
12.54	1.12607
12.53	1.12641
12.52	1.12676
12.51	1.1271
12.5	1.12745
12.49	1.1278
12.48	1.12814
12.47	1.12849
12.46	1.12884
12.45	1.12919
12.44	1.12954
12.43	1.12989
12.42	1.13025
12.41	1.1306
12.4	1.13095
12.39	1.13131
12.38	1.13166
12.37	1.13202
12.36	1.13238
12.35	1.13273
12.34	1.13309
12.33	1.13345
12.32	1.13381
12.31	1.13417
12.3	1.13453
12.29	1.13489
12.28	1.13526
12.27	1.13562
12.26	1.13599
12.25	1.13635
12.24	1.13672
12.23	1.13708
12.22	1.13745
12.21	1.13782
12.2	1.13819
12.19	1.13856
12.18	1.13893
12.17	1.1393
12.16	1.13967
12.15	1.14005
12.14	1.14042
12.13	1.1408
12.12	1.14117
12.11	1.14155
12.1	1.14193
12.09	1.1423
12.08	1.14268
12.07	1.14306
12.06	1.14344
12.05	1.14383
12.04	1.14421
12.03	1.14459
12.02	1.14498
12.01	1.14536
12	1.14575
11.99	1.14613
11.98	1.14652
11.97	1.14691
11.96	1.1473
11.95	1.14769
11.94	1.14808
11.93	1.14847
11.92	1.14886
11.91	1.14926
11.9	1.14965
11.89	1.15005
11.88	1.15044
11.87	1.15084
11.86	1.15124
11.85	1.15164
11.84	1.15204
11.83	1.15244
11.82	1.15284
11.81	1.15324
11.8	1.15365
11.79	1.15405
11.78	1.15446
11.77	1.15486
11.76	1.15527
11.75	1.15568
11.74	1.15609
11.73	1.1565
11.72	1.15691
11.71	1.15732
11.7	1.15773
11.69	1.15815
11.68	1.15856
11.67	1.15898
11.66	1.15939
11.65	1.15981
11.64	1.16023
11.63	1.16065
11.62	1.16107
11.61	1.16149
11.6	1.16192
11.59	1.16234
11.58	1.16276
11.57	1.16319
11.56	1.16362
11.55	1.16404
11.54	1.16447
11.53	1.1649
11.52	1.16533
11.51	1.16576
11.5	1.16619
11.49	1.16663
11.48	1.16706
11.47	1.1675
11.46	1.16794
11.45	1.16837
11.44	1.16881
11.43	1.16925
11.42	1.16969
11.41	1.17013
11.4	1.17058
11.39	1.17102
11.38	1.17147
11.37	1.17191
11.36	1.17236
11.35	1.17281
11.34	1.17326
11.33	1.17371
11.32	1.17416
11.31	1.17461
11.3	1.17506
11.29	1.17552
11.28	1.17597
11.27	1.17643
11.26	1.17689
11.25	1.17735
11.24	1.17781
11.23	1.17827
11.22	1.17873
11.21	1.1792
11.2	1.17966
11.19	1.18013
11.18	1.18059
11.17	1.18106
11.16	1.18153
11.15	1.182
11.14	1.18247
11.13	1.18294
11.12	1.18342
11.11	1.18389
11.1	1.18437
11.09	1.18485
11.08	1.18533
11.07	1.1858
11.06	1.18629
11.05	1.18677
11.04	1.18725
11.03	1.18774
11.02	1.18822
11.01	1.18871
11	1.1892
10.99	1.18969
10.98	1.19018
10.97	1.19067
10.96	1.19116
10.95	1.19166
10.94	1.19215
10.93	1.19265
10.92	1.19315
10.91	1.19364
10.9	1.19415
10.89	1.19465
10.88	1.19515
10.87	1.19565
10.86	1.19616
10.85	1.19667
10.84	1.19717
10.83	1.19768
10.82	1.1982
10.81	1.19871
10.8	1.19922
10.79	1.19974
10.78	1.20025
10.77	1.20077
10.76	1.20129
10.75	1.20181
10.74	1.20233
10.73	1.20285
10.72	1.20338
10.71	1.2039
10.7	1.20443
10.69	1.20496
10.68	1.20548
10.67	1.20602
10.66	1.20655
10.65	1.20708
10.64	1.20762
10.63	1.20815
10.62	1.20869
10.61	1.20923
10.6	1.20977
10.59	1.21031
10.58	1.21086
10.57	1.2114
10.56	1.21195
10.55	1.21249
10.54	1.21304
10.53	1.21359
10.52	1.21415
10.51	1.2147
10.5	1.21526
10.49	1.21581
10.48	1.21637
10.47	1.21693
10.46	1.21749
10.45	1.21805
10.44	1.21862
10.43	1.21918
10.42	1.21975
10.41	1.22032
10.4	1.22089
10.39	1.22146
10.38	1.22203
10.37	1.22261
10.36	1.22318
10.35	1.22376
10.34	1.22434
10.33	1.22492
10.32	1.2255
10.31	1.22609
10.3	1.22667
10.29	1.22726
10.28	1.22785
10.27	1.22844
10.26	1.22903
10.25	1.22963
10.24	1.23022
10.23	1.23082
10.22	1.23142
10.21	1.23202
10.2	1.23262
10.19	1.23322
10.18	1.23383
10.17	1.23444
10.16	1.23505
10.15	1.23566
10.14	1.23627
10.13	1.23688
10.12	1.2375
10.11	1.23811
10.1	1.23873
10.09	1.23935
10.08	1.23998
10.07	1.2406
10.06	1.24123
10.05	1.24185
10.04	1.24248
10.03	1.24311
10.02	1.24375
10.01	1.24438
10	1.24502
9.99	1.24566
9.98	1.2463
9.97	1.24694
9.96	1.24758
9.95	1.24823
9.94	1.24888
9.93	1.24953
9.92	1.25018
9.91	1.25083
9.9	1.25149
9.89	1.25214
9.88	1.2528
9.87	1.25346
9.86	1.25413
9.85	1.25479
9.84	1.25546
9.83	1.25613
9.82	1.2568
9.81	1.25747
9.8	1.25814
9.79	1.25882
9.78	1.2595
9.77	1.26018
9.76	1.26086
9.75	1.26154
9.74	1.26223
9.73	1.26292
9.72	1.26361
9.71	1.2643
9.7	1.265
9.69	1.26569
9.68	1.26639
9.67	1.26709
9.66	1.26779
9.65	1.2685
9.64	1.26921
9.63	1.26992
9.62	1.27063
9.61	1.27134
9.6	1.27206
9.59	1.27277
9.58	1.27349
9.57	1.27421
9.56	1.27494
9.55	1.27567
9.54	1.27639
9.53	1.27712
9.52	1.27786
9.51	1.27859
9.5	1.27933
9.49	1.28007
9.48	1.28081
9.47	1.28156
9.46	1.2823
9.45	1.28305
9.44	1.2838
9.43	1.28456
9.42	1.28531
9.41	1.28607
9.4	1.28683
9.39	1.28759
9.38	1.28836
9.37	1.28913
9.36	1.2899
9.35	1.29067
9.34	1.29144
9.33	1.29222
9.32	1.293
9.31	1.29378
9.3	1.29457
9.29	1.29535
9.28	1.29614
9.27	1.29693
9.26	1.29773
9.25	1.29853
9.24	1.29932
9.23	1.30013
9.22	1.30093
9.21	1.30174
9.2	1.30255
9.19	1.30336
9.18	1.30418
9.17	1.30499
9.16	1.30581
9.15	1.30664
9.14	1.30746
9.13	1.30829
9.12	1.30912
9.11	1.30995
9.1	1.31079
9.09	1.31163
9.08	1.31247
9.07	1.31331
9.06	1.31416
9.05	1.31501
9.04	1.31586
9.03	1.31672
9.02	1.31758
9.01	1.31844
9	1.3193
8.99	1.32017
8.98	1.32104
8.97	1.32191
8.96	1.32279
8.95	1.32367
8.94	1.32455
8.93	1.32543
8.92	1.32632
8.91	1.32721
8.9	1.3281
8.89	1.329
8.88	1.3299
8.87	1.3308
8.86	1.3317
8.85	1.33261
8.84	1.33352
8.83	1.33444
8.82	1.33535
8.81	1.33627
8.8	1.3372
8.79	1.33812
8.78	1.33905
8.77	1.33999
8.76	1.34092
8.75	1.34186
8.74	1.34281
8.73	1.34375
8.72	1.3447
8.71	1.34565
8.7	1.34661
8.69	1.34757
8.68	1.34853
8.67	1.3495
8.66	1.35047
8.65	1.35144
8.64	1.35242
8.63	1.35339
8.62	1.35438
8.61	1.35536
8.6	1.35635
8.59	1.35735
8.58	1.35834
8.57	1.35934
8.56	1.36035
8.55	1.36135
8.54	1.36237
8.53	1.36338
8.52	1.3644
8.51	1.36542
8.5	1.36645
8.49	1.36747
8.48	1.36851
8.47	1.36954
8.46	1.37058
8.45	1.37163
8.44	1.37268
8.43	1.37373
8.42	1.37478
8.41	1.37584
8.4	1.37691
8.39	1.37797
8.38	1.37904
8.37	1.38012
8.36	1.3812
8.35	1.38228
8.34	1.38337
8.33	1.38446
8.32	1.38555
8.31	1.38665
8.3	1.38775
8.29	1.38886
8.28	1.38997
8.27	1.39109
8.26	1.39221
8.25	1.39333
8.24	1.39446
8.23	1.39559
8.22	1.39673
8.21	1.39787
8.2	1.39901
8.19	1.40016
8.18	1.40131
8.17	1.40247
8.16	1.40363
8.15	1.4048
8.14	1.40597
8.13	1.40715
8.12	1.40833
8.11	1.40951
8.1	1.4107
8.09	1.4119
8.08	1.41309
8.07	1.4143
8.06	1.41551
8.05	1.41672
8.04	1.41794
8.03	1.41916
8.02	1.42038
8.01	1.42162
8	1.42285
7.99	1.42409
7.98	1.42534
7.97	1.42659
7.96	1.42785
7.95	1.42911
7.94	1.43037
7.93	1.43164
7.92	1.43292
7.91	1.4342
7.9	1.43549
7.89	1.43678
7.88	1.43807
7.87	1.43938
7.86	1.44068
7.85	1.442
7.84	1.44331
7.83	1.44464
7.82	1.44596
7.81	1.4473
7.8	1.44864
7.79	1.44998
7.78	1.45133
7.77	1.45269
7.76	1.45405
7.75	1.45541
7.74	1.45679
7.73	1.45816
7.72	1.45955
7.71	1.46094
7.7	1.46233
7.69	1.46373
7.68	1.46514
7.67	1.46655
7.66	1.46797
7.65	1.4694
7.64	1.47083
7.63	1.47226
7.62	1.47371
7.61	1.47516
7.6	1.47661
7.59	1.47807
7.58	1.47954
7.57	1.48101
7.56	1.48249
7.55	1.48398
7.54	1.48547
7.53	1.48697
7.52	1.48848
7.51	1.48999
7.5	1.49151
7.49	1.49303
7.48	1.49456
7.47	1.4961
7.46	1.49765
7.45	1.4992
7.44	1.50076
7.43	1.50232
7.42	1.5039
7.41	1.50547
7.4	1.50706
7.39	1.50865
7.38	1.51025
7.37	1.51186
7.36	1.51348
7.35	1.5151
7.34	1.51673
7.33	1.51836
7.32	1.52001
7.31	1.52166
7.3	1.52332
7.29	1.52499
7.28	1.52666
7.27	1.52834
7.26	1.53003
7.25	1.53173
7.24	1.53343
7.23	1.53514
7.22	1.53686
7.21	1.53859
7.2	1.54033
7.19	1.54207
7.18	1.54383
7.17	1.54559
7.16	1.54735
7.15	1.54913
7.14	1.55092
7.13	1.55271
7.12	1.55451
7.11	1.55632
7.1	1.55814
7.09	1.55997
7.08	1.56181
7.07	1.56365
7.06	1.56551
7.05	1.56737
7.04	1.56924
7.03	1.57112
7.02	1.57301
7.01	1.57491
7	1.57682
6.99	1.57873
6.98	1.58066
6.97	1.5826
6.96	1.58454
6.95	1.5865
6.94	1.58846
6.93	1.59044
6.92	1.59242
6.91	1.59441
6.9	1.59642
6.89	1.59843
6.88	1.60046
6.87	1.60249
6.86	1.60453
6.85	1.60659
6.84	1.60865
6.83	1.61073
6.82	1.61281
6.81	1.61491
6.8	1.61701
6.79	1.61913
6.78	1.62126
6.77	1.6234
6.76	1.62555
6.75	1.62771
6.74	1.62988
6.73	1.63206
6.72	1.63426
6.71	1.63647
6.7	1.63868
6.69	1.64091
6.68	1.64315
6.67	1.6454
6.66	1.64767
6.65	1.64994
6.64	1.65223
6.63	1.65453
6.62	1.65685
6.61	1.65917
6.6	1.66151
6.59	1.66386
6.58	1.66622
6.57	1.66859
6.56	1.67098
6.55	1.67338
6.54	1.6758
6.53	1.67822
6.52	1.68066
6.51	1.68312
6.5	1.68558
6.49	1.68806
6.48	1.69056
6.47	1.69307
6.46	1.69559
6.45	1.69812
6.44	1.70067
6.43	1.70324
6.42	1.70582
6.41	1.70841
6.4	1.71102
6.39	1.71364
6.38	1.71628
6.37	1.71893
6.36	1.7216
6.35	1.72428
6.34	1.72698
6.33	1.72969
6.32	1.73242
6.31	1.73516
6.3	1.73792
6.29	1.7407
6.28	1.74349
6.27	1.7463
6.26	1.74913
6.25	1.75197
6.24	1.75483
6.23	1.7577
6.22	1.7606
6.21	1.7635
6.2	1.76643
6.19	1.76938
6.18	1.77234
6.17	1.77532
6.16	1.77832
6.15	1.78133
6.14	1.78437
6.13	1.78742
6.12	1.79049
6.11	1.79358
6.1	1.79669
6.09	1.79982
6.08	1.80297
6.07	1.80614
6.06	1.80932
6.05	1.81253
6.04	1.81576
6.03	1.819
6.02	1.82227
6.01	1.82556
6	1.82887
5.99	1.8322
5.98	1.83555
5.97	1.83892
5.96	1.84232
5.95	1.84573
5.94	1.84917
5.93	1.85263
5.92	1.85611
5.91	1.85962
5.9	1.86315
5.89	1.8667
5.88	1.87027
5.87	1.87387
5.86	1.87749
5.85	1.88114
5.84	1.88481
5.83	1.88851
5.82	1.89223
5.81	1.89597
5.8	1.89974
5.79	1.90354
5.78	1.90736
5.77	1.91121
5.76	1.91508
5.75	1.91898
5.74	1.92291
5.73	1.92686
5.72	1.93084
5.71	1.93485
5.7	1.93889
5.69	1.94296
5.68	1.94705
5.67	1.95118
5.66	1.95533
5.65	1.95951
5.64	1.96372
5.63	1.96797
5.62	1.97224
5.61	1.97654
5.6	1.98088
5.59	1.98525
5.58	1.98964
5.57	1.99407
5.56	1.99854
5.55	2.00303
5.54	2.00756
5.53	2.01213
5.52	2.01672
5.51	2.02135
5.5	2.02602
5.49	2.03072
5.48	2.03546
5.47	2.04023
5.46	2.04504
5.45	2.04989
5.44	2.05477
5.43	2.05969
5.42	2.06465
5.41	2.06965
5.4	2.07469
5.39	2.07977
5.38	2.08488
5.37	2.09004
5.36	2.09524
5.35	2.10048
5.34	2.10576
5.33	2.11108
5.32	2.11645
5.31	2.12186
5.3	2.12732
5.29	2.13282
5.28	2.13836
5.27	2.14395
5.26	2.14959
5.25	2.15527
5.24	2.161
5.23	2.16678
5.22	2.17261
5.21	2.17849
5.2	2.18441
5.19	2.19039
5.18	2.19642
5.17	2.2025
5.16	2.20863
5.15	2.21482
5.14	2.22106
5.13	2.22736
5.12	2.23371
5.11	2.24012
5.1	2.24658
5.09	2.2531
5.08	2.25969
5.07	2.26633
5.06	2.27303
5.05	2.27979
5.04	2.28661
5.03	2.2935
5.02	2.30045
5.01	2.30746
5	2.31455
4.99	2.32169
4.98	2.32891
4.97	2.33619
4.96	2.34354
4.95	2.35096
4.94	2.35846
4.93	2.36603
4.92	2.37367
4.91	2.38138
4.9	2.38917
4.89	2.39704
4.88	2.40499
4.87	2.41302
4.86	2.42112
4.85	2.42931
4.84	2.43758
4.83	2.44594
4.82	2.45438
4.81	2.46291
4.8	2.47153
4.79	2.48024
4.78	2.48904
4.77	2.49794
4.76	2.50693
4.75	2.51601
4.74	2.52519
4.73	2.53448
4.72	2.54386
4.71	2.55335
4.7	2.56294
4.69	2.57264
4.68	2.58245
4.67	2.59236
4.66	2.60239
4.65	2.61254
4.64	2.6228
4.63	2.63318
4.62	2.64368
4.61	2.6543
4.6	2.66505
4.59	2.67593
4.58	2.68694
4.57	2.69808
4.56	2.70935
4.55	2.72076
4.54	2.73232
4.53	2.74401
4.52	2.75585
4.51	2.76785
4.5	2.77999
4.49	2.79229
4.48	2.80475
4.47	2.81736
4.46	2.83015
4.45	2.8431
4.44	2.85623
4.43	2.86953
4.42	2.88301
4.41	2.89667
4.4	2.91052
4.39	2.92457
4.38	2.93881
4.37	2.95325
4.36	2.9679
4.35	2.98275
4.34	2.99783
4.33	3.01312
4.32	3.02864
4.31	3.04439
4.3	3.06037
4.29	3.0766
4.28	3.09308
4.27	3.10982
4.26	3.12681
4.25	3.14408
4.24	3.16162
4.23	3.17944
4.22	3.19755
4.21	3.21597
4.2	3.23469
4.19	3.25372
4.18	3.27308
4.17	3.29278
4.16	3.31282
4.15	3.33321
4.14	3.35397
4.13	3.3751
4.12	3.39662
4.11	3.41854
4.1	3.44087
4.09	3.46363
4.08	3.48683
4.07	3.51048
4.06	3.53461
4.05	3.55922
4.04	3.58433
4.03	3.60996
4.02	3.63613
4.01	3.66286
4	3.69018
3.99	3.71809
3.98	3.74664
3.97	3.77583
3.96	3.8057
3.95	3.83628
3.94	3.86759
3.93	3.89967
3.92	3.93255
3.91	3.96627
3.9	4.00086
3.89	4.03637
3.88	4.07283
3.87	4.11031
3.86	4.14884
3.85	4.18849
3.84	4.2293
3.83	4.27136
3.82	4.31471
3.81	4.35945
3.8	4.40564
3.79	4.45339
3.78	4.50278
3.77	4.55392
3.76	4.60694
3.75	4.66196
3.74	4.71912
3.73	4.77859
3.72	4.84054
3.71	4.90517
3.7	4.9727
3.69	5.04339
3.68	5.11754
3.67	5.19545
3.66	5.27753
3.65	5.3642
3.64	5.45598
3.63	5.55347
3.62	5.65738
3.61	5.76859
3.6	5.88813
3.59	6.0173
3.58	6.15771
3.57	6.31141
3.56	6.48109
3.55	6.67032
3.54	6.88403
3.53	7.12931
3.52	7.41682
3.51	7.76378
3.5	8.20065
3.49	8.78975
3.48	9.69474
3.47	11.7159
-3.47	11.7159
-3.48	9.69474
-3.49	8.78975
-3.5	8.20065
-3.51	7.76378
-3.52	7.41682
-3.53	7.12931
-3.54	6.88403
-3.55	6.67032
-3.56	6.48109
-3.57	6.31141
-3.58	6.15771
-3.59	6.0173
-3.6	5.88813
-3.61	5.76859
-3.62	5.65738
-3.63	5.55347
-3.64	5.45598
-3.65	5.3642
-3.66	5.27753
-3.67	5.19545
-3.68	5.11754
-3.69	5.04339
-3.7	4.9727
-3.71	4.90517
-3.72	4.84054
-3.73	4.77859
-3.74	4.71912
-3.75	4.66196
-3.76	4.60694
-3.77	4.55392
-3.78	4.50278
-3.79	4.45339
-3.8	4.40564
-3.81	4.35945
-3.82	4.31471
-3.83	4.27136
-3.84	4.2293
-3.85	4.18849
-3.86	4.14884
-3.87	4.11031
-3.88	4.07283
-3.89	4.03637
-3.9	4.00086
-3.91	3.96627
-3.92	3.93255
-3.93	3.89967
-3.94	3.86759
-3.95	3.83628
-3.96	3.8057
-3.97	3.77583
-3.98	3.74664
-3.99	3.71809
-4	3.69018
-4.01	3.66286
-4.02	3.63613
-4.03	3.60996
-4.04	3.58433
-4.05	3.55922
-4.06	3.53461
-4.07	3.51048
-4.08	3.48683
-4.09	3.46363
-4.1	3.44087
-4.11	3.41854
-4.12	3.39662
-4.13	3.3751
-4.14	3.35397
-4.15	3.33321
-4.16	3.31282
-4.17	3.29278
-4.18	3.27308
-4.19	3.25372
-4.2	3.23469
-4.21	3.21597
-4.22	3.19755
-4.23	3.17944
-4.24	3.16162
-4.25	3.14408
-4.26	3.12681
-4.27	3.10982
-4.28	3.09308
-4.29	3.0766
-4.3	3.06037
-4.31	3.04439
-4.32	3.02864
-4.33	3.01312
-4.34	2.99783
-4.35	2.98275
-4.36	2.9679
-4.37	2.95325
-4.38	2.93881
-4.39	2.92457
-4.4	2.91052
-4.41	2.89667
-4.42	2.88301
-4.43	2.86953
-4.44	2.85623
-4.45	2.8431
-4.46	2.83015
-4.47	2.81736
-4.48	2.80475
-4.49	2.79229
-4.5	2.77999
-4.51	2.76785
-4.52	2.75585
-4.53	2.74401
-4.54	2.73232
-4.55	2.72076
-4.56	2.70935
-4.57	2.69808
-4.58	2.68694
-4.59	2.67593
-4.6	2.66505
-4.61	2.6543
-4.62	2.64368
-4.63	2.63318
-4.64	2.6228
-4.65	2.61254
-4.66	2.60239
-4.67	2.59236
-4.68	2.58245
-4.69	2.57264
-4.7	2.56294
-4.71	2.55335
-4.72	2.54386
-4.73	2.53448
-4.74	2.52519
-4.75	2.51601
-4.76	2.50693
-4.77	2.49794
-4.78	2.48904
-4.79	2.48024
-4.8	2.47153
-4.81	2.46291
-4.82	2.45438
-4.83	2.44594
-4.84	2.43758
-4.85	2.42931
-4.86	2.42112
-4.87	2.41302
-4.88	2.40499
-4.89	2.39704
-4.9	2.38917
-4.91	2.38138
-4.92	2.37367
-4.93	2.36603
-4.94	2.35846
-4.95	2.35096
-4.96	2.34354
-4.97	2.33619
-4.98	2.32891
-4.99	2.32169
-5	2.31455
-5.01	2.30746
-5.02	2.30045
-5.03	2.2935
-5.04	2.28661
-5.05	2.27979
-5.06	2.27303
-5.07	2.26633
-5.08	2.25969
-5.09	2.2531
-5.1	2.24658
-5.11	2.24012
-5.12	2.23371
-5.13	2.22736
-5.14	2.22106
-5.15	2.21482
-5.16	2.20863
-5.17	2.2025
-5.18	2.19642
-5.19	2.19039
-5.2	2.18441
-5.21	2.17849
-5.22	2.17261
-5.23	2.16678
-5.24	2.161
-5.25	2.15527
-5.26	2.14959
-5.27	2.14395
-5.28	2.13836
-5.29	2.13282
-5.3	2.12732
-5.31	2.12186
-5.32	2.11645
-5.33	2.11108
-5.34	2.10576
-5.35	2.10048
-5.36	2.09524
-5.37	2.09004
-5.38	2.08488
-5.39	2.07977
-5.4	2.07469
-5.41	2.06965
-5.42	2.06465
-5.43	2.05969
-5.44	2.05477
-5.45	2.04989
-5.46	2.04504
-5.47	2.04023
-5.48	2.03546
-5.49	2.03072
-5.5	2.02602
-5.51	2.02135
-5.52	2.01672
-5.53	2.01213
-5.54	2.00756
-5.55	2.00303
-5.56	1.99854
-5.57	1.99407
-5.58	1.98964
-5.59	1.98525
-5.6	1.98088
-5.61	1.97654
-5.62	1.97224
-5.63	1.96797
-5.64	1.96372
-5.65	1.95951
-5.66	1.95533
-5.67	1.95118
-5.68	1.94705
-5.69	1.94296
-5.7	1.93889
-5.71	1.93485
-5.72	1.93084
-5.73	1.92686
-5.74	1.92291
-5.75	1.91898
-5.76	1.91508
-5.77	1.91121
-5.78	1.90736
-5.79	1.90354
-5.8	1.89974
-5.81	1.89597
-5.82	1.89223
-5.83	1.88851
-5.84	1.88481
-5.85	1.88114
-5.86	1.87749
-5.87	1.87387
-5.88	1.87027
-5.89	1.8667
-5.9	1.86315
-5.91	1.85962
-5.92	1.85611
-5.93	1.85263
-5.94	1.84917
-5.95	1.84573
-5.96	1.84232
-5.97	1.83892
-5.98	1.83555
-5.99	1.8322
-6	1.82887
-6.01	1.82556
-6.02	1.82227
-6.03	1.819
-6.04	1.81576
-6.05	1.81253
-6.06	1.80932
-6.07	1.80614
-6.08	1.80297
-6.09	1.79982
-6.1	1.79669
-6.11	1.79358
-6.12	1.79049
-6.13	1.78742
-6.14	1.78437
-6.15	1.78133
-6.16	1.77832
-6.17	1.77532
-6.18	1.77234
-6.19	1.76938
-6.2	1.76643
-6.21	1.7635
-6.22	1.7606
-6.23	1.7577
-6.24	1.75483
-6.25	1.75197
-6.26	1.74913
-6.27	1.7463
-6.28	1.74349
-6.29	1.7407
-6.3	1.73792
-6.31	1.73516
-6.32	1.73242
-6.33	1.72969
-6.34	1.72698
-6.35	1.72428
-6.36	1.7216
-6.37	1.71893
-6.38	1.71628
-6.39	1.71364
-6.4	1.71102
-6.41	1.70841
-6.42	1.70582
-6.43	1.70324
-6.44	1.70067
-6.45	1.69812
-6.46	1.69559
-6.47	1.69307
-6.48	1.69056
-6.49	1.68806
-6.5	1.68558
-6.51	1.68312
-6.52	1.68066
-6.53	1.67822
-6.54	1.6758
-6.55	1.67338
-6.56	1.67098
-6.57	1.66859
-6.58	1.66622
-6.59	1.66386
-6.6	1.66151
-6.61	1.65917
-6.62	1.65685
-6.63	1.65453
-6.64	1.65223
-6.65	1.64994
-6.66	1.64767
-6.67	1.6454
-6.68	1.64315
-6.69	1.64091
-6.7	1.63868
-6.71	1.63647
-6.72	1.63426
-6.73	1.63206
-6.74	1.62988
-6.75	1.62771
-6.76	1.62555
-6.77	1.6234
-6.78	1.62126
-6.79	1.61913
-6.8	1.61701
-6.81	1.61491
-6.82	1.61281
-6.83	1.61073
-6.84	1.60865
-6.85	1.60659
-6.86	1.60453
-6.87	1.60249
-6.88	1.60046
-6.89	1.59843
-6.9	1.59642
-6.91	1.59441
-6.92	1.59242
-6.93	1.59044
-6.94	1.58846
-6.95	1.5865
-6.96	1.58454
-6.97	1.5826
-6.98	1.58066
-6.99	1.57873
-7	1.57682
-7.01	1.57491
-7.02	1.57301
-7.03	1.57112
-7.04	1.56924
-7.05	1.56737
-7.06	1.56551
-7.07	1.56365
-7.08	1.56181
-7.09	1.55997
-7.1	1.55814
-7.11	1.55632
-7.12	1.55451
-7.13	1.55271
-7.14	1.55092
-7.15	1.54913
-7.16	1.54735
-7.17	1.54559
-7.18	1.54383
-7.19	1.54207
-7.2	1.54033
-7.21	1.53859
-7.22	1.53686
-7.23	1.53514
-7.24	1.53343
-7.25	1.53173
-7.26	1.53003
-7.27	1.52834
-7.28	1.52666
-7.29	1.52499
-7.3	1.52332
-7.31	1.52166
-7.32	1.52001
-7.33	1.51836
-7.34	1.51673
-7.35	1.5151
-7.36	1.51348
-7.37	1.51186
-7.38	1.51025
-7.39	1.50865
-7.4	1.50706
-7.41	1.50547
-7.42	1.5039
-7.43	1.50232
-7.44	1.50076
-7.45	1.4992
-7.46	1.49765
-7.47	1.4961
-7.48	1.49456
-7.49	1.49303
-7.5	1.49151
-7.51	1.48999
-7.52	1.48848
-7.53	1.48697
-7.54	1.48547
-7.55	1.48398
-7.56	1.48249
-7.57	1.48101
-7.58	1.47954
-7.59	1.47807
-7.6	1.47661
-7.61	1.47516
-7.62	1.47371
-7.63	1.47226
-7.64	1.47083
-7.65	1.4694
-7.66	1.46797
-7.67	1.46655
-7.68	1.46514
-7.69	1.46373
-7.7	1.46233
-7.71	1.46094
-7.72	1.45955
-7.73	1.45816
-7.74	1.45679
-7.75	1.45541
-7.76	1.45405
-7.77	1.45269
-7.78	1.45133
-7.79	1.44998
-7.8	1.44864
-7.81	1.4473
-7.82	1.44596
-7.83	1.44464
-7.84	1.44331
-7.85	1.442
-7.86	1.44068
-7.87	1.43938
-7.88	1.43807
-7.89	1.43678
-7.9	1.43549
-7.91	1.4342
-7.92	1.43292
-7.93	1.43164
-7.94	1.43037
-7.95	1.42911
-7.96	1.42785
-7.97	1.42659
-7.98	1.42534
-7.99	1.42409
-8	1.42285
-8.01	1.42162
-8.02	1.42038
-8.03	1.41916
-8.04	1.41794
-8.05	1.41672
-8.06	1.41551
-8.07	1.4143
-8.08	1.41309
-8.09	1.4119
-8.1	1.4107
-8.11	1.40951
-8.12	1.40833
-8.13	1.40715
-8.14	1.40597
-8.15	1.4048
-8.16	1.40363
-8.17	1.40247
-8.18	1.40131
-8.19	1.40016
-8.2	1.39901
-8.21	1.39787
-8.22	1.39673
-8.23	1.39559
-8.24	1.39446
-8.25	1.39333
-8.26	1.39221
-8.27	1.39109
-8.28	1.38997
-8.29	1.38886
-8.3	1.38775
-8.31	1.38665
-8.32	1.38555
-8.33	1.38446
-8.34	1.38337
-8.35	1.38228
-8.36	1.3812
-8.37	1.38012
-8.38	1.37904
-8.39	1.37797
-8.4	1.37691
-8.41	1.37584
-8.42	1.37478
-8.43	1.37373
-8.44	1.37268
-8.45	1.37163
-8.46	1.37058
-8.47	1.36954
-8.48	1.36851
-8.49	1.36747
-8.5	1.36645
-8.51	1.36542
-8.52	1.3644
-8.53	1.36338
-8.54	1.36237
-8.55	1.36135
-8.56	1.36035
-8.57	1.35934
-8.58	1.35834
-8.59	1.35735
-8.6	1.35635
-8.61	1.35536
-8.62	1.35438
-8.63	1.35339
-8.64	1.35242
-8.65	1.35144
-8.66	1.35047
-8.67	1.3495
-8.68	1.34853
-8.69	1.34757
-8.7	1.34661
-8.71	1.34565
-8.72	1.3447
-8.73	1.34375
-8.74	1.34281
-8.75	1.34186
-8.76	1.34092
-8.77	1.33999
-8.78	1.33905
-8.79	1.33812
-8.8	1.3372
-8.81	1.33627
-8.82	1.33535
-8.83	1.33444
-8.84	1.33352
-8.85	1.33261
-8.86	1.3317
-8.87	1.3308
-8.88	1.3299
-8.89	1.329
-8.9	1.3281
-8.91	1.32721
-8.92	1.32632
-8.93	1.32543
-8.94	1.32455
-8.95	1.32367
-8.96	1.32279
-8.97	1.32191
-8.98	1.32104
-8.99	1.32017
-9	1.3193
-9.01	1.31844
-9.02	1.31758
-9.03	1.31672
-9.04	1.31586
-9.05	1.31501
-9.06	1.31416
-9.07	1.31331
-9.08	1.31247
-9.09	1.31163
-9.1	1.31079
-9.11	1.30995
-9.12	1.30912
-9.13	1.30829
-9.14	1.30746
-9.15	1.30664
-9.16	1.30581
-9.17	1.30499
-9.18	1.30418
-9.19	1.30336
-9.2	1.30255
-9.21	1.30174
-9.22	1.30093
-9.23	1.30013
-9.24	1.29932
-9.25	1.29853
-9.26	1.29773
-9.27	1.29693
-9.28	1.29614
-9.29	1.29535
-9.3	1.29457
-9.31	1.29378
-9.32	1.293
-9.33	1.29222
-9.34	1.29144
-9.35	1.29067
-9.36	1.2899
-9.37	1.28913
-9.38	1.28836
-9.39	1.28759
-9.4	1.28683
-9.41	1.28607
-9.42	1.28531
-9.43	1.28456
-9.44	1.2838
-9.45	1.28305
-9.46	1.2823
-9.47	1.28156
-9.48	1.28081
-9.49	1.28007
-9.5	1.27933
-9.51	1.27859
-9.52	1.27786
-9.53	1.27712
-9.54	1.27639
-9.55	1.27567
-9.56	1.27494
-9.57	1.27421
-9.58	1.27349
-9.59	1.27277
-9.6	1.27206
-9.61	1.27134
-9.62	1.27063
-9.63	1.26992
-9.64	1.26921
-9.65	1.2685
-9.66	1.26779
-9.67	1.26709
-9.68	1.26639
-9.69	1.26569
-9.7	1.265
-9.71	1.2643
-9.72	1.26361
-9.73	1.26292
-9.74	1.26223
-9.75	1.26154
-9.76	1.26086
-9.77	1.26018
-9.78	1.2595
-9.79	1.25882
-9.8	1.25814
-9.81	1.25747
-9.82	1.2568
-9.83	1.25613
-9.84	1.25546
-9.85	1.25479
-9.86	1.25413
-9.87	1.25346
-9.88	1.2528
-9.89	1.25214
-9.9	1.25149
-9.91	1.25083
-9.92	1.25018
-9.93	1.24953
-9.94	1.24888
-9.95	1.24823
-9.96	1.24758
-9.97	1.24694
-9.98	1.2463
-9.99	1.24566
-10	1.24502
-10.01	1.24438
-10.02	1.24375
-10.03	1.24311
-10.04	1.24248
-10.05	1.24185
-10.06	1.24123
-10.07	1.2406
-10.08	1.23998
-10.09	1.23935
-10.1	1.23873
-10.11	1.23811
-10.12	1.2375
-10.13	1.23688
-10.14	1.23627
-10.15	1.23566
-10.16	1.23505
-10.17	1.23444
-10.18	1.23383
-10.19	1.23322
-10.2	1.23262
-10.21	1.23202
-10.22	1.23142
-10.23	1.23082
-10.24	1.23022
-10.25	1.22963
-10.26	1.22903
-10.27	1.22844
-10.28	1.22785
-10.29	1.22726
-10.3	1.22667
-10.31	1.22609
-10.32	1.2255
-10.33	1.22492
-10.34	1.22434
-10.35	1.22376
-10.36	1.22318
-10.37	1.22261
-10.38	1.22203
-10.39	1.22146
-10.4	1.22089
-10.41	1.22032
-10.42	1.21975
-10.43	1.21918
-10.44	1.21862
-10.45	1.21805
-10.46	1.21749
-10.47	1.21693
-10.48	1.21637
-10.49	1.21581
-10.5	1.21526
-10.51	1.2147
-10.52	1.21415
-10.53	1.21359
-10.54	1.21304
-10.55	1.21249
-10.56	1.21195
-10.57	1.2114
-10.58	1.21086
-10.59	1.21031
-10.6	1.20977
-10.61	1.20923
-10.62	1.20869
-10.63	1.20815
-10.64	1.20762
-10.65	1.20708
-10.66	1.20655
-10.67	1.20602
-10.68	1.20548
-10.69	1.20496
-10.7	1.20443
-10.71	1.2039
-10.72	1.20338
-10.73	1.20285
-10.74	1.20233
-10.75	1.20181
-10.76	1.20129
-10.77	1.20077
-10.78	1.20025
-10.79	1.19974
-10.8	1.19922
-10.81	1.19871
-10.82	1.1982
-10.83	1.19768
-10.84	1.19717
-10.85	1.19667
-10.86	1.19616
-10.87	1.19565
-10.88	1.19515
-10.89	1.19465
-10.9	1.19415
-10.91	1.19364
-10.92	1.19315
-10.93	1.19265
-10.94	1.19215
-10.95	1.19166
-10.96	1.19116
-10.97	1.19067
-10.98	1.19018
-10.99	1.18969
-11	1.1892
-11.01	1.18871
-11.02	1.18822
-11.03	1.18774
-11.04	1.18725
-11.05	1.18677
-11.06	1.18629
-11.07	1.1858
-11.08	1.18533
-11.09	1.18485
-11.1	1.18437
-11.11	1.18389
-11.12	1.18342
-11.13	1.18294
-11.14	1.18247
-11.15	1.182
-11.16	1.18153
-11.17	1.18106
-11.18	1.18059
-11.19	1.18013
-11.2	1.17966
-11.21	1.1792
-11.22	1.17873
-11.23	1.17827
-11.24	1.17781
-11.25	1.17735
-11.26	1.17689
-11.27	1.17643
-11.28	1.17597
-11.29	1.17552
-11.3	1.17506
-11.31	1.17461
-11.32	1.17416
-11.33	1.17371
-11.34	1.17326
-11.35	1.17281
-11.36	1.17236
-11.37	1.17191
-11.38	1.17147
-11.39	1.17102
-11.4	1.17058
-11.41	1.17013
-11.42	1.16969
-11.43	1.16925
-11.44	1.16881
-11.45	1.16837
-11.46	1.16794
-11.47	1.1675
-11.48	1.16706
-11.49	1.16663
-11.5	1.16619
-11.51	1.16576
-11.52	1.16533
-11.53	1.1649
-11.54	1.16447
-11.55	1.16404
-11.56	1.16362
-11.57	1.16319
-11.58	1.16276
-11.59	1.16234
-11.6	1.16192
-11.61	1.16149
-11.62	1.16107
-11.63	1.16065
-11.64	1.16023
-11.65	1.15981
-11.66	1.15939
-11.67	1.15898
-11.68	1.15856
-11.69	1.15815
-11.7	1.15773
-11.71	1.15732
-11.72	1.15691
-11.73	1.1565
-11.74	1.15609
-11.75	1.15568
-11.76	1.15527
-11.77	1.15486
-11.78	1.15446
-11.79	1.15405
-11.8	1.15365
-11.81	1.15324
-11.82	1.15284
-11.83	1.15244
-11.84	1.15204
-11.85	1.15164
-11.86	1.15124
-11.87	1.15084
-11.88	1.15044
-11.89	1.15005
-11.9	1.14965
-11.91	1.14926
-11.92	1.14886
-11.93	1.14847
-11.94	1.14808
-11.95	1.14769
-11.96	1.1473
-11.97	1.14691
-11.98	1.14652
-11.99	1.14613
-12	1.14575
-12.01	1.14536
-12.02	1.14498
-12.03	1.14459
-12.04	1.14421
-12.05	1.14383
-12.06	1.14344
-12.07	1.14306
-12.08	1.14268
-12.09	1.1423
-12.1	1.14193
-12.11	1.14155
-12.12	1.14117
-12.13	1.1408
-12.14	1.14042
-12.15	1.14005
-12.16	1.13967
-12.17	1.1393
-12.18	1.13893
-12.19	1.13856
-12.2	1.13819
-12.21	1.13782
-12.22	1.13745
-12.23	1.13708
-12.24	1.13672
-12.25	1.13635
-12.26	1.13599
-12.27	1.13562
-12.28	1.13526
-12.29	1.13489
-12.3	1.13453
-12.31	1.13417
-12.32	1.13381
-12.33	1.13345
-12.34	1.13309
-12.35	1.13273
-12.36	1.13238
-12.37	1.13202
-12.38	1.13166
-12.39	1.13131
-12.4	1.13095
-12.41	1.1306
-12.42	1.13025
-12.43	1.12989
-12.44	1.12954
-12.45	1.12919
-12.46	1.12884
-12.47	1.12849
-12.48	1.12814
-12.49	1.1278
-12.5	1.12745
-12.51	1.1271
-12.52	1.12676
-12.53	1.12641
-12.54	1.12607
-12.55	1.12573
-12.56	1.12538
-12.57	1.12504
-12.58	1.1247
-12.59	1.12436
-12.6	1.12402
-12.61	1.12368
-12.62	1.12334
-12.63	1.123
-12.64	1.12267
-12.65	1.12233
-12.66	1.12199
-12.67	1.12166
-12.68	1.12133
-12.69	1.12099
-12.7	1.12066
-12.71	1.12033
-12.72	1.12
-12.73	1.11967
-12.74	1.11934
-12.75	1.11901
-12.76	1.11868
-12.77	1.11835
-12.78	1.11802
-12.79	1.11769
-12.8	1.11737
-12.81	1.11704
-12.82	1.11672
-12.83	1.11639
-12.84	1.11607
-12.85	1.11575
-12.86	1.11543
-12.87	1.1151
-12.88	1.11478
-12.89	1.11446
-12.9	1.11414
-12.91	1.11383
-12.92	1.11351
-12.93	1.11319
-12.94	1.11287
-12.95	1.11256
-12.96	1.11224
-12.97	1.11193
-12.98	1.11161
-12.99	1.1113
-13	1.11098
-13.01	1.11067
-13.02	1.11036
-13.03	1.11005
-13.04	1.10974
-13.05	1.10943
-13.06	1.10912
-13.07	1.10881
-13.08	1.1085
-13.09	1.10819
-13.1	1.10789
-13.11	1.10758
-13.12	1.10728
-13.13	1.10697
-13.14	1.10667
-13.15	1.10636
-13.16	1.10606
-13.17	1.10576
-13.18	1.10545
-13.19	1.10515
-13.2	1.10485
-13.21	1.10455
-13.22	1.10425
-13.23	1.10395
-13.24	1.10365
-13.25	1.10336
-13.26	1.10306
-13.27	1.10276
-13.28	1.10246
-13.29	1.10217
-13.3	1.10187
-13.31	1.10158
-13.32	1.10129
-13.33	1.10099
-13.34	1.1007
-13.35	1.10041
-13.36	1.10012
-13.37	1.09982
-13.38	1.09953
-13.39	1.09924
-13.4	1.09895
-13.41	1.09866
-13.42	1.09838
-13.43	1.09809
-13.44	1.0978
-13.45	1.09751
-13.46	1.09723
-13.47	1.09694
-13.48	1.09666
-13.49	1.09637
-13.5	1.09609
-13.51	1.09581
-13.52	1.09552
-13.53	1.09524
-13.54	1.09496
-13.55	1.09468
-13.56	1.0944
-13.57	1.09412
-13.58	1.09384
-13.59	1.09356
-13.6	1.09328
-13.61	1.093
-13.62	1.09272
-13.63	1.09245
-13.64	1.09217
-13.65	1.09189
-13.66	1.09162
-13.67	1.09134
-13.68	1.09107
-13.69	1.0908
-13.7	1.09052
-13.71	1.09025
-13.72	1.08998
-13.73	1.08971
-13.74	1.08943
-13.75	1.08916
-13.76	1.08889
-13.77	1.08862
-13.78	1.08835
-13.79	1.08808
-13.8	1.08782
-13.81	1.08755
-13.82	1.08728
-13.83	1.08701
-13.84	1.08675
-13.85	1.08648
-13.86	1.08622
-13.87	1.08595
-13.88	1.08569
-13.89	1.08542
-13.9	1.08516
-13.91	1.0849
-13.92	1.08463
-13.93	1.08437
-13.94	1.08411
-13.95	1.08385
-13.96	1.08359
-13.97	1.08333
-13.98	1.08307
-13.99	1.08281
-14	1.08255
-14.01	1.08229
-14.02	1.08204
-14.03	1.08178
-14.04	1.08152
-14.05	1.08127
-14.06	1.08101
-14.07	1.08076
-14.08	1.0805
-14.09	1.08025
-14.1	1.07999
-14.11	1.07974
-14.12	1.07949
-14.13	1.07923
-14.14	1.07898
-14.15	1.07873
-14.16	1.07848
-14.17	1.07823
-14.18	1.07798
-14.19	1.07773
-14.2	1.07748
-14.21	1.07723
-14.22	1.07698
-14.23	1.07673
-14.24	1.07648
-14.25	1.07624
-14.26	1.07599
-14.27	1.07574
-14.28	1.0755
-14.29	1.07525
-14.3	1.07501
-14.31	1.07476
-14.32	1.07452
-14.33	1.07427
-14.34	1.07403
-14.35	1.07379
-14.36	1.07355
-14.37	1.0733
-14.38	1.07306
-14.39	1.07282
-14.4	1.07258
-14.41	1.07234
-14.42	1.0721
-14.43	1.07186
-14.44	1.07162
-14.45	1.07138
-14.46	1.07114
-14.47	1.07091
-14.48	1.07067
-14.49	1.07043
-14.5	1.0702
-14.51	1.06996
-14.52	1.06972
-14.53	1.06949
-14.54	1.06925
-14.55	1.06902
-14.56	1.06879
-14.57	1.06855
-14.58	1.06832
-14.59	1.06809
-14.6	1.06785
-14.61	1.06762
-14.62	1.06739
-14.63	1.06716
-14.64	1.06693
-14.65	1.0667
-14.66	1.06647
-14.67	1.06624
-14.68	1.06601
-14.69	1.06578
-14.7	1.06555
-14.71	1.06532
-14.72	1.06509
-14.73	1.06487
-14.74	1.06464
-14.75	1.06441
-14.76	1.06419
-14.77	1.06396
-14.78	1.06374
-14.79	1.06351
-14.8	1.06329
-14.81	1.06306
-14.82	1.06284
-14.83	1.06261
-14.84	1.06239
-14.85	1.06217
-14.86	1.06195
-14.87	1.06172
-14.88	1.0615
-14.89	1.06128
-14.9	1.06106
-14.91	1.06084
-14.92	1.06062
-14.93	1.0604
-14.94	1.06018
-14.95	1.05996
-14.96	1.05974
-14.97	1.05953
-14.98	1.05931
-14.99	1.05909
-15	1.05887
-15.01	1.05866
-15.02	1.05844
-15.03	1.05822
-15.04	1.05801
-15.05	1.05779
-15.06	1.05758
-15.07	1.05736
-15.08	1.05715
-15.09	1.05693
-15.1	1.05672
-15.11	1.05651
-15.12	1.05629
-15.13	1.05608
-15.14	1.05587
-15.15	1.05566
-15.16	1.05545
-15.17	1.05524
-15.18	1.05502
-15.19	1.05481
-15.2	1.0546
-15.21	1.05439
-15.22	1.05418
-15.23	1.05398
-15.24	1.05377
-15.25	1.05356
-15.26	1.05335
-15.27	1.05314
-15.28	1.05294
-15.29	1.05273
-15.3	1.05252
-15.31	1.05232
-15.32	1.05211
-15.33	1.0519
-15.34	1.0517
-15.35	1.05149
-15.36	1.05129
-15.37	1.05108
-15.38	1.05088
-15.39	1.05068
-15.4	1.05047
-15.41	1.05027
-15.42	1.05007
-15.43	1.04987
-15.44	1.04966
-15.45	1.04946
-15.46	1.04926
-15.47	1.04906
-15.48	1.04886
-15.49	1.04866
-15.5	1.04846
-15.51	1.04826
-15.52	1.04806
-15.53	1.04786
-15.54	1.04766
-15.55	1.04746
-15.56	1.04726
-15.57	1.04707
-15.58	1.04687
-15.59	1.04667
-15.6	1.04648
-15.61	1.04628
-15.62	1.04608
-15.63	1.04589
-15.64	1.04569
-15.65	1.0455
-15.66	1.0453
-15.67	1.04511
-15.68	1.04491
-15.69	1.04472
-15.7	1.04452
-15.71	1.04433
-15.72	1.04414
-15.73	1.04394
-15.74	1.04375
-15.75	1.04356
-15.76	1.04337
-15.77	1.04318
-15.78	1.04298
-15.79	1.04279
-15.8	1.0426
-15.81	1.04241
-15.82	1.04222
-15.83	1.04203
-15.84	1.04184
-15.85	1.04165
-15.86	1.04146
-15.87	1.04128
-15.88	1.04109
-15.89	1.0409
-15.9	1.04071
-15.91	1.04052
-15.92	1.04034
-15.93	1.04015
-15.94	1.03996
-15.95	1.03978
-15.96	1.03959
-15.97	1.0394
-15.98	1.03922
-15.99	1.03903
-16	1.03885
-16.01	1.03866
-16.02	1.03848
-16.03	1.0383
-16.04	1.03811
-16.05	1.03793
-16.06	1.03775
-16.07	1.03756
-16.08	1.03738
-16.09	1.0372
-16.1	1.03702
-16.11	1.03683
-16.12	1.03665
-16.13	1.03647
-16.14	1.03629
-16.15	1.03611
-16.16	1.03593
-16.17	1.03575
-16.18	1.03557
-16.19	1.03539
-16.2	1.03521
-16.21	1.03503
-16.22	1.03485
-16.23	1.03467
-16.24	1.0345
-16.25	1.03432
-16.26	1.03414
-16.27	1.03396
-16.28	1.03379
-16.29	1.03361
-16.3	1.03343
-16.31	1.03326
-16.32	1.03308
-16.33	1.0329
-16.34	1.03273
-16.35	1.03255
-16.36	1.03238
-16.37	1.0322
-16.38	1.03203
-16.39	1.03185
-16.4	1.03168
-16.41	1.03151
-16.42	1.03133
-16.43	1.03116
-16.44	1.03099
-16.45	1.03081
-16.46	1.03064
-16.47	1.03047
-16.48	1.0303
-16.49	1.03013
-16.5	1.02995
-16.51	1.02978
-16.52	1.02961
-16.53	1.02944
-16.54	1.02927
-16.55	1.0291
-16.56	1.02893
-16.57	1.02876
-16.58	1.02859
-16.59	1.02842
-16.6	1.02825
-16.61	1.02809
-16.62	1.02792
-16.63	1.02775
-16.64	1.02758
-16.65	1.02741
-16.66	1.02725
-16.67	1.02708
-16.68	1.02691
-16.69	1.02675
-16.7	1.02658
-16.71	1.02641
-16.72	1.02625
-16.73	1.02608
-16.74	1.02592
-16.75	1.02575
-16.76	1.02559
-16.77	1.02542
-16.78	1.02526
-16.79	1.02509
-16.8	1.02493
-16.81	1.02476
-16.82	1.0246
-16.83	1.02444
-16.84	1.02427
-16.85	1.02411
-16.86	1.02395
-16.87	1.02379
-16.88	1.02363
-16.89	1.02346
-16.9	1.0233
-16.91	1.02314
-16.92	1.02298
-16.93	1.02282
-16.94	1.02266
-16.95	1.0225
-16.96	1.02234
-16.97	1.02218
-16.98	1.02202
-16.99	1.02186
-17	1.0217
-17.01	1.02154
-17.02	1.02138
-17.03	1.02122
-17.04	1.02106
-17.05	1.02091
-17.06	1.02075
-17.07	1.02059
-17.08	1.02043
-17.09	1.02027
-17.1	1.02012
-17.11	1.01996
-17.12	1.0198
-17.13	1.01965
-17.14	1.01949
-17.15	1.01934
-17.16	1.01918
-17.17	1.01902
-17.18	1.01887
-17.19	1.01871
-17.2	1.01856
-17.21	1.0184
-17.22	1.01825
-17.23	1.0181
-17.24	1.01794
-17.25	1.01779
-17.26	1.01763
-17.27	1.01748
-17.28	1.01733
-17.29	1.01718
-17.3	1.01702
-17.31	1.01687
-17.32	1.01672
-17.33	1.01657
-17.34	1.01641
-17.35	1.01626
-17.36	1.01611
-17.37	1.01596
-17.38	1.01581
-17.39	1.01566
-17.4	1.01551
-17.41	1.01536
-17.42	1.01521
-17.43	1.01506
-17.44	1.01491
-17.45	1.01476
-17.46	1.01461
-17.47	1.01446
-17.48	1.01431
-17.49	1.01416
-17.5	1.01401
-17.51	1.01387
-17.52	1.01372
-17.53	1.01357
-17.54	1.01342
-17.55	1.01328
-17.56	1.01313
-17.57	1.01298
-17.58	1.01283
-17.59	1.01269
-17.6	1.01254
-17.61	1.01239
-17.62	1.01225
-17.63	1.0121
-17.64	1.01196
-17.65	1.01181
-17.66	1.01167
-17.67	1.01152
-17.68	1.01138
-17.69	1.01123
-17.7	1.01109
-17.71	1.01094
-17.72	1.0108
-17.73	1.01066
-17.74	1.01051
-17.75	1.01037
-17.76	1.01023
-17.77	1.01008
-17.78	1.00994
-17.79	1.0098
-17.8	1.00965
-17.81	1.00951
-17.82	1.00937
-17.83	1.00923
-17.84	1.00909
-17.85	1.00894
-17.86	1.0088
-17.87	1.00866
-17.88	1.00852
-17.89	1.00838
-17.9	1.00824
-17.91	1.0081
-17.92	1.00796
-17.93	1.00782
-17.94	1.00768
-17.95	1.00754
-17.96	1.0074
-17.97	1.00726
-17.98	1.00712
-17.99	1.00698
-18	1.00685
-18.01	1.00671
-18.02	1.00657
-18.03	1.00643
-18.04	1.00629
-18.05	1.00615
-18.06	1.00602
-18.07	1.00588
-18.08	1.00574
-18.09	1.00561
-18.1	1.00547
-18.11	1.00533
-18.12	1.0052
-18.13	1.00506
-18.14	1.00492
-18.15	1.00479
-18.16	1.00465
-18.17	1.00452
-18.18	1.00438
-18.19	1.00425
-18.2	1.00411
-18.21	1.00398
-18.22	1.00384
-18.23	1.00371
-18.24	1.00357
-18.25	1.00344
-18.26	1.0033
-18.27	1.00317
-18.28	1.00304
-18.29	1.0029
-18.3	1.00277
-18.31	1.00264
-18.32	1.0025
-18.33	1.00237
-18.34	1.00224
-18.35	1.00211
-18.36	1.00197
-18.37	1.00184
-18.38	1.00171
-18.39	1.00158
-18.4	1.00145
-18.41	1.00132
-18.42	1.00118
-18.43	1.00105
-18.44	1.00092
-18.45	1.00079
-18.46	1.00066
-18.47	1.00053
-18.48	1.0004
-18.49	1.00027
-18.5	1.00014
-18.51	1.00001
-18.52	0.999882
-18.53	0.999753
-18.54	0.999624
-18.55	0.999495
-18.56	0.999366
-18.57	0.999237
-18.58	0.999109
-18.59	0.99898
-18.6	0.998852
-18.61	0.998724
-18.62	0.998596
-18.63	0.998469
-18.64	0.998341
-18.65	0.998214
-18.66	0.998087
-18.67	0.99796
-18.68	0.997833
-18.69	0.997706
-18.7	0.99758
-18.71	0.997454
-18.72	0.997327
-18.73	0.997201
-18.74	0.997075
-18.75	0.99695
-18.76	0.996824
-18.77	0.996699
-18.78	0.996574
-18.79	0.996449
-18.8	0.996324
-18.81	0.996199
-18.82	0.996074
-18.83	0.99595
-18.84	0.995826
-18.85	0.995701
-18.86	0.995578
-18.87	0.995454
-18.88	0.99533
-18.89	0.995207
-18.9	0.995083
-18.91	0.99496
-18.92	0.994837
-18.93	0.994714
-18.94	0.994592
-18.95	0.994469
-18.96	0.994347
-18.97	0.994224
-18.98	0.994102
-18.99	0.99398
-19	0.993859
-19.01	0.993737
-19.02	0.993615
-19.03	0.993494
-19.04	0.993373
-19.05	0.993252
-19.06	0.993131
-19.07	0.99301
-19.08	0.99289
-19.09	0.992769
-19.1	0.992649
-19.11	0.992529
-19.12	0.992409
-19.13	0.992289
-19.14	0.992169
-19.15	0.99205
-19.16	0.991931
-19.17	0.991811
-19.18	0.991692
-19.19	0.991573
-19.2	0.991455
-19.21	0.991336
-19.22	0.991217
-19.23	0.991099
-19.24	0.990981
-19.25	0.990863
-19.26	0.990745
-19.27	0.990627
-19.28	0.99051
-19.29	0.990392
-19.3	0.990275
-19.31	0.990158
-19.32	0.990041
-19.33	0.989924
-19.34	0.989807
-19.35	0.989691
-19.36	0.989574
-19.37	0.989458
-19.38	0.989342
-19.39	0.989226
-19.4	0.98911
-19.41	0.988994
-19.42	0.988878
-19.43	0.988763
-19.44	0.988648
-19.45	0.988532
-19.46	0.988417
-19.47	0.988302
-19.48	0.988188
-19.49	0.988073
-19.5	0.987959
-19.51	0.987844
-19.52	0.98773
-19.53	0.987616
-19.54	0.987502
-19.55	0.987388
-19.56	0.987275
-19.57	0.987161
-19.58	0.987048
-19.59	0.986935
-19.6	0.986822
-19.61	0.986709
-19.62	0.986596
-19.63	0.986483
-19.64	0.986371
-19.65	0.986258
-19.66	0.986146
-19.67	0.986034
-19.68	0.985922
-19.69	0.98581
-19.7	0.985698
-19.71	0.985587
-19.72	0.985475
-19.73	0.985364
-19.74	0.985253
-19.75	0.985142
-19.76	0.985031
-19.77	0.98492
-19.78	0.984809
-19.79	0.984699
-19.8	0.984588
-19.81	0.984478
-19.82	0.984368
-19.83	0.984258
-19.84	0.984148
-19.85	0.984038
-19.86	0.983929
-19.87	0.983819
-19.88	0.98371
-19.89	0.983601
-19.9	0.983492
-19.91	0.983383
-19.92	0.983274
-19.93	0.983165
-19.94	0.983057
-19.95	0.982948
-19.96	0.98284
-19.97	0.982732
-19.98	0.982624
-19.99	0.982516
-20	0.982408
-20.01	0.9823
-20.02	0.982193
-20.03	0.982085
-20.04	0.981978
-20.05	0.981871
-20.06	0.981764
-20.07	0.981657
-20.08	0.98155
-20.09	0.981443
-20.1	0.981337
-20.11	0.98123
-20.12	0.981124
-20.13	0.981018
-20.14	0.980912
-20.15	0.980806
-20.16	0.9807
-20.17	0.980595
-20.18	0.980489
-20.19	0.980384
-20.2	0.980278
-20.21	0.980173
-20.22	0.980068
-20.23	0.979963
-20.24	0.979858
-20.25	0.979754
-20.26	0.979649
-20.27	0.979545
-20.28	0.97944
-20.29	0.979336
-20.3	0.979232
-20.31	0.979128
-20.32	0.979024
-20.33	0.978921
-20.34	0.978817
-20.35	0.978714
-20.36	0.97861
-20.37	0.978507
-20.38	0.978404
-20.39	0.978301
-20.4	0.978198
-20.41	0.978095
-20.42	0.977993
-20.43	0.97789
-20.44	0.977788
-20.45	0.977686
-20.46	0.977583
-20.47	0.977481
-20.48	0.97738
-20.49	0.977278
-20.5	0.977176
-20.51	0.977074
-20.52	0.976973
-20.53	0.976872
-20.54	0.97677
-20.55	0.976669
-20.56	0.976568
-20.57	0.976467
-20.58	0.976367
-20.59	0.976266
-20.6	0.976165
-20.61	0.976065
-20.62	0.975965
-20.63	0.975865
-20.64	0.975765
-20.65	0.975665
-20.66	0.975565
-20.67	0.975465
-20.68	0.975365
-20.69	0.975266
-20.7	0.975166
-20.71	0.975067
-20.72	0.974968
-20.73	0.974869
-20.74	0.97477
-20.75	0.974671
-20.76	0.974573
-20.77	0.974474
-20.78	0.974375
-20.79	0.974277
-20.8	0.974179
-20.81	0.974081
-20.82	0.973983
-20.83	0.973885
-20.84	0.973787
-20.85	0.973689
-20.86	0.973592
-20.87	0.973494
-20.88	0.973397
-20.89	0.973299
-20.9	0.973202
-20.91	0.973105
-20.92	0.973008
-20.93	0.972911
-20.94	0.972815
-20.95	0.972718
-20.96	0.972621
-20.97	0.972525
-20.98	0.972429
-20.99	0.972333
-21	0.972237
-21.01	0.97214
-21.02	0.972045
-21.03	0.971949
-21.04	0.971853
-21.05	0.971758
-21.06	0.971662
-21.07	0.971567
-21.08	0.971472
-21.09	0.971377
-21.1	0.971282
-21.11	0.971187
-21.12	0.971092
-21.13	0.970997
-21.14	0.970903
-21.15	0.970808
-21.16	0.970714
-21.17	0.970619
-21.18	0.970525
-21.19	0.970431
-21.2	0.970337
-21.21	0.970243
-21.22	0.97015
-21.23	0.970056
-21.24	0.969962
-21.25	0.969869
-21.26	0.969775
-21.27	0.969682
-21.28	0.969589
-21.29	0.969496
-21.3	0.969403
-21.31	0.96931
-21.32	0.969218
-21.33	0.969125
-21.34	0.969032
-21.35	0.96894
-21.36	0.968848
-21.37	0.968755
-21.38	0.968663
-21.39	0.968571
-21.4	0.968479
-21.41	0.968387
-21.42	0.968296
-21.43	0.968204
-21.44	0.968113
-21.45	0.968021
-21.46	0.96793
-21.47	0.967839
-21.48	0.967748
-21.49	0.967656
-21.5	0.967566
-21.51	0.967475
-21.52	0.967384
-21.53	0.967293
-21.54	0.967203
-21.55	0.967112
-21.56	0.967022
-21.57	0.966932
-21.58	0.966842
-21.59	0.966752
-21.6	0.966662
-21.61	0.966572
-21.62	0.966482
-21.63	0.966392
-21.64	0.966303
-21.65	0.966213
-21.66	0.966124
-21.67	0.966035
-21.68	0.965946
-21.69	0.965856
-21.7	0.965768
-21.71	0.965679
-21.72	0.96559
-21.73	0.965501
-21.74	0.965413
-21.75	0.965324
-21.76	0.965236
-21.77	0.965147
-21.78	0.965059
-21.79	0.964971
-21.8	0.964883
-21.81	0.964795
-21.82	0.964707
-21.83	0.964619
-21.84	0.964532
-21.85	0.964444
-21.86	0.964357
-21.87	0.964269
-21.88	0.964182
-21.89	0.964095
-21.9	0.964008
-21.91	0.963921
-21.92	0.963834
-21.93	0.963747
-21.94	0.96366
-21.95	0.963574
-21.96	0.963487
-21.97	0.963401
-21.98	0.963314
-21.99	0.963228
-22	0.963142
-22.01	0.963056
-22.02	0.96297
-22.03	0.962884
-22.04	0.962798
-22.05	0.962712
-22.06	0.962627
-22.07	0.962541
-22.08	0.962456
-22.09	0.96237
-22.1	0.962285
-22.11	0.9622
-22.12	0.962115
-22.13	0.96203
-22.14	0.961945
-22.15	0.96186
-22.16	0.961775
-22.17	0.961691
-22.18	0.961606
-22.19	0.961522
-22.2	0.961437
-22.21	0.961353
-22.22	0.961269
-22.23	0.961185
-22.24	0.961101
-22.25	0.961017
-22.26	0.960933
-22.27	0.960849
-22.28	0.960765
-22.29	0.960682
-22.3	0.960598
-22.31	0.960515
-22.32	0.960432
-22.33	0.960348
-22.34	0.960265
-22.35	0.960182
-22.36	0.960099
-22.37	0.960016
-22.38	0.959933
-22.39	0.959851
-22.4	0.959768
-22.41	0.959686
-22.42	0.959603
-22.43	0.959521
-22.44	0.959438
-22.45	0.959356
-22.46	0.959274
-22.47	0.959192
-22.48	0.95911
-22.49	0.959028
-22.5	0.958946
-22.51	0.958865
-22.52	0.958783
-22.53	0.958702
-22.54	0.95862
-22.55	0.958539
-22.56	0.958457
-22.57	0.958376
-22.58	0.958295
-22.59	0.958214
-22.6	0.958133
-22.61	0.958052
-22.62	0.957972
-22.63	0.957891
-22.64	0.95781
-22.65	0.95773
-22.66	0.957649
-22.67	0.957569
-22.68	0.957489
-22.69	0.957408
-22.7	0.957328
-22.71	0.957248
-22.72	0.957168
-22.73	0.957088
-22.74	0.957008
-22.75	0.956929
-22.76	0.956849
-22.77	0.95677
-22.78	0.95669
-22.79	0.956611
-22.8	0.956531
-22.81	0.956452
-22.82	0.956373
-22.83	0.956294
-22.84	0.956215
-22.85	0.956136
-22.86	0.956057
-22.87	0.955978
-22.88	0.9559
-22.89	0.955821
-22.9	0.955743
-22.91	0.955664
-22.92	0.955586
-22.93	0.955508
-22.94	0.955429
-22.95	0.955351
-22.96	0.955273
-22.97	0.955195
-22.98	0.955117
-22.99	0.95504
-23	0.954962
-23.01	0.954884
-23.02	0.954807
-23.03	0.954729
-23.04	0.954652
-23.05	0.954574
-23.06	0.954497
-23.07	0.95442
-23.08	0.954343
-23.09	0.954266
-23.1	0.954189
-23.11	0.954112
-23.12	0.954035
-23.13	0.953959
-23.14	0.953882
-23.15	0.953805
-23.16	0.953729
-23.17	0.953652
-23.18	0.953576
-23.19	0.9535
-23.2	0.953424
-23.21	0.953348
-23.22	0.953272
-23.23	0.953196
-23.24	0.95312
-23.25	0.953044
-23.26	0.952968
-23.27	0.952893
-23.28	0.952817
-23.29	0.952741
-23.3	0.952666
-23.31	0.952591
-23.32	0.952515
-23.33	0.95244
-23.34	0.952365
-23.35	0.95229
-23.36	0.952215
-23.37	0.95214
-23.38	0.952065
-23.39	0.95199
-23.4	0.951916
-23.41	0.951841
-23.42	0.951767
-23.43	0.951692
-23.44	0.951618
-23.45	0.951543
-23.46	0.951469
-23.47	0.951395
-23.48	0.951321
-23.49	0.951247
-23.5	0.951173
-23.51	0.951099
-23.52	0.951025
-23.53	0.950952
-23.54	0.950878
-23.55	0.950804
-23.56	0.950731
-23.57	0.950657
-23.58	0.950584
-23.59	0.950511
-23.6	0.950437
-23.61	0.950364
-23.62	0.950291
-23.63	0.950218
-23.64	0.950145
-23.65	0.950072
-23.66	0.949999
-23.67	0.949927
-23.68	0.949854
-23.69	0.949781
-23.7	0.949709
-23.71	0.949636
-23.72	0.949564
-23.73	0.949492
-23.74	0.94942
-23.75	0.949347
-23.76	0.949275
-23.77	0.949203
-23.78	0.949131
-23.79	0.949059
-23.8	0.948988
-23.81	0.948916
-23.82	0.948844
-23.83	0.948772
-23.84	0.948701
-23.85	0.948629
-23.86	0.948558
-23.87	0.948487
-23.88	0.948415
-23.89	0.948344
-23.9	0.948273
-23.91	0.948202
-23.92	0.948131
-23.93	0.94806
-23.94	0.947989
-23.95	0.947918
-23.96	0.947848
-23.97	0.947777
-23.98	0.947706
-23.99	0.947636
-24	0.947565
-24.01	0.947495
-24.02	0.947425
-24.03	0.947355
-24.04	0.947284
-24.05	0.947214
-24.06	0.947144
-24.07	0.947074
-24.08	0.947004
-24.09	0.946934
-24.1	0.946865
-24.11	0.946795
-24.12	0.946725
-24.13	0.946656
-24.14	0.946586
-24.15	0.946517
-24.16	0.946447
-24.17	0.946378
-24.18	0.946309
-24.19	0.94624
-24.2	0.94617
-24.21	0.946101
-24.22	0.946032
-24.23	0.945963
-24.24	0.945895
-24.25	0.945826
-24.26	0.945757
-24.27	0.945688
-24.28	0.94562
-24.29	0.945551
-24.3	0.945483
-24.31	0.945414
-24.32	0.945346
-24.33	0.945278
-24.34	0.94521
-24.35	0.945141
-24.36	0.945073
-24.37	0.945005
-24.38	0.944937
-24.39	0.944869
-24.4	0.944802
-24.41	0.944734
-24.42	0.944666
-24.43	0.944598
-24.44	0.944531
-24.45	0.944463
-24.46	0.944396
-24.47	0.944329
-24.48	0.944261
-24.49	0.944194
-24.5	0.944127
-24.51	0.94406
-24.52	0.943993
-24.53	0.943926
-24.54	0.943859
-24.55	0.943792
-24.56	0.943725
-24.57	0.943658
-24.58	0.943591
-24.59	0.943525
-24.6	0.943458
-24.61	0.943392
-24.62	0.943325
-24.63	0.943259
-24.64	0.943193
-24.65	0.943126
-24.66	0.94306
-24.67	0.942994
-24.68	0.942928
-24.69	0.942862
-24.7	0.942796
-24.71	0.94273
-24.72	0.942664
-24.73	0.942598
-24.74	0.942533
-24.75	0.942467
-24.76	0.942401
-24.77	0.942336
-24.78	0.942271
-24.79	0.942205
-24.8	0.94214
-24.81	0.942074
-24.82	0.942009
-24.83	0.941944
-24.84	0.941879
-24.85	0.941814
-24.86	0.941749
-24.87	0.941684
-24.88	0.941619
-24.89	0.941554
-24.9	0.94149
-24.91	0.941425
-24.92	0.94136
-24.93	0.941296
-24.94	0.941231
-24.95	0.941167
-24.96	0.941102
-24.97	0.941038
-24.98	0.940974
-24.99	0.94091
-25	0.940845
-25.01	0.940781
-25.02	0.940717
-25.03	0.940653
-25.04	0.940589
-25.05	0.940525
-25.06	0.940462
-25.07	0.940398
-25.08	0.940334
-25.09	0.940271
-25.1	0.940207
-25.11	0.940143
-25.12	0.94008
-25.13	0.940017
-25.14	0.939953
-25.15	0.93989
-25.16	0.939827
-25.17	0.939764
-25.18	0.9397
-25.19	0.939637
-25.2	0.939574
-25.21	0.939511
-25.22	0.939449
-25.23	0.939386
-25.24	0.939323
-25.25	0.93926
-25.26	0.939198
-25.27	0.939135
-25.28	0.939072
-25.29	0.93901
-25.3	0.938947
-25.31	0.938885
-25.32	0.938823
-25.33	0.938761
-25.34	0.938698
-25.35	0.938636
-25.36	0.938574
-25.37	0.938512
-25.38	0.93845
-25.39	0.938388
-25.4	0.938326
-25.41	0.938264
-25.42	0.938203
-25.43	0.938141
-25.44	0.938079
-25.45	0.938018
-25.46	0.937956
-25.47	0.937895
-25.48	0.937833
-25.49	0.937772
-25.5	0.937711
-25.51	0.937649
-25.52	0.937588
-25.53	0.937527
-25.54	0.937466
-25.55	0.937405
-25.56	0.937344
-25.57	0.937283
-25.58	0.937222
-25.59	0.937161
-25.6	0.9371
-25.61	0.93704
-25.62	0.936979
-25.63	0.936918
-25.64	0.936858
-25.65	0.936797
-25.66	0.936737
-25.67	0.936676
-25.68	0.936616
-25.69	0.936556
-25.7	0.936496
-25.71	0.936435
-25.72	0.936375
-25.73	0.936315
-25.74	0.936255
-25.75	0.936195
-25.76	0.936135
-25.77	0.936075
-25.78	0.936016
-25.79	0.935956
-25.8	0.935896
-25.81	0.935836
-25.82	0.935777
-25.83	0.935717
-25.84	0.935658
-25.85	0.935598
-25.86	0.935539
-25.87	0.93548
-25.88	0.93542
-25.89	0.935361
-25.9	0.935302
-25.91	0.935243
-25.92	0.935184
-25.93	0.935125
-25.94	0.935066
-25.95	0.935007
-25.96	0.934948
-25.97	0.934889
-25.98	0.93483
-25.99	0.934772
-26	0.934713
-26.01	0.934654
-26.02	0.934596
-26.03	0.934537
-26.04	0.934479
-26.05	0.93442
-26.06	0.934362
-26.07	0.934304
-26.08	0.934245
-26.09	0.934187
-26.1	0.934129
-26.11	0.934071
-26.12	0.934013
-26.13	0.933955
-26.14	0.933897
-26.15	0.933839
-26.16	0.933781
-26.17	0.933723
-26.18	0.933666
-26.19	0.933608
-26.2	0.93355
-26.21	0.933493
-26.22	0.933435
-26.23	0.933378
-26.24	0.93332
-26.25	0.933263
-26.26	0.933205
-26.27	0.933148
-26.28	0.933091
-26.29	0.933034
-26.3	0.932976
-26.31	0.932919
-26.32	0.932862
-26.33	0.932805
-26.34	0.932748
-26.35	0.932691
-26.36	0.932634
-26.37	0.932578
-26.38	0.932521
-26.39	0.932464
-26.4	0.932407
-26.41	0.932351
-26.42	0.932294
-26.43	0.932238
-26.44	0.932181
-26.45	0.932125
-26.46	0.932069
-26.47	0.932012
-26.48	0.931956
-26.49	0.9319
-26.5	0.931844
-26.51	0.931787
-26.52	0.931731
-26.53	0.931675
-26.54	0.931619
-26.55	0.931563
-26.56	0.931507
-26.57	0.931452
-26.58	0.931396
-26.59	0.93134
-26.6	0.931284
-26.61	0.931229
-26.62	0.931173
-26.63	0.931117
-26.64	0.931062
-26.65	0.931006
-26.66	0.930951
-26.67	0.930896
-26.68	0.93084
-26.69	0.930785
-26.7	0.93073
-26.71	0.930675
-26.72	0.93062
-26.73	0.930564
-26.74	0.930509
-26.75	0.930454
-26.76	0.930399
-26.77	0.930345
-26.78	0.93029
-26.79	0.930235
-26.8	0.93018
-26.81	0.930125
-26.82	0.930071
-26.83	0.930016
-26.84	0.929962
-26.85	0.929907
-26.86	0.929852
-26.87	0.929798
-26.88	0.929744
-26.89	0.929689
-26.9	0.929635
-26.91	0.929581
-26.92	0.929526
-26.93	0.929472
-26.94	0.929418
-26.95	0.929364
-26.96	0.92931
-26.97	0.929256
-26.98	0.929202
-26.99	0.929148
-27	0.929094
-27.01	0.929041
-27.02	0.928987
-27.03	0.928933
-27.04	0.928879
-27.05	0.928826
-27.06	0.928772
-27.07	0.928719
-27.08	0.928665
-27.09	0.928612
-27.1	0.928558
-27.11	0.928505
-27.12	0.928452
-27.13	0.928398
-27.14	0.928345
-27.15	0.928292
-27.16	0.928239
-27.17	0.928186
-27.18	0.928133
-27.19	0.92808
-27.2	0.928027
-27.21	0.927974
-27.22	0.927921
-27.23	0.927868
-27.24	0.927815
-27.25	0.927763
-27.26	0.92771
-27.27	0.927657
-27.28	0.927605
-27.29	0.927552
-27.3	0.9275
-27.31	0.927447
-27.32	0.927395
-27.33	0.927342
-27.34	0.92729
-27.35	0.927238
-27.36	0.927185
-27.37	0.927133
-27.38	0.927081
-27.39	0.927029
-27.4	0.926977
-27.41	0.926925
-27.42	0.926873
-27.43	0.926821
-27.44	0.926769
-27.45	0.926717
-27.46	0.926665
-27.47	0.926613
-27.48	0.926561
-27.49	0.92651
-27.5	0.926458
-27.51	0.926407
-27.52	0.926355
-27.53	0.926303
-27.54	0.926252
-27.55	0.9262
-27.56	0.926149
-27.57	0.926098
-27.58	0.926046
-27.59	0.925995
-27.6	0.925944
-27.61	0.925893
-27.62	0.925841
-27.63	0.92579
-27.64	0.925739
-27.65	0.925688
-27.66	0.925637
-27.67	0.925586
-27.68	0.925535
-27.69	0.925484
-27.7	0.925434
-27.71	0.925383
-27.72	0.925332
-27.73	0.925281
-27.74	0.925231
-27.75	0.92518
-27.76	0.92513
-27.77	0.925079
-27.78	0.925029
-27.79	0.924978
-27.8	0.924928
-27.81	0.924877
-27.82	0.924827
-27.83	0.924777
-27.84	0.924726
-27.85	0.924676
-27.86	0.924626
-27.87	0.924576
-27.88	0.924526
-27.89	0.924476
-27.9	0.924426
-27.91	0.924376
-27.92	0.924326
-27.93	0.924276
-27.94	0.924226
-27.95	0.924176
-27.96	0.924127
-27.97	0.924077
-27.98	0.924027
-27.99	0.923977
-28	0.923928
-28.01	0.923878
-28.02	0.923829
-28.03	0.923779
-28.04	0.92373
-28.05	0.92368
-28.06	0.923631
-28.07	0.923582
-28.08	0.923532
-28.09	0.923483
-28.1	0.923434
-28.11	0.923385
-28.12	0.923336
-28.13	0.923287
-28.14	0.923238
-28.15	0.923189
-28.16	0.92314
-28.17	0.923091
-28.18	0.923042
-28.19	0.922993
-28.2	0.922944
-28.21	0.922895
-28.22	0.922847
-28.23	0.922798
-28.24	0.922749
-28.25	0.922701
-28.26	0.922652
-28.27	0.922603
-28.28	0.922555
-28.29	0.922507
-28.3	0.922458
-28.31	0.92241
-28.32	0.922361
-28.33	0.922313
-28.34	0.922265
-28.35	0.922216
-28.36	0.922168
-28.37	0.92212
-28.38	0.922072
-28.39	0.922024
-28.4	0.921976
-28.41	0.921928
-28.42	0.92188
-28.43	0.921832
-28.44	0.921784
-28.45	0.921736
-28.46	0.921688
-28.47	0.921641
-28.48	0.921593
-28.49	0.921545
-28.5	0.921497
-28.51	0.92145
-28.52	0.921402
-28.53	0.921355
-28.54	0.921307
-28.55	0.92126
-28.56	0.921212
-28.57	0.921165
-28.58	0.921117
-28.59	0.92107
-28.6	0.921023
-28.61	0.920976
-28.62	0.920928
-28.63	0.920881
-28.64	0.920834
-28.65	0.920787
-28.66	0.92074
-28.67	0.920693
-28.68	0.920646
-28.69	0.920599
-28.7	0.920552
-28.71	0.920505
-28.72	0.920458
-28.73	0.920411
-28.74	0.920365
-28.75	0.920318
-28.76	0.920271
-28.77	0.920224
-28.78	0.920178
-28.79	0.920131
-28.8	0.920085
-28.81	0.920038
-28.82	0.919992
-28.83	0.919945
-28.84	0.919899
-28.85	0.919852
-28.86	0.919806
-28.87	0.91976
-28.88	0.919714
-28.89	0.919667
-28.9	0.919621
-28.91	0.919575
-28.92	0.919529
-28.93	0.919483
-28.94	0.919437
-28.95	0.919391
-28.96	0.919345
-28.97	0.919299
-28.98	0.919253
-28.99	0.919207
-29	0.919161
-29.01	0.919115
-29.02	0.919069
-29.03	0.919024
-29.04	0.918978
-29.05	0.918932
-29.06	0.918887
-29.07	0.918841
-29.08	0.918796
-29.09	0.91875
-29.1	0.918705
-29.11	0.918659
-29.12	0.918614
-29.13	0.918568
-29.14	0.918523
-29.15	0.918478
-29.16	0.918432
-29.17	0.918387
-29.18	0.918342
-29.19	0.918297
-29.2	0.918252
-29.21	0.918207
-29.22	0.918161
-29.23	0.918116
-29.24	0.918071
-29.25	0.918026
-29.26	0.917982
-29.27	0.917937
-29.28	0.917892
-29.29	0.917847
-29.3	0.917802
-29.31	0.917757
-29.32	0.917713
-29.33	0.917668
-29.34	0.917623
-29.35	0.917579
-29.36	0.917534
-29.37	0.917489
-29.38	0.917445
-29.39	0.9174
-29.4	0.917356
-29.41	0.917312
-29.42	0.917267
-29.43	0.917223
-29.44	0.917179
-29.45	0.917134
-29.46	0.91709
-29.47	0.917046
-29.48	0.917002
-29.49	0.916957
-29.5	0.916913
-29.51	0.916869
-29.52	0.916825
-29.53	0.916781
-29.54	0.916737
-29.55	0.916693
-29.56	0.916649
-29.57	0.916605
-29.58	0.916562
-29.59	0.916518
-29.6	0.916474
-29.61	0.91643
-29.62	0.916386
-29.63	0.916343
-29.64	0.916299
-29.65	0.916256
-29.66	0.916212
-29.67	0.916168
-29.68	0.916125
-29.69	0.916081
-29.7	0.916038
-29.71	0.915995
-29.72	0.915951
-29.73	0.915908
-29.74	0.915864
-29.75	0.915821
-29.76	0.915778
-29.77	0.915735
-29.78	0.915691
-29.79	0.915648
-29.8	0.915605
-29.81	0.915562
-29.82	0.915519
-29.83	0.915476
-29.84	0.915433
-29.85	0.91539
-29.86	0.915347
-29.87	0.915304
-29.88	0.915261
-29.89	0.915218
-29.9	0.915176
-29.91	0.915133
-29.92	0.91509
-29.93	0.915047
-29.94	0.915005
-29.95	0.914962
-29.96	0.914919
-29.97	0.914877
-29.98	0.914834
-29.99	0.914792
-30	0.914749
