x	y
30	0.763427
29.99	0.763458
29.98	0.763489
29.97	0.763521
29.96	0.763552
29.95	0.763583
29.94	0.763615
29.93	0.763646
29.92	0.763677
29.91	0.763709
29.9	0.76374
29.89	0.763772
29.88	0.763803
29.87	0.763835
29.86	0.763866
29.85	0.763898
29.84	0.763929
29.83	0.763961
29.82	0.763993
29.81	0.764024
29.8	0.764056
29.79	0.764088
29.78	0.764119
29.77	0.764151
29.76	0.764183
29.75	0.764215
29.74	0.764246
29.73	0.764278
29.72	0.76431
29.71	0.764342
29.7	0.764374
29.69	0.764406
29.68	0.764438
29.67	0.76447
29.66	0.764502
29.65	0.764534
29.64	0.764566
29.63	0.764598
29.62	0.76463
29.61	0.764662
29.6	0.764694
29.59	0.764726
29.58	0.764758
29.57	0.764791
29.56	0.764823
29.55	0.764855
29.54	0.764887
29.53	0.76492
29.52	0.764952
29.51	0.764984
29.5	0.765017
29.49	0.765049
29.48	0.765082
29.47	0.765114
29.46	0.765147
29.45	0.765179
29.44	0.765212
29.43	0.765244
29.42	0.765277
29.41	0.765309
29.4	0.765342
29.39	0.765375
29.38	0.765407
29.37	0.76544
29.36	0.765473
29.35	0.765505
29.34	0.765538
29.33	0.765571
29.32	0.765604
29.31	0.765637
29.3	0.76567
29.29	0.765702
29.28	0.765735
29.27	0.765768
29.26	0.765801
29.25	0.765834
29.24	0.765867
29.23	0.7659
29.22	0.765933
29.21	0.765966
29.2	0.766
29.19	0.766033
29.18	0.766066
29.17	0.766099
29.16	0.766132
29.15	0.766166
29.14	0.766199
29.13	0.766232
29.12	0.766265
29.11	0.766299
29.1	0.766332
29.09	0.766366
29.08	0.766399
29.07	0.766432
29.06	0.766466
29.05	0.766499
29.04	0.766533
29.03	0.766567
29.02	0.7666
29.01	0.766634
29	0.766667
28.99	0.766701
28.98	0.766735
28.97	0.766768
28.96	0.766802
28.95	0.766836
28.94	0.76687
28.93	0.766903
28.92	0.766937
28.91	0.766971
28.9	0.767005
28.89	0.767039
28.88	0.767073
28.87	0.767107
28.86	0.767141
28.85	0.767175
28.84	0.767209
28.83	0.767243
28.82	0.767277
28.81	0.767311
28.8	0.767345
28.79	0.76738
28.78	0.767414
28.77	0.767448
28.76	0.767482
28.75	0.767516
28.74	0.767551
28.73	0.767585
28.72	0.767619
28.71	0.767654
28.7	0.767688
28.69	0.767723
28.68	0.767757
28.67	0.767792
28.66	0.767826
28.65	0.767861
28.64	0.767895
28.63	0.76793
28.62	0.767965
28.61	0.767999
28.6	0.768034
28.59	0.768069
28.58	0.768103
28.57	0.768138
28.56	0.768173
28.55	0.768208
28.54	0.768243
28.53	0.768277
28.52	0.768312
28.51	0.768347
28.5	0.768382
28.49	0.768417
28.48	0.768452
28.47	0.768487
28.46	0.768522
28.45	0.768557
28.44	0.768593
28.43	0.768628
28.42	0.768663
28.41	0.768698
28.4	0.768733
28.39	0.768769
28.38	0.768804
28.37	0.768839
28.36	0.768875
28.35	0.76891
28.34	0.768945
28.33	0.768981
28.32	0.769016
28.31	0.769052
28.3	0.769087
28.29	0.769123
28.28	0.769158
28.27	0.769194
28.26	0.769229
28.25	0.769265
28.24	0.769301
28.23	0.769336
28.22	0.769372
28.21	0.769408
28.2	0.769444
28.19	0.76948
28.18	0.769515
28.17	0.769551
28.16	0.769587
28.15	0.769623
28.14	0.769659
28.13	0.769695
28.12	0.769731
28.11	0.769767
28.1	0.769803
28.09	0.769839
28.08	0.769875
28.07	0.769912
28.06	0.769948
28.05	0.769984
28.04	0.77002
28.03	0.770056
28.02	0.770093
28.01	0.770129
28	0.770165
27.99	0.770202
27.98	0.770238
27.97	0.770275
27.96	0.770311
27.95	0.770348
27.94	0.770384
27.93	0.770421
27.92	0.770457
27.91	0.770494
27.9	0.770531
27.89	0.770567
27.88	0.770604
27.87	0.770641
27.86	0.770678
27.85	0.770714
27.84	0.770751
27.83	0.770788
27.82	0.770825
27.81	0.770862
27.8	0.770899
27.79	0.770936
27.78	0.770973
27.77	0.77101
27.76	0.771047
27.75	0.771084
27.74	0.771121
27.73	0.771158
27.72	0.771195
27.71	0.771233
27.7	0.77127
27.69	0.771307
27.68	0.771344
27.67	0.771382
27.66	0.771419
27.65	0.771456
27.64	0.771494
27.63	0.771531
27.62	0.771569
27.61	0.771606
27.6	0.771644
27.59	0.771681
27.58	0.771719
27.57	0.771757
27.56	0.771794
27.55	0.771832
27.54	0.77187
27.53	0.771908
27.52	0.771945
27.51	0.771983
27.5	0.772021
27.49	0.772059
27.48	0.772097
27.47	0.772135
27.46	0.772173
27.45	0.772211
27.44	0.772249
27.43	0.772287
27.42	0.772325
27.41	0.772363
27.4	0.772401
27.39	0.772439
27.38	0.772478
27.37	0.772516
27.36	0.772554
27.35	0.772592
27.34	0.772631
27.33	0.772669
27.32	0.772708
27.31	0.772746
27.3	0.772784
27.29	0.772823
27.28	0.772861
27.27	0.7729
27.26	0.772939
27.25	0.772977
27.24	0.773016
27.23	0.773055
27.22	0.773093
27.21	0.773132
27.2	0.773171
27.19	0.77321
27.18	0.773249
27.17	0.773287
27.16	0.773326
27.15	0.773365
27.14	0.773404
27.13	0.773443
27.12	0.773482
27.11	0.773521
27.1	0.773561
27.09	0.7736
27.08	0.773639
27.07	0.773678
27.06	0.773717
27.05	0.773757
27.04	0.773796
27.03	0.773835
27.02	0.773875
27.01	0.773914
27	0.773953
26.99	0.773993
26.98	0.774032
26.97	0.774072
26.96	0.774111
26.95	0.774151
26.94	0.774191
26.93	0.77423
26.92	0.77427
26.91	0.77431
26.9	0.77435
26.89	0.774389
26.88	0.774429
26.87	0.774469
26.86	0.774509
26.85	0.774549
26.84	0.774589
26.83	0.774629
26.82	0.774669
26.81	0.774709
26.8	0.774749
26.79	0.774789
26.78	0.774829
26.77	0.774869
26.76	0.77491
26.75	0.77495
26.74	0.77499
26.73	0.77503
26.72	0.775071
26.71	0.775111
26.7	0.775152
26.69	0.775192
26.68	0.775233
26.67	0.775273
26.66	0.775314
26.65	0.775354
26.64	0.775395
26.63	0.775436
26.62	0.775476
26.61	0.775517
26.6	0.775558
26.59	0.775599
26.58	0.77564
26.57	0.77568
26.56	0.775721
26.55	0.775762
26.54	0.775803
26.53	0.775844
26.52	0.775885
26.51	0.775926
26.5	0.775967
26.49	0.776009
26.48	0.77605
26.47	0.776091
26.46	0.776132
26.45	0.776174
26.44	0.776215
26.43	0.776256
26.42	0.776298
26.41	0.776339
26.4	0.776381
26.39	0.776422
26.38	0.776464
26.37	0.776505
26.36	0.776547
26.35	0.776588
26.34	0.77663
26.33	0.776672
26.32	0.776714
26.31	0.776755
26.3	0.776797
26.29	0.776839
26.28	0.776881
26.27	0.776923
26.26	0.776965
26.25	0.777007
26.24	0.777049
26.23	0.777091
26.22	0.777133
26.21	0.777175
26.2	0.777217
26.19	0.77726
26.18	0.777302
26.17	0.777344
26.16	0.777386
26.15	0.777429
26.14	0.777471
26.13	0.777514
26.12	0.777556
26.11	0.777599
26.1	0.777641
26.09	0.777684
26.08	0.777726
26.07	0.777769
26.06	0.777812
26.05	0.777854
26.04	0.777897
26.03	0.77794
26.02	0.777983
26.01	0.778026
26	0.778069
25.99	0.778112
25.98	0.778155
25.97	0.778198
25.96	0.778241
25.95	0.778284
25.94	0.778327
25.93	0.77837
25.92	0.778413
25.91	0.778457
25.9	0.7785
25.89	0.778543
25.88	0.778587
25.87	0.77863
25.86	0.778673
25.85	0.778717
25.84	0.77876
25.83	0.778804
25.82	0.778847
25.81	0.778891
25.8	0.778935
25.79	0.778978
25.78	0.779022
25.77	0.779066
25.76	0.77911
25.75	0.779154
25.74	0.779198
25.73	0.779242
25.72	0.779285
25.71	0.779329
25.7	0.779374
25.69	0.779418
25.68	0.779462
25.67	0.779506
25.66	0.77955
25.65	0.779594
25.64	0.779639
25.63	0.779683
25.62	0.779727
25.61	0.779772
25.6	0.779816
25.59	0.779861
25.58	0.779905
25.57	0.77995
25.56	0.779994
25.55	0.780039
25.54	0.780084
25.53	0.780128
25.52	0.780173
25.51	0.780218
25.5	0.780263
25.49	0.780307
25.48	0.780352
25.47	0.780397
25.46	0.780442
25.45	0.780487
25.44	0.780532
25.43	0.780577
25.42	0.780623
25.41	0.780668
25.4	0.780713
25.39	0.780758
25.38	0.780804
25.37	0.780849
25.36	0.780894
25.35	0.78094
25.34	0.780985
25.33	0.781031
25.32	0.781076
25.31	0.781122
25.3	0.781168
25.29	0.781213
25.28	0.781259
25.27	0.781305
25.26	0.78135
25.25	0.781396
25.24	0.781442
25.23	0.781488
25.22	0.781534
25.21	0.78158
25.2	0.781626
25.19	0.781672
25.18	0.781718
25.17	0.781764
25.16	0.781811
25.15	0.781857
25.14	0.781903
25.13	0.78195
25.12	0.781996
25.11	0.782042
25.1	0.782089
25.09	0.782135
25.08	0.782182
25.07	0.782228
25.06	0.782275
25.05	0.782322
25.04	0.782368
25.03	0.782415
25.02	0.782462
25.01	0.782509
25	0.782556
24.99	0.782603
24.98	0.782649
24.97	0.782696
24.96	0.782744
24.95	0.782791
24.94	0.782838
24.93	0.782885
24.92	0.782932
24.91	0.782979
24.9	0.783027
24.89	0.783074
24.88	0.783121
24.87	0.783169
24.86	0.783216
24.85	0.783264
24.84	0.783311
24.83	0.783359
24.82	0.783407
24.81	0.783454
24.8	0.783502
24.79	0.78355
24.78	0.783598
24.77	0.783646
24.76	0.783693
24.75	0.783741
24.74	0.783789
24.73	0.783837
24.72	0.783885
24.71	0.783934
24.7	0.783982
24.69	0.78403
24.68	0.784078
24.67	0.784127
24.66	0.784175
24.65	0.784223
24.64	0.784272
24.63	0.78432
24.62	0.784369
24.61	0.784417
24.6	0.784466
24.59	0.784515
24.58	0.784563
24.57	0.784612
24.56	0.784661
24.55	0.78471
24.54	0.784759
24.53	0.784807
24.52	0.784856
24.51	0.784905
24.5	0.784955
24.49	0.785004
24.48	0.785053
24.47	0.785102
24.46	0.785151
24.45	0.785201
24.44	0.78525
24.43	0.785299
24.42	0.785349
24.41	0.785398
24.4	0.785448
24.39	0.785497
24.38	0.785547
24.37	0.785596
24.36	0.785646
24.35	0.785696
24.34	0.785746
24.33	0.785796
24.32	0.785846
24.31	0.785895
24.3	0.785945
24.29	0.785995
24.28	0.786045
24.27	0.786096
24.26	0.786146
24.25	0.786196
24.24	0.786246
24.23	0.786297
24.22	0.786347
24.21	0.786397
24.2	0.786448
24.19	0.786498
24.18	0.786549
24.17	0.786599
24.16	0.78665
24.15	0.786701
24.14	0.786752
24.13	0.786802
24.12	0.786853
24.11	0.786904
24.1	0.786955
24.09	0.787006
24.08	0.787057
24.07	0.787108
24.06	0.787159
24.05	0.78721
24.04	0.787261
24.03	0.787313
24.02	0.787364
24.01	0.787415
24	0.787467
23.99	0.787518
23.98	0.78757
23.97	0.787621
23.96	0.787673
23.95	0.787725
23.94	0.787776
23.93	0.787828
23.92	0.78788
23.91	0.787932
23.9	0.787984
23.89	0.788036
23.88	0.788088
23.87	0.78814
23.86	0.788192
23.85	0.788244
23.84	0.788296
23.83	0.788348
23.82	0.788401
23.81	0.788453
23.8	0.788505
23.79	0.788558
23.78	0.78861
23.77	0.788663
23.76	0.788715
23.75	0.788768
23.74	0.788821
23.73	0.788874
23.72	0.788926
23.71	0.788979
23.7	0.789032
23.69	0.789085
23.68	0.789138
23.67	0.789191
23.66	0.789244
23.65	0.789297
23.64	0.789351
23.63	0.789404
23.62	0.789457
23.61	0.78951
23.6	0.789564
23.59	0.789617
23.58	0.789671
23.57	0.789724
23.56	0.789778
23.55	0.789832
23.54	0.789885
23.53	0.789939
23.52	0.789993
23.51	0.790047
23.5	0.790101
23.49	0.790155
23.48	0.790209
23.47	0.790263
23.46	0.790317
23.45	0.790371
23.44	0.790426
23.43	0.79048
23.42	0.790534
23.41	0.790589
23.4	0.790643
23.39	0.790698
23.38	0.790752
23.37	0.790807
23.36	0.790861
23.35	0.790916
23.34	0.790971
23.33	0.791026
23.32	0.791081
23.31	0.791135
23.3	0.791191
23.29	0.791246
23.28	0.791301
23.27	0.791356
23.26	0.791411
23.25	0.791466
23.24	0.791522
23.23	0.791577
23.22	0.791632
23.21	0.791688
23.2	0.791743
23.19	0.791799
23.18	0.791855
23.17	0.79191
23.16	0.791966
23.15	0.792022
23.14	0.792078
23.13	0.792134
23.12	0.79219
23.11	0.792246
23.1	0.792302
23.09	0.792358
23.08	0.792414
23.07	0.79247
23.06	0.792527
23.05	0.792583
23.04	0.792639
23.03	0.792696
23.02	0.792752
23.01	0.792809
23	0.792866
22.99	0.792922
22.98	0.792979
22.97	0.793036
22.96	0.793093
22.95	0.79315
22.94	0.793207
22.93	0.793264
22.92	0.793321
22.91	0.793378
22.9	0.793435
22.89	0.793492
22.88	0.79355
22.87	0.793607
22.86	0.793664
22.85	0.793722
22.84	0.793779
22.83	0.793837
22.82	0.793895
22.81	0.793952
22.8	0.79401
22.79	0.794068
22.78	0.794126
22.77	0.794184
22.76	0.794242
22.75	0.7943
22.74	0.794358
22.73	0.794416
22.72	0.794474
22.71	0.794533
22.7	0.794591
22.69	0.79465
22.68	0.794708
22.67	0.794767
22.66	0.794825
22.65	0.794884
22.64	0.794942
22.63	0.795001
22.62	0.79506
22.61	0.795119
22.6	0.795178
22.59	0.795237
22.58	0.795296
22.57	0.795355
22.56	0.795414
22.55	0.795474
22.54	0.795533
22.53	0.795592
22.52	0.795652
22.51	0.795711
22.5	0.795771
22.49	0.79583
22.48	0.79589
22.47	0.79595
22.46	0.79601
22.45	0.796069
22.44	0.796129
22.43	0.796189
22.42	0.796249
22.41	0.79631
22.4	0.79637
22.39	0.79643
22.38	0.79649
22.37	0.796551
22.36	0.796611
22.35	0.796671
22.34	0.796732
22.33	0.796793
22.32	0.796853
22.31	0.796914
22.3	0.796975
22.29	0.797036
22.28	0.797096
22.27	0.797157
22.26	0.797219
22.25	0.79728
22.24	0.797341
22.23	0.797402
22.22	0.797463
22.21	0.797525
22.2	0.797586
22.19	0.797647
22.18	0.797709
22.17	0.797771
22.16	0.797832
22.15	0.797894
22.14	0.797956
22.13	0.798018
22.12	0.79808
22.11	0.798142
22.1	0.798204
22.09	0.798266
22.08	0.798328
22.07	0.79839
22.06	0.798452
22.05	0.798515
22.04	0.798577
22.03	0.79864
22.02	0.798702
22.01	0.798765
22	0.798828
21.99	0.79889
21.98	0.798953
21.97	0.799016
21.96	0.799079
21.95	0.799142
21.94	0.799205
21.93	0.799268
21.92	0.799332
21.91	0.799395
21.9	0.799458
21.89	0.799522
21.88	0.799585
21.87	0.799649
21.86	0.799712
21.85	0.799776
21.84	0.79984
21.83	0.799904
21.82	0.799968
21.81	0.800032
21.8	0.800096
21.79	0.80016
21.78	0.800224
21.77	0.800288
21.76	0.800352
21.75	0.800417
21.74	0.800481
21.73	0.800546
21.72	0.80061
21.71	0.800675
21.7	0.80074
21.69	0.800804
21.68	0.800869
21.67	0.800934
21.66	0.800999
21.65	0.801064
21.64	0.801129
21.63	0.801195
21.62	0.80126
21.61	0.801325
21.6	0.801391
21.59	0.801456
21.58	0.801522
21.57	0.801587
21.56	0.801653
21.55	0.801719
21.54	0.801784
21.53	0.80185
21.52	0.801916
21.51	0.801982
21.5	0.802048
21.49	0.802115
21.48	0.802181
21.47	0.802247
21.46	0.802314
21.45	0.80238
21.44	0.802447
21.43	0.802513
21.42	0.80258
21.41	0.802647
21.4	0.802713
21.39	0.80278
21.38	0.802847
21.37	0.802914
21.36	0.802981
21.35	0.803049
21.34	0.803116
21.33	0.803183
21.32	0.803251
21.31	0.803318
21.3	0.803386
21.29	0.803453
21.28	0.803521
21.27	0.803589
21.26	0.803656
21.25	0.803724
21.24	0.803792
21.23	0.80386
21.22	0.803929
21.21	0.803997
21.2	0.804065
21.19	0.804133
21.18	0.804202
21.17	0.80427
21.16	0.804339
21.15	0.804408
21.14	0.804476
21.13	0.804545
21.12	0.804614
21.11	0.804683
21.1	0.804752
21.09	0.804821
21.08	0.80489
21.07	0.804959
21.06	0.805029
21.05	0.805098
21.04	0.805168
21.03	0.805237
21.02	0.805307
21.01	0.805377
21	0.805446
20.99	0.805516
20.98	0.805586
20.97	0.805656
20.96	0.805726
20.95	0.805797
20.94	0.805867
20.93	0.805937
20.92	0.806008
20.91	0.806078
20.9	0.806149
20.89	0.806219
20.88	0.80629
20.87	0.806361
20.86	0.806432
20.85	0.806503
20.84	0.806574
20.83	0.806645
20.82	0.806716
20.81	0.806787
20.8	0.806859
20.79	0.80693
20.78	0.807002
20.77	0.807073
20.76	0.807145
20.75	0.807217
20.74	0.807288
20.73	0.80736
20.72	0.807432
20.71	0.807504
20.7	0.807577
20.69	0.807649
20.68	0.807721
20.67	0.807793
20.66	0.807866
20.65	0.807939
20.64	0.808011
20.63	0.808084
20.62	0.808157
20.61	0.80823
20.6	0.808303
20.59	0.808376
20.58	0.808449
20.57	0.808522
20.56	0.808595
20.55	0.808669
20.54	0.808742
20.53	0.808816
20.52	0.808889
20.51	0.808963
20.5	0.809037
20.49	0.809111
20.48	0.809185
20.47	0.809259
20.46	0.809333
20.45	0.809407
20.44	0.809481
20.43	0.809556
20.42	0.80963
20.41	0.809705
20.4	0.809779
20.39	0.809854
20.38	0.809929
20.37	0.810004
20.36	0.810079
20.35	0.810154
20.34	0.810229
20.33	0.810304
20.32	0.81038
20.31	0.810455
20.3	0.81053
20.29	0.810606
20.28	0.810682
20.27	0.810757
20.26	0.810833
20.25	0.810909
20.24	0.810985
20.23	0.811061
20.22	0.811138
20.21	0.811214
20.2	0.81129
20.19	0.811367
20.18	0.811443
20.17	0.81152
20.16	0.811597
20.15	0.811673
20.14	0.81175
20.13	0.811827
20.12	0.811904
20.11	0.811981
20.1	0.812059
20.09	0.812136
20.08	0.812213
20.07	0.812291
20.06	0.812369
20.05	0.812446
20.04	0.812524
20.03	0.812602
20.02	0.81268
20.01	0.812758
20	0.812836
19.99	0.812914
19.98	0.812993
19.97	0.813071
19.96	0.81315
19.95	0.813228
19.94	0.813307
19.93	0.813386
19.92	0.813465
19.91	0.813544
19.9	0.813623
19.89	0.813702
19.88	0.813781
19.87	0.813861
19.86	0.81394
19.85	0.81402
19.84	0.814099
19.83	0.814179
19.82	0.814259
19.81	0.814339
19.8	0.814419
19.79	0.814499
19.78	0.814579
19.77	0.814659
19.76	0.81474
19.75	0.81482
19.74	0.814901
19.73	0.814981
19.72	0.815062
19.71	0.815143
19.7	0.815224
19.69	0.815305
19.68	0.815386
19.67	0.815467
19.66	0.815549
19.65	0.81563
19.64	0.815712
19.63	0.815793
19.62	0.815875
19.61	0.815957
19.6	0.816039
19.59	0.816121
19.58	0.816203
19.57	0.816285
19.56	0.816368
19.55	0.81645
19.54	0.816532
19.53	0.816615
19.52	0.816698
19.51	0.816781
19.5	0.816863
19.49	0.816946
19.48	0.81703
19.47	0.817113
19.46	0.817196
19.45	0.81728
19.44	0.817363
19.43	0.817447
19.42	0.81753
19.41	0.817614
19.4	0.817698
19.39	0.817782
19.38	0.817866
19.37	0.81795
19.36	0.818035
19.35	0.818119
19.34	0.818204
19.33	0.818288
19.32	0.818373
19.31	0.818458
19.3	0.818543
19.29	0.818628
19.28	0.818713
19.27	0.818798
19.26	0.818884
19.25	0.818969
19.24	0.819055
19.23	0.81914
19.22	0.819226
19.21	0.819312
19.2	0.819398
19.19	0.819484
19.18	0.81957
19.17	0.819656
19.16	0.819743
19.15	0.819829
19.14	0.819916
19.13	0.820003
19.12	0.820089
19.11	0.820176
19.1	0.820263
19.09	0.820351
19.08	0.820438
19.07	0.820525
19.06	0.820613
19.05	0.8207
19.04	0.820788
19.03	0.820876
19.02	0.820964
19.01	0.821052
19	0.82114
18.99	0.821228
18.98	0.821316
18.97	0.821405
18.96	0.821493
18.95	0.821582
18.94	0.821671
18.93	0.82176
18.92	0.821849
18.91	0.821938
18.9	0.822027
18.89	0.822116
18.88	0.822206
18.87	0.822295
18.86	0.822385
18.85	0.822475
18.84	0.822564
18.83	0.822654
18.82	0.822745
18.81	0.822835
18.8	0.822925
18.79	0.823016
18.78	0.823106
18.77	0.823197
18.76	0.823288
18.75	0.823378
18.74	0.823469
18.73	0.823561
18.72	0.823652
18.71	0.823743
18.7	0.823835
18.69	0.823926
18.68	0.824018
18.67	0.82411
18.66	0.824202
18.65	0.824294
18.64	0.824386
18.63	0.824478
18.62	0.824571
18.61	0.824663
18.6	0.824756
18.59	0.824849
18.58	0.824941
18.57	0.825034
18.56	0.825127
18.55	0.825221
18.54	0.825314
18.53	0.825408
18.52	0.825501
18.51	0.825595
18.5	0.825689
18.49	0.825783
18.48	0.825877
18.47	0.825971
18.46	0.826065
18.45	0.826159
18.44	0.826254
18.43	0.826349
18.42	0.826443
18.41	0.826538
18.4	0.826633
18.39	0.826729
18.38	0.826824
18.37	0.826919
18.36	0.827015
18.35	0.82711
18.34	0.827206
18.33	0.827302
18.32	0.827398
18.31	0.827494
18.3	0.82759
18.29	0.827687
18.28	0.827783
18.27	0.82788
18.26	0.827977
18.25	0.828074
18.24	0.828171
18.23	0.828268
18.22	0.828365
18.21	0.828462
18.2	0.82856
18.19	0.828658
18.18	0.828755
18.17	0.828853
18.16	0.828951
18.15	0.829049
18.14	0.829148
18.13	0.829246
18.12	0.829345
18.11	0.829443
18.1	0.829542
18.09	0.829641
18.08	0.82974
18.07	0.829839
18.06	0.829938
18.05	0.830038
18.04	0.830137
18.03	0.830237
18.02	0.830337
18.01	0.830437
18	0.830537
17.99	0.830637
17.98	0.830738
17.97	0.830838
17.96	0.830939
17.95	0.83104
17.94	0.83114
17.93	0.831241
17.92	0.831343
17.91	0.831444
17.9	0.831545
17.89	0.831647
17.88	0.831749
17.87	0.83185
17.86	0.831952
17.85	0.832054
17.84	0.832157
17.83	0.832259
17.82	0.832362
17.81	0.832464
17.8	0.832567
17.79	0.83267
17.78	0.832773
17.77	0.832876
17.76	0.83298
17.75	0.833083
17.74	0.833187
17.73	0.83329
17.72	0.833394
17.71	0.833498
17.7	0.833602
17.69	0.833707
17.68	0.833811
17.67	0.833916
17.66	0.834021
17.65	0.834125
17.64	0.83423
17.63	0.834336
17.62	0.834441
17.61	0.834546
17.6	0.834652
17.59	0.834758
17.58	0.834864
17.57	0.83497
17.56	0.835076
17.55	0.835182
17.54	0.835288
17.53	0.835395
17.52	0.835502
17.51	0.835609
17.5	0.835716
17.49	0.835823
17.48	0.83593
17.47	0.836038
17.46	0.836145
17.45	0.836253
17.44	0.836361
17.43	0.836469
17.42	0.836577
17.41	0.836685
17.4	0.836794
17.39	0.836903
17.38	0.837011
17.37	0.83712
17.36	0.837229
17.35	0.837339
17.34	0.837448
17.33	0.837558
17.32	0.837667
17.31	0.837777
17.3	0.837887
17.29	0.837997
17.28	0.838108
17.27	0.838218
17.26	0.838329
17.25	0.838439
17.24	0.83855
17.23	0.838661
17.22	0.838773
17.21	0.838884
17.2	0.838996
17.19	0.839107
17.18	0.839219
17.17	0.839331
17.16	0.839443
17.15	0.839556
17.14	0.839668
17.13	0.839781
17.12	0.839893
17.11	0.840006
17.1	0.840119
17.09	0.840233
17.08	0.840346
17.07	0.84046
17.06	0.840573
17.05	0.840687
17.04	0.840801
17.03	0.840916
17.02	0.84103
17.01	0.841144
17	0.841259
16.99	0.841374
16.98	0.841489
16.97	0.841604
16.96	0.84172
16.95	0.841835
16.94	0.841951
16.93	0.842067
16.92	0.842183
16.91	0.842299
16.9	0.842415
16.89	0.842532
16.88	0.842648
16.87	0.842765
16.86	0.842882
16.85	0.842999
16.84	0.843116
16.83	0.843234
16.82	0.843352
16.81	0.843469
16.8	0.843587
16.79	0.843706
16.78	0.843824
16.77	0.843942
16.76	0.844061
16.75	0.84418
16.74	0.844299
16.73	0.844418
16.72	0.844537
16.71	0.844657
16.7	0.844777
16.69	0.844897
16.68	0.845017
16.67	0.845137
16.66	0.845257
16.65	0.845378
16.64	0.845499
16.63	0.845619
16.62	0.84574
16.61	0.845862
16.6	0.845983
16.59	0.846105
16.58	0.846227
16.57	0.846349
16.56	0.846471
16.55	0.846593
16.54	0.846716
16.53	0.846838
16.52	0.846961
16.51	0.847084
16.5	0.847207
16.49	0.847331
16.48	0.847454
16.47	0.847578
16.46	0.847702
16.45	0.847826
16.44	0.84795
16.43	0.848075
16.42	0.8482
16.41	0.848324
16.4	0.848449
16.39	0.848575
16.38	0.8487
16.37	0.848826
16.36	0.848951
16.35	0.849077
16.34	0.849204
16.33	0.84933
16.32	0.849456
16.31	0.849583
16.3	0.84971
16.29	0.849837
16.28	0.849964
16.27	0.850092
16.26	0.850219
16.25	0.850347
16.24	0.850475
16.23	0.850604
16.22	0.850732
16.21	0.85086
16.2	0.850989
16.19	0.851118
16.18	0.851247
16.17	0.851377
16.16	0.851506
16.15	0.851636
16.14	0.851766
16.13	0.851896
16.12	0.852027
16.11	0.852157
16.1	0.852288
16.09	0.852419
16.08	0.85255
16.07	0.852681
16.06	0.852813
16.05	0.852944
16.04	0.853076
16.03	0.853209
16.02	0.853341
16.01	0.853473
16	0.853606
15.99	0.853739
15.98	0.853872
15.97	0.854005
15.96	0.854139
15.95	0.854273
15.94	0.854407
15.93	0.854541
15.92	0.854675
15.91	0.85481
15.9	0.854944
15.89	0.855079
15.88	0.855215
15.87	0.85535
15.86	0.855485
15.85	0.855621
15.84	0.855757
15.83	0.855893
15.82	0.85603
15.81	0.856167
15.8	0.856303
15.79	0.85644
15.78	0.856578
15.77	0.856715
15.76	0.856853
15.75	0.856991
15.74	0.857129
15.73	0.857267
15.72	0.857406
15.71	0.857544
15.7	0.857683
15.69	0.857823
15.68	0.857962
15.67	0.858102
15.66	0.858241
15.65	0.858381
15.64	0.858522
15.63	0.858662
15.62	0.858803
15.61	0.858944
15.6	0.859085
15.59	0.859226
15.58	0.859368
15.57	0.85951
15.56	0.859652
15.55	0.859794
15.54	0.859936
15.53	0.860079
15.52	0.860222
15.51	0.860365
15.5	0.860509
15.49	0.860652
15.48	0.860796
15.47	0.86094
15.46	0.861084
15.45	0.861229
15.44	0.861373
15.43	0.861518
15.42	0.861664
15.41	0.861809
15.4	0.861955
15.39	0.862101
15.38	0.862247
15.37	0.862393
15.36	0.86254
15.35	0.862686
15.34	0.862833
15.33	0.862981
15.32	0.863128
15.31	0.863276
15.3	0.863424
15.29	0.863572
15.28	0.863721
15.27	0.863869
15.26	0.864018
15.25	0.864167
15.24	0.864317
15.23	0.864466
15.22	0.864616
15.21	0.864767
15.2	0.864917
15.19	0.865067
15.18	0.865218
15.17	0.865369
15.16	0.865521
15.15	0.865672
15.14	0.865824
15.13	0.865976
15.12	0.866129
15.11	0.866281
15.1	0.866434
15.09	0.866587
15.08	0.86674
15.07	0.866894
15.06	0.867048
15.05	0.867202
15.04	0.867356
15.03	0.867511
15.02	0.867666
15.01	0.867821
15	0.867976
14.99	0.868132
14.98	0.868288
14.97	0.868444
14.96	0.8686
14.95	0.868757
14.94	0.868914
14.93	0.869071
14.92	0.869228
14.91	0.869386
14.9	0.869544
14.89	0.869702
14.88	0.86986
14.87	0.870019
14.86	0.870178
14.85	0.870337
14.84	0.870497
14.83	0.870656
14.82	0.870816
14.81	0.870977
14.8	0.871137
14.79	0.871298
14.78	0.871459
14.77	0.87162
14.76	0.871782
14.75	0.871944
14.74	0.872106
14.73	0.872269
14.72	0.872431
14.71	0.872594
14.7	0.872758
14.69	0.872921
14.68	0.873085
14.67	0.873249
14.66	0.873413
14.65	0.873578
14.64	0.873743
14.63	0.873908
14.62	0.874074
14.61	0.874239
14.6	0.874405
14.59	0.874572
14.58	0.874738
14.57	0.874905
14.56	0.875072
14.55	0.87524
14.54	0.875407
14.53	0.875575
14.52	0.875744
14.51	0.875912
14.5	0.876081
14.49	0.87625
14.48	0.87642
14.47	0.87659
14.46	0.87676
14.45	0.87693
14.44	0.8771
14.43	0.877271
14.42	0.877443
14.41	0.877614
14.4	0.877786
14.39	0.877958
14.38	0.87813
14.37	0.878303
14.36	0.878476
14.35	0.878649
14.34	0.878823
14.33	0.878997
14.32	0.879171
14.31	0.879345
14.3	0.87952
14.29	0.879695
14.28	0.879871
14.27	0.880046
14.26	0.880222
14.25	0.880399
14.24	0.880575
14.23	0.880752
14.22	0.880929
14.21	0.881107
14.2	0.881285
14.19	0.881463
14.18	0.881642
14.17	0.88182
14.16	0.881999
14.15	0.882179
14.14	0.882359
14.13	0.882539
14.12	0.882719
14.11	0.8829
14.1	0.883081
14.09	0.883262
14.08	0.883444
14.07	0.883626
14.06	0.883808
14.05	0.883991
14.04	0.884173
14.03	0.884357
14.02	0.88454
14.01	0.884724
14	0.884908
13.99	0.885093
13.98	0.885278
13.97	0.885463
13.96	0.885649
13.95	0.885835
13.94	0.886021
13.93	0.886207
13.92	0.886394
13.91	0.886582
13.9	0.886769
13.89	0.886957
13.88	0.887145
13.87	0.887334
13.86	0.887523
13.85	0.887712
13.84	0.887902
13.83	0.888092
13.82	0.888282
13.81	0.888473
13.8	0.888664
13.79	0.888855
13.78	0.889047
13.77	0.889239
13.76	0.889431
13.75	0.889624
13.74	0.889817
13.73	0.89001
13.72	0.890204
13.71	0.890398
13.7	0.890593
13.69	0.890787
13.68	0.890983
13.67	0.891178
13.66	0.891374
13.65	0.89157
13.64	0.891767
13.63	0.891964
13.62	0.892161
13.61	0.892359
13.6	0.892557
13.59	0.892756
13.58	0.892955
13.57	0.893154
13.56	0.893353
13.55	0.893553
13.54	0.893754
13.53	0.893954
13.52	0.894155
13.51	0.894357
13.5	0.894559
13.49	0.894761
13.48	0.894963
13.47	0.895166
13.46	0.89537
13.45	0.895573
13.44	0.895777
13.43	0.895982
13.42	0.896187
13.41	0.896392
13.4	0.896598
13.39	0.896804
13.38	0.89701
13.37	0.897217
13.36	0.897424
13.35	0.897631
13.34	0.897839
13.33	0.898048
13.32	0.898256
13.31	0.898466
13.3	0.898675
13.29	0.898885
13.28	0.899095
13.27	0.899306
13.26	0.899517
13.25	0.899729
13.24	0.899941
13.23	0.900153
13.22	0.900366
13.21	0.900579
13.2	0.900793
13.19	0.901007
13.18	0.901221
13.17	0.901436
13.16	0.901651
13.15	0.901867
13.14	0.902083
13.13	0.902299
13.12	0.902516
13.11	0.902733
13.1	0.902951
13.09	0.903169
13.08	0.903388
13.07	0.903607
13.06	0.903826
13.05	0.904046
13.04	0.904266
13.03	0.904487
13.02	0.904708
13.01	0.90493
13	0.905152
12.99	0.905374
12.98	0.905597
12.97	0.90582
12.96	0.906044
12.95	0.906268
12.94	0.906493
12.93	0.906718
12.92	0.906943
12.91	0.907169
12.9	0.907396
12.89	0.907622
12.88	0.90785
12.87	0.908077
12.86	0.908306
12.85	0.908534
12.84	0.908763
12.83	0.908993
12.82	0.909223
12.81	0.909453
12.8	0.909684
12.79	0.909916
12.78	0.910147
12.77	0.91038
12.76	0.910613
12.75	0.910846
12.74	0.911079
12.73	0.911314
12.72	0.911548
12.71	0.911783
12.7	0.912019
12.69	0.912255
12.68	0.912492
12.67	0.912729
12.66	0.912966
12.65	0.913204
12.64	0.913442
12.63	0.913681
12.62	0.913921
12.61	0.914161
12.6	0.914401
12.59	0.914642
12.58	0.914883
12.57	0.915125
12.56	0.915368
12.55	0.91561
12.54	0.915854
12.53	0.916098
12.52	0.916342
12.51	0.916587
12.5	0.916832
12.49	0.917078
12.48	0.917324
12.47	0.917571
12.46	0.917818
12.45	0.918066
12.44	0.918315
12.43	0.918564
12.42	0.918813
12.41	0.919063
12.4	0.919313
12.39	0.919564
12.38	0.919816
12.37	0.920068
12.36	0.92032
12.35	0.920574
12.34	0.920827
12.33	0.921081
12.32	0.921336
12.31	0.921591
12.3	0.921847
12.29	0.922103
12.28	0.92236
12.27	0.922617
12.26	0.922875
12.25	0.923133
12.24	0.923392
12.23	0.923652
12.22	0.923912
12.21	0.924173
12.2	0.924434
12.19	0.924695
12.18	0.924958
12.17	0.925221
12.16	0.925484
12.15	0.925748
12.14	0.926012
12.13	0.926277
12.12	0.926543
12.11	0.926809
12.1	0.927076
12.09	0.927343
12.08	0.927611
12.07	0.92788
12.06	0.928149
12.05	0.928418
12.04	0.928689
12.03	0.928959
12.02	0.929231
12.01	0.929503
12	0.929775
11.99	0.930049
11.98	0.930322
11.97	0.930597
11.96	0.930871
11.95	0.931147
11.94	0.931423
11.93	0.9317
11.92	0.931977
11.91	0.932255
11.9	0.932534
11.89	0.932813
11.88	0.933093
11.87	0.933373
11.86	0.933654
11.85	0.933936
11.84	0.934218
11.83	0.934501
11.82	0.934784
11.81	0.935068
11.8	0.935353
11.79	0.935638
11.78	0.935924
11.77	0.936211
11.76	0.936498
11.75	0.936786
11.74	0.937074
11.73	0.937364
11.72	0.937653
11.71	0.937944
11.7	0.938235
11.69	0.938527
11.68	0.938819
11.67	0.939112
11.66	0.939406
11.65	0.9397
11.64	0.939995
11.63	0.940291
11.62	0.940587
11.61	0.940884
11.6	0.941182
11.59	0.941481
11.58	0.94178
11.57	0.942079
11.56	0.94238
11.55	0.942681
11.54	0.942983
11.53	0.943285
11.52	0.943588
11.51	0.943892
11.5	0.944197
11.49	0.944502
11.48	0.944808
11.47	0.945114
11.46	0.945422
11.45	0.94573
11.44	0.946039
11.43	0.946348
11.42	0.946658
11.41	0.946969
11.4	0.947281
11.39	0.947593
11.38	0.947906
11.37	0.94822
11.36	0.948534
11.35	0.948849
11.34	0.949165
11.33	0.949482
11.32	0.9498
11.31	0.950118
11.3	0.950437
11.29	0.950756
11.28	0.951077
11.27	0.951398
11.26	0.95172
11.25	0.952042
11.24	0.952366
11.23	0.95269
11.22	0.953015
11.21	0.953341
11.2	0.953667
11.19	0.953994
11.18	0.954322
11.17	0.954651
11.16	0.954981
11.15	0.955311
11.14	0.955642
11.13	0.955974
11.12	0.956307
11.11	0.956641
11.1	0.956975
11.09	0.95731
11.08	0.957646
11.07	0.957983
11.06	0.95832
11.05	0.958659
11.04	0.958998
11.03	0.959338
11.02	0.959678
11.01	0.96002
11	0.960363
10.99	0.960706
10.98	0.96105
10.97	0.961395
10.96	0.961741
10.95	0.962087
10.94	0.962435
10.93	0.962783
10.92	0.963132
10.91	0.963482
10.9	0.963833
10.89	0.964185
10.88	0.964537
10.87	0.964891
10.86	0.965245
10.85	0.9656
10.84	0.965956
10.83	0.966313
10.82	0.966671
10.81	0.96703
10.8	0.96739
10.79	0.96775
10.78	0.968111
10.77	0.968474
10.76	0.968837
10.75	0.969201
10.74	0.969566
10.73	0.969932
10.72	0.970299
10.71	0.970666
10.7	0.971035
10.69	0.971405
10.68	0.971775
10.67	0.972147
10.66	0.972519
10.65	0.972892
10.64	0.973267
10.63	0.973642
10.62	0.974018
10.61	0.974395
10.6	0.974773
10.59	0.975152
10.58	0.975532
10.57	0.975913
10.56	0.976295
10.55	0.976678
10.54	0.977062
10.53	0.977447
10.52	0.977833
10.51	0.97822
10.5	0.978607
10.49	0.978996
10.48	0.979386
10.47	0.979777
10.46	0.980169
10.45	0.980562
10.44	0.980956
10.43	0.98135
10.42	0.981746
10.41	0.982143
10.4	0.982541
10.39	0.98294
10.38	0.98334
10.37	0.983742
10.36	0.984144
10.35	0.984547
10.34	0.984951
10.33	0.985357
10.32	0.985763
10.31	0.98617
10.3	0.986579
10.29	0.986989
10.28	0.987399
10.27	0.987811
10.26	0.988224
10.25	0.988638
10.24	0.989053
10.23	0.989469
10.22	0.989886
10.21	0.990305
10.2	0.990724
10.19	0.991145
10.18	0.991567
10.17	0.99199
10.16	0.992414
10.15	0.992839
10.14	0.993265
10.13	0.993693
10.12	0.994121
10.11	0.994551
10.1	0.994982
10.09	0.995414
10.08	0.995847
10.07	0.996282
10.06	0.996717
10.05	0.997154
10.04	0.997592
10.03	0.998031
10.02	0.998472
10.01	0.998913
10	0.999356
9.99	0.9998
9.98	1.00025
9.97	1.00069
9.96	1.00114
9.95	1.00159
9.94	1.00204
9.93	1.00249
9.92	1.00294
9.91	1.0034
9.9	1.00385
9.89	1.00431
9.88	1.00477
9.87	1.00523
9.86	1.00569
9.85	1.00615
9.84	1.00661
9.83	1.00707
9.82	1.00754
9.81	1.00801
9.8	1.00847
9.79	1.00894
9.78	1.00941
9.77	1.00989
9.76	1.01036
9.75	1.01083
9.74	1.01131
9.73	1.01179
9.72	1.01227
9.71	1.01275
9.7	1.01323
9.69	1.01371
9.68	1.0142
9.67	1.01468
9.66	1.01517
9.65	1.01566
9.64	1.01615
9.63	1.01664
9.62	1.01713
9.61	1.01763
9.6	1.01812
9.59	1.01862
9.58	1.01912
9.57	1.01962
9.56	1.02012
9.55	1.02062
9.54	1.02113
9.53	1.02163
9.52	1.02214
9.51	1.02265
9.5	1.02316
9.49	1.02367
9.48	1.02418
9.47	1.0247
9.46	1.02521
9.45	1.02573
9.44	1.02625
9.43	1.02677
9.42	1.02729
9.41	1.02782
9.4	1.02834
9.39	1.02887
9.38	1.0294
9.37	1.02993
9.36	1.03046
9.35	1.03099
9.34	1.03153
9.33	1.03207
9.32	1.0326
9.31	1.03314
9.3	1.03369
9.29	1.03423
9.28	1.03477
9.27	1.03532
9.26	1.03587
9.25	1.03642
9.24	1.03697
9.23	1.03752
9.22	1.03808
9.21	1.03864
9.2	1.03919
9.19	1.03975
9.18	1.04032
9.17	1.04088
9.16	1.04144
9.15	1.04201
9.14	1.04258
9.13	1.04315
9.12	1.04372
9.11	1.0443
9.1	1.04487
9.09	1.04545
9.08	1.04603
9.07	1.04661
9.06	1.04719
9.05	1.04778
9.04	1.04836
9.03	1.04895
9.02	1.04954
9.01	1.05014
9	1.05073
8.99	1.05133
8.98	1.05192
8.97	1.05252
8.96	1.05313
8.95	1.05373
8.94	1.05433
8.93	1.05494
8.92	1.05555
8.91	1.05616
8.9	1.05678
8.89	1.05739
8.88	1.05801
8.87	1.05863
8.86	1.05925
8.85	1.05987
8.84	1.0605
8.83	1.06113
8.82	1.06176
8.81	1.06239
8.8	1.06302
8.79	1.06366
8.78	1.06429
8.77	1.06493
8.76	1.06558
8.75	1.06622
8.74	1.06687
8.73	1.06751
8.72	1.06816
8.71	1.06882
8.7	1.06947
8.69	1.07013
8.68	1.07079
8.67	1.07145
8.66	1.07211
8.65	1.07278
8.64	1.07345
8.63	1.07412
8.62	1.07479
8.61	1.07546
8.6	1.07614
8.59	1.07682
8.58	1.0775
8.57	1.07818
8.56	1.07887
8.55	1.07956
8.54	1.08025
8.53	1.08094
8.52	1.08164
8.51	1.08234
8.5	1.08304
8.49	1.08374
8.48	1.08444
8.47	1.08515
8.46	1.08586
8.45	1.08657
8.44	1.08729
8.43	1.08801
8.42	1.08873
8.41	1.08945
8.4	1.09017
8.39	1.0909
8.38	1.09163
8.37	1.09236
8.36	1.0931
8.35	1.09384
8.34	1.09458
8.33	1.09532
8.32	1.09607
8.31	1.09681
8.3	1.09756
8.29	1.09832
8.28	1.09907
8.27	1.09983
8.26	1.10059
8.25	1.10136
8.24	1.10213
8.23	1.1029
8.22	1.10367
8.21	1.10444
8.2	1.10522
8.19	1.106
8.18	1.10679
8.17	1.10757
8.16	1.10836
8.15	1.10915
8.14	1.10995
8.13	1.11075
8.12	1.11155
8.11	1.11235
8.1	1.11316
8.09	1.11397
8.08	1.11478
8.07	1.1156
8.06	1.11642
8.05	1.11724
8.04	1.11806
8.03	1.11889
8.02	1.11972
8.01	1.12056
8	1.12139
7.99	1.12223
7.98	1.12308
7.97	1.12393
7.96	1.12478
7.95	1.12563
7.94	1.12648
7.93	1.12734
7.92	1.12821
7.91	1.12907
7.9	1.12994
7.89	1.13082
7.88	1.13169
7.87	1.13257
7.86	1.13345
7.85	1.13434
7.84	1.13523
7.83	1.13612
7.82	1.13702
7.81	1.13792
7.8	1.13882
7.79	1.13973
7.78	1.14064
7.77	1.14155
7.76	1.14247
7.75	1.14339
7.74	1.14432
7.73	1.14525
7.72	1.14618
7.71	1.14711
7.7	1.14805
7.69	1.149
7.68	1.14994
7.67	1.15089
7.66	1.15185
7.65	1.15281
7.64	1.15377
7.63	1.15473
7.62	1.1557
7.61	1.15668
7.6	1.15765
7.59	1.15864
7.58	1.15962
7.57	1.16061
7.56	1.1616
7.55	1.1626
7.54	1.1636
7.53	1.16461
7.52	1.16562
7.51	1.16663
7.5	1.16765
7.49	1.16867
7.48	1.1697
7.47	1.17073
7.46	1.17176
7.45	1.1728
7.44	1.17385
7.43	1.1749
7.42	1.17595
7.41	1.177
7.4	1.17807
7.39	1.17913
7.38	1.1802
7.37	1.18128
7.36	1.18236
7.35	1.18344
7.34	1.18453
7.33	1.18562
7.32	1.18672
7.31	1.18782
7.3	1.18893
7.29	1.19004
7.28	1.19115
7.27	1.19228
7.26	1.1934
7.25	1.19453
7.24	1.19567
7.23	1.19681
7.22	1.19795
7.21	1.19911
7.2	1.20026
7.19	1.20142
7.18	1.20259
7.17	1.20376
7.16	1.20493
7.15	1.20612
7.14	1.2073
7.13	1.20849
7.12	1.20969
7.11	1.21089
7.1	1.2121
7.09	1.21331
7.08	1.21453
7.07	1.21576
7.06	1.21699
7.05	1.21822
7.04	1.21946
7.03	1.22071
7.02	1.22196
7.01	1.22322
7	1.22448
6.99	1.22575
6.98	1.22702
6.97	1.22831
6.96	1.22959
6.95	1.23088
6.94	1.23218
6.93	1.23349
6.92	1.2348
6.91	1.23611
6.9	1.23744
6.89	1.23877
6.88	1.2401
6.87	1.24144
6.86	1.24279
6.85	1.24414
6.84	1.2455
6.83	1.24687
6.82	1.24824
6.81	1.24962
6.8	1.25101
6.79	1.2524
6.78	1.2538
6.77	1.25521
6.76	1.25662
6.75	1.25804
6.74	1.25947
6.73	1.2609
6.72	1.26234
6.71	1.26379
6.7	1.26525
6.69	1.26671
6.68	1.26818
6.67	1.26965
6.66	1.27114
6.65	1.27263
6.64	1.27412
6.63	1.27563
6.62	1.27714
6.61	1.27866
6.6	1.28019
6.59	1.28173
6.58	1.28327
6.57	1.28482
6.56	1.28638
6.55	1.28795
6.54	1.28952
6.53	1.2911
6.52	1.2927
6.51	1.29429
6.5	1.2959
6.49	1.29752
6.48	1.29914
6.47	1.30077
6.46	1.30241
6.45	1.30406
6.44	1.30572
6.43	1.30738
6.42	1.30906
6.41	1.31074
6.4	1.31244
6.39	1.31414
6.38	1.31585
6.37	1.31757
6.36	1.31929
6.35	1.32103
6.34	1.32278
6.33	1.32453
6.32	1.3263
6.31	1.32807
6.3	1.32986
6.29	1.33165
6.28	1.33346
6.27	1.33527
6.26	1.33709
6.25	1.33892
6.24	1.34077
6.23	1.34262
6.22	1.34448
6.21	1.34636
6.2	1.34824
6.19	1.35014
6.18	1.35204
6.17	1.35396
6.16	1.35588
6.15	1.35782
6.14	1.35977
6.13	1.36173
6.12	1.36369
6.11	1.36568
6.1	1.36767
6.09	1.36967
6.08	1.37169
6.07	1.37371
6.06	1.37575
6.05	1.3778
6.04	1.37986
6.03	1.38193
6.02	1.38402
6.01	1.38612
6	1.38822
5.99	1.39035
5.98	1.39248
5.97	1.39463
5.96	1.39679
5.95	1.39896
5.94	1.40114
5.93	1.40334
5.92	1.40555
5.91	1.40778
5.9	1.41001
5.89	1.41226
5.88	1.41453
5.87	1.41681
5.86	1.4191
5.85	1.4214
5.84	1.42372
5.83	1.42606
5.82	1.42841
5.81	1.43077
5.8	1.43315
5.79	1.43554
5.78	1.43795
5.77	1.44037
5.76	1.4428
5.75	1.44526
5.74	1.44772
5.73	1.45021
5.72	1.4527
5.71	1.45522
5.7	1.45775
5.69	1.4603
5.68	1.46286
5.67	1.46544
5.66	1.46803
5.65	1.47065
5.64	1.47327
5.63	1.47592
5.62	1.47858
5.61	1.48126
5.6	1.48396
5.59	1.48668
5.58	1.48941
5.57	1.49217
5.56	1.49494
5.55	1.49772
5.54	1.50053
5.53	1.50336
5.52	1.5062
5.51	1.50907
5.5	1.51195
5.49	1.51485
5.48	1.51778
5.47	1.52072
5.46	1.52368
5.45	1.52667
5.44	1.52967
5.43	1.53269
5.42	1.53574
5.41	1.53881
5.4	1.54189
5.39	1.545
5.38	1.54814
5.37	1.55129
5.36	1.55447
5.35	1.55766
5.34	1.56088
5.33	1.56413
5.32	1.5674
5.31	1.57069
5.3	1.574
5.29	1.57734
5.28	1.5807
5.27	1.58409
5.26	1.5875
5.25	1.59094
5.24	1.59441
5.23	1.59789
5.22	1.60141
5.21	1.60495
5.2	1.60852
5.19	1.61211
5.18	1.61573
5.17	1.61938
5.16	1.62306
5.15	1.62676
5.14	1.63049
5.13	1.63425
5.12	1.63804
5.11	1.64186
5.1	1.64571
5.09	1.64959
5.08	1.6535
5.07	1.65744
5.06	1.66141
5.05	1.66541
5.04	1.66945
5.03	1.67351
5.02	1.67761
5.01	1.68174
5	1.68591
4.99	1.69011
4.98	1.69434
4.97	1.69861
4.96	1.70291
4.95	1.70725
4.94	1.71162
4.93	1.71603
4.92	1.72048
4.91	1.72496
4.9	1.72948
4.89	1.73404
4.88	1.73864
4.87	1.74327
4.86	1.74795
4.85	1.75267
4.84	1.75742
4.83	1.76222
4.82	1.76706
4.81	1.77194
4.8	1.77687
4.79	1.78183
4.78	1.78685
4.77	1.7919
4.76	1.797
4.75	1.80215
4.74	1.80734
4.73	1.81258
4.72	1.81787
4.71	1.8232
4.7	1.82859
4.69	1.83402
4.68	1.8395
4.67	1.84504
4.66	1.85062
4.65	1.85626
4.64	1.86195
4.63	1.86769
4.62	1.87349
4.61	1.87935
4.6	1.88526
4.59	1.89122
4.58	1.89725
4.57	1.90333
4.56	1.90947
4.55	1.91568
4.54	1.92194
4.53	1.92827
4.52	1.93465
4.51	1.94111
4.5	1.94762
4.49	1.95421
4.48	1.96086
4.47	1.96757
4.46	1.97436
4.45	1.98122
4.44	1.98814
4.43	1.99514
4.42	2.00222
4.41	2.00936
4.4	2.01659
4.39	2.02389
4.38	2.03127
4.37	2.03872
4.36	2.04626
4.35	2.05388
4.34	2.06159
4.33	2.06937
4.32	2.07725
4.31	2.08521
4.3	2.09326
4.29	2.1014
4.28	2.10964
4.27	2.11796
4.26	2.12639
4.25	2.13491
4.24	2.14353
4.23	2.15225
4.22	2.16107
4.21	2.16999
4.2	2.17903
4.19	2.18817
4.18	2.19742
4.17	2.20678
4.16	2.21626
4.15	2.22585
4.14	2.23556
4.13	2.24539
4.12	2.25535
4.11	2.26543
4.1	2.27563
4.09	2.28597
4.08	2.29644
4.07	2.30705
4.06	2.3178
4.05	2.32868
4.04	2.33971
4.03	2.35089
4.02	2.36222
4.01	2.3737
4	2.38533
3.99	2.39713
3.98	2.40909
3.97	2.42122
3.96	2.43352
3.95	2.44599
3.94	2.45864
3.93	2.47147
3.92	2.48448
3.91	2.49769
3.9	2.5111
3.89	2.5247
3.88	2.5385
3.87	2.55252
3.86	2.56675
3.85	2.5812
3.84	2.59587
3.83	2.61077
3.82	2.62591
3.81	2.64129
3.8	2.65692
3.79	2.67281
3.78	2.68895
3.77	2.70537
3.76	2.72206
3.75	2.73903
3.74	2.75629
3.73	2.77385
3.72	2.79172
3.71	2.8099
3.7	2.82841
3.69	2.84726
3.68	2.86645
3.67	2.88599
3.66	2.9059
3.65	2.92619
3.64	2.94686
3.63	2.96794
3.62	2.98943
3.61	3.01135
3.6	3.03371
3.59	3.05652
3.58	3.07981
3.57	3.10359
3.56	3.12788
3.55	3.15268
3.54	3.17804
3.53	3.20395
3.52	3.23046
3.51	3.25757
3.5	3.28531
3.49	3.31371
3.48	3.34279
3.47	3.37259
3.46	3.40312
3.45	3.43444
3.44	3.46656
3.43	3.49952
3.42	3.53338
3.41	3.56816
3.4	3.60391
3.39	3.64068
3.38	3.67852
3.37	3.71749
3.36	3.75764
3.35	3.79905
3.34	3.84178
3.33	3.88591
3.32	3.93152
3.31	3.97871
3.3	4.02757
3.29	4.07822
3.28	4.13076
3.27	4.18535
3.26	4.24211
3.25	4.30123
3.24	4.36287
3.23	4.42726
3.22	4.4946
3.21	4.56518
3.2	4.63928
3.19	4.71725
3.18	4.79948
3.17	4.88643
3.16	4.97863
3.15	5.0767
3.14	5.1814
3.13	5.29363
3.12	5.41448
3.11	5.54533
3.1	5.68787
3.09	5.84429
3.08	6.01746
3.07	6.21124
3.06	6.43099
3.05	6.68448
3.04	6.98362
3.03	7.34797
3.02	7.81319
3.01	8.45574
3	9.49615
2.99	12.5307
-2.99	12.5307
-3	9.49615
-3.01	8.45574
-3.02	7.81319
-3.03	7.34797
-3.04	6.98362
-3.05	6.68448
-3.06	6.43099
-3.07	6.21124
-3.08	6.01746
-3.09	5.84429
-3.1	5.68787
-3.11	5.54533
-3.12	5.41448
-3.13	5.29363
-3.14	5.1814
-3.15	5.0767
-3.16	4.97863
-3.17	4.88643
-3.18	4.79948
-3.19	4.71725
-3.2	4.63928
-3.21	4.56518
-3.22	4.4946
-3.23	4.42726
-3.24	4.36287
-3.25	4.30123
-3.26	4.24211
-3.27	4.18535
-3.28	4.13076
-3.29	4.07822
-3.3	4.02757
-3.31	3.97871
-3.32	3.93152
-3.33	3.88591
-3.34	3.84178
-3.35	3.79905
-3.36	3.75764
-3.37	3.71749
-3.38	3.67852
-3.39	3.64068
-3.4	3.60391
-3.41	3.56816
-3.42	3.53338
-3.43	3.49952
-3.44	3.46656
-3.45	3.43444
-3.46	3.40312
-3.47	3.37259
-3.48	3.34279
-3.49	3.31371
-3.5	3.28531
-3.51	3.25757
-3.52	3.23046
-3.53	3.20395
-3.54	3.17804
-3.55	3.15268
-3.56	3.12788
-3.57	3.10359
-3.58	3.07981
-3.59	3.05652
-3.6	3.03371
-3.61	3.01135
-3.62	2.98943
-3.63	2.96794
-3.64	2.94686
-3.65	2.92619
-3.66	2.9059
-3.67	2.88599
-3.68	2.86645
-3.69	2.84726
-3.7	2.82841
-3.71	2.8099
-3.72	2.79172
-3.73	2.77385
-3.74	2.75629
-3.75	2.73903
-3.76	2.72206
-3.77	2.70537
-3.78	2.68895
-3.79	2.67281
-3.8	2.65692
-3.81	2.64129
-3.82	2.62591
-3.83	2.61077
-3.84	2.59587
-3.85	2.5812
-3.86	2.56675
-3.87	2.55252
-3.88	2.5385
-3.89	2.5247
-3.9	2.5111
-3.91	2.49769
-3.92	2.48448
-3.93	2.47147
-3.94	2.45864
-3.95	2.44599
-3.96	2.43352
-3.97	2.42122
-3.98	2.40909
-3.99	2.39713
-4	2.38533
-4.01	2.3737
-4.02	2.36222
-4.03	2.35089
-4.04	2.33971
-4.05	2.32868
-4.06	2.3178
-4.07	2.30705
-4.08	2.29644
-4.09	2.28597
-4.1	2.27563
-4.11	2.26543
-4.12	2.25535
-4.13	2.24539
-4.14	2.23556
-4.15	2.22585
-4.16	2.21626
-4.17	2.20678
-4.18	2.19742
-4.19	2.18817
-4.2	2.17903
-4.21	2.16999
-4.22	2.16107
-4.23	2.15225
-4.24	2.14353
-4.25	2.13491
-4.26	2.12639
-4.27	2.11796
-4.28	2.10964
-4.29	2.1014
-4.3	2.09326
-4.31	2.08521
-4.32	2.07725
-4.33	2.06937
-4.34	2.06159
-4.35	2.05388
-4.36	2.04626
-4.37	2.03872
-4.38	2.03127
-4.39	2.02389
-4.4	2.01659
-4.41	2.00936
-4.42	2.00222
-4.43	1.99514
-4.44	1.98814
-4.45	1.98122
-4.46	1.97436
-4.47	1.96757
-4.48	1.96086
-4.49	1.95421
-4.5	1.94762
-4.51	1.94111
-4.52	1.93465
-4.53	1.92827
-4.54	1.92194
-4.55	1.91568
-4.56	1.90947
-4.57	1.90333
-4.58	1.89725
-4.59	1.89122
-4.6	1.88526
-4.61	1.87935
-4.62	1.87349
-4.63	1.86769
-4.64	1.86195
-4.65	1.85626
-4.66	1.85062
-4.67	1.84504
-4.68	1.8395
-4.69	1.83402
-4.7	1.82859
-4.71	1.8232
-4.72	1.81787
-4.73	1.81258
-4.74	1.80734
-4.75	1.80215
-4.76	1.797
-4.77	1.7919
-4.78	1.78685
-4.79	1.78183
-4.8	1.77687
-4.81	1.77194
-4.82	1.76706
-4.83	1.76222
-4.84	1.75742
-4.85	1.75267
-4.86	1.74795
-4.87	1.74327
-4.88	1.73864
-4.89	1.73404
-4.9	1.72948
-4.91	1.72496
-4.92	1.72048
-4.93	1.71603
-4.94	1.71162
-4.95	1.70725
-4.96	1.70291
-4.97	1.69861
-4.98	1.69434
-4.99	1.69011
-5	1.68591
-5.01	1.68174
-5.02	1.67761
-5.03	1.67351
-5.04	1.66945
-5.05	1.66541
-5.06	1.66141
-5.07	1.65744
-5.08	1.6535
-5.09	1.64959
-5.1	1.64571
-5.11	1.64186
-5.12	1.63804
-5.13	1.63425
-5.14	1.63049
-5.15	1.62676
-5.16	1.62306
-5.17	1.61938
-5.18	1.61573
-5.19	1.61211
-5.2	1.60852
-5.21	1.60495
-5.22	1.60141
-5.23	1.59789
-5.24	1.59441
-5.25	1.59094
-5.26	1.5875
-5.27	1.58409
-5.28	1.5807
-5.29	1.57734
-5.3	1.574
-5.31	1.57069
-5.32	1.5674
-5.33	1.56413
-5.34	1.56088
-5.35	1.55766
-5.36	1.55447
-5.37	1.55129
-5.38	1.54814
-5.39	1.545
-5.4	1.54189
-5.41	1.53881
-5.42	1.53574
-5.43	1.53269
-5.44	1.52967
-5.45	1.52667
-5.46	1.52368
-5.47	1.52072
-5.48	1.51778
-5.49	1.51485
-5.5	1.51195
-5.51	1.50907
-5.52	1.5062
-5.53	1.50336
-5.54	1.50053
-5.55	1.49772
-5.56	1.49494
-5.57	1.49217
-5.58	1.48941
-5.59	1.48668
-5.6	1.48396
-5.61	1.48126
-5.62	1.47858
-5.63	1.47592
-5.64	1.47327
-5.65	1.47065
-5.66	1.46803
-5.67	1.46544
-5.68	1.46286
-5.69	1.4603
-5.7	1.45775
-5.71	1.45522
-5.72	1.4527
-5.73	1.45021
-5.74	1.44772
-5.75	1.44526
-5.76	1.4428
-5.77	1.44037
-5.78	1.43795
-5.79	1.43554
-5.8	1.43315
-5.81	1.43077
-5.82	1.42841
-5.83	1.42606
-5.84	1.42372
-5.85	1.4214
-5.86	1.4191
-5.87	1.41681
-5.88	1.41453
-5.89	1.41226
-5.9	1.41001
-5.91	1.40778
-5.92	1.40555
-5.93	1.40334
-5.94	1.40114
-5.95	1.39896
-5.96	1.39679
-5.97	1.39463
-5.98	1.39248
-5.99	1.39035
-6	1.38822
-6.01	1.38612
-6.02	1.38402
-6.03	1.38193
-6.04	1.37986
-6.05	1.3778
-6.06	1.37575
-6.07	1.37371
-6.08	1.37169
-6.09	1.36967
-6.1	1.36767
-6.11	1.36568
-6.12	1.36369
-6.13	1.36173
-6.14	1.35977
-6.15	1.35782
-6.16	1.35588
-6.17	1.35396
-6.18	1.35204
-6.19	1.35014
-6.2	1.34824
-6.21	1.34636
-6.22	1.34448
-6.23	1.34262
-6.24	1.34077
-6.25	1.33892
-6.26	1.33709
-6.27	1.33527
-6.28	1.33346
-6.29	1.33165
-6.3	1.32986
-6.31	1.32807
-6.32	1.3263
-6.33	1.32453
-6.34	1.32278
-6.35	1.32103
-6.36	1.31929
-6.37	1.31757
-6.38	1.31585
-6.39	1.31414
-6.4	1.31244
-6.41	1.31074
-6.42	1.30906
-6.43	1.30738
-6.44	1.30572
-6.45	1.30406
-6.46	1.30241
-6.47	1.30077
-6.48	1.29914
-6.49	1.29752
-6.5	1.2959
-6.51	1.29429
-6.52	1.2927
-6.53	1.2911
-6.54	1.28952
-6.55	1.28795
-6.56	1.28638
-6.57	1.28482
-6.58	1.28327
-6.59	1.28173
-6.6	1.28019
-6.61	1.27866
-6.62	1.27714
-6.63	1.27563
-6.64	1.27412
-6.65	1.27263
-6.66	1.27114
-6.67	1.26965
-6.68	1.26818
-6.69	1.26671
-6.7	1.26525
-6.71	1.26379
-6.72	1.26234
-6.73	1.2609
-6.74	1.25947
-6.75	1.25804
-6.76	1.25662
-6.77	1.25521
-6.78	1.2538
-6.79	1.2524
-6.8	1.25101
-6.81	1.24962
-6.82	1.24824
-6.83	1.24687
-6.84	1.2455
-6.85	1.24414
-6.86	1.24279
-6.87	1.24144
-6.88	1.2401
-6.89	1.23877
-6.9	1.23744
-6.91	1.23611
-6.92	1.2348
-6.93	1.23349
-6.94	1.23218
-6.95	1.23088
-6.96	1.22959
-6.97	1.22831
-6.98	1.22702
-6.99	1.22575
-7	1.22448
-7.01	1.22322
-7.02	1.22196
-7.03	1.22071
-7.04	1.21946
-7.05	1.21822
-7.06	1.21699
-7.07	1.21576
-7.08	1.21453
-7.09	1.21331
-7.1	1.2121
-7.11	1.21089
-7.12	1.20969
-7.13	1.20849
-7.14	1.2073
-7.15	1.20612
-7.16	1.20493
-7.17	1.20376
-7.18	1.20259
-7.19	1.20142
-7.2	1.20026
-7.21	1.19911
-7.22	1.19795
-7.23	1.19681
-7.24	1.19567
-7.25	1.19453
-7.26	1.1934
-7.27	1.19228
-7.28	1.19115
-7.29	1.19004
-7.3	1.18893
-7.31	1.18782
-7.32	1.18672
-7.33	1.18562
-7.34	1.18453
-7.35	1.18344
-7.36	1.18236
-7.37	1.18128
-7.38	1.1802
-7.39	1.17913
-7.4	1.17807
-7.41	1.177
-7.42	1.17595
-7.43	1.1749
-7.44	1.17385
-7.45	1.1728
-7.46	1.17176
-7.47	1.17073
-7.48	1.1697
-7.49	1.16867
-7.5	1.16765
-7.51	1.16663
-7.52	1.16562
-7.53	1.16461
-7.54	1.1636
-7.55	1.1626
-7.56	1.1616
-7.57	1.16061
-7.58	1.15962
-7.59	1.15864
-7.6	1.15765
-7.61	1.15668
-7.62	1.1557
-7.63	1.15473
-7.64	1.15377
-7.65	1.15281
-7.66	1.15185
-7.67	1.15089
-7.68	1.14994
-7.69	1.149
-7.7	1.14805
-7.71	1.14711
-7.72	1.14618
-7.73	1.14525
-7.74	1.14432
-7.75	1.14339
-7.76	1.14247
-7.77	1.14155
-7.78	1.14064
-7.79	1.13973
-7.8	1.13882
-7.81	1.13792
-7.82	1.13702
-7.83	1.13612
-7.84	1.13523
-7.85	1.13434
-7.86	1.13345
-7.87	1.13257
-7.88	1.13169
-7.89	1.13082
-7.9	1.12994
-7.91	1.12907
-7.92	1.12821
-7.93	1.12734
-7.94	1.12648
-7.95	1.12563
-7.96	1.12478
-7.97	1.12393
-7.98	1.12308
-7.99	1.12223
-8	1.12139
-8.01	1.12056
-8.02	1.11972
-8.03	1.11889
-8.04	1.11806
-8.05	1.11724
-8.06	1.11642
-8.07	1.1156
-8.08	1.11478
-8.09	1.11397
-8.1	1.11316
-8.11	1.11235
-8.12	1.11155
-8.13	1.11075
-8.14	1.10995
-8.15	1.10915
-8.16	1.10836
-8.17	1.10757
-8.18	1.10679
-8.19	1.106
-8.2	1.10522
-8.21	1.10444
-8.22	1.10367
-8.23	1.1029
-8.24	1.10213
-8.25	1.10136
-8.26	1.10059
-8.27	1.09983
-8.28	1.09907
-8.29	1.09832
-8.3	1.09756
-8.31	1.09681
-8.32	1.09607
-8.33	1.09532
-8.34	1.09458
-8.35	1.09384
-8.36	1.0931
-8.37	1.09236
-8.38	1.09163
-8.39	1.0909
-8.4	1.09017
-8.41	1.08945
-8.42	1.08873
-8.43	1.08801
-8.44	1.08729
-8.45	1.08657
-8.46	1.08586
-8.47	1.08515
-8.48	1.08444
-8.49	1.08374
-8.5	1.08304
-8.51	1.08234
-8.52	1.08164
-8.53	1.08094
-8.54	1.08025
-8.55	1.07956
-8.56	1.07887
-8.57	1.07818
-8.58	1.0775
-8.59	1.07682
-8.6	1.07614
-8.61	1.07546
-8.62	1.07479
-8.63	1.07412
-8.64	1.07345
-8.65	1.07278
-8.66	1.07211
-8.67	1.07145
-8.68	1.07079
-8.69	1.07013
-8.7	1.06947
-8.71	1.06882
-8.72	1.06816
-8.73	1.06751
-8.74	1.06687
-8.75	1.06622
-8.76	1.06558
-8.77	1.06493
-8.78	1.06429
-8.79	1.06366
-8.8	1.06302
-8.81	1.06239
-8.82	1.06176
-8.83	1.06113
-8.84	1.0605
-8.85	1.05987
-8.86	1.05925
-8.87	1.05863
-8.88	1.05801
-8.89	1.05739
-8.9	1.05678
-8.91	1.05616
-8.92	1.05555
-8.93	1.05494
-8.94	1.05433
-8.95	1.05373
-8.96	1.05313
-8.97	1.05252
-8.98	1.05192
-8.99	1.05133
-9	1.05073
-9.01	1.05014
-9.02	1.04954
-9.03	1.04895
-9.04	1.04836
-9.05	1.04778
-9.06	1.04719
-9.07	1.04661
-9.08	1.04603
-9.09	1.04545
-9.1	1.04487
-9.11	1.0443
-9.12	1.04372
-9.13	1.04315
-9.14	1.04258
-9.15	1.04201
-9.16	1.04144
-9.17	1.04088
-9.18	1.04032
-9.19	1.03975
-9.2	1.03919
-9.21	1.03864
-9.22	1.03808
-9.23	1.03752
-9.24	1.03697
-9.25	1.03642
-9.26	1.03587
-9.27	1.03532
-9.28	1.03477
-9.29	1.03423
-9.3	1.03369
-9.31	1.03314
-9.32	1.0326
-9.33	1.03207
-9.34	1.03153
-9.35	1.03099
-9.36	1.03046
-9.37	1.02993
-9.38	1.0294
-9.39	1.02887
-9.4	1.02834
-9.41	1.02782
-9.42	1.02729
-9.43	1.02677
-9.44	1.02625
-9.45	1.02573
-9.46	1.02521
-9.47	1.0247
-9.48	1.02418
-9.49	1.02367
-9.5	1.02316
-9.51	1.02265
-9.52	1.02214
-9.53	1.02163
-9.54	1.02113
-9.55	1.02062
-9.56	1.02012
-9.57	1.01962
-9.58	1.01912
-9.59	1.01862
-9.6	1.01812
-9.61	1.01763
-9.62	1.01713
-9.63	1.01664
-9.64	1.01615
-9.65	1.01566
-9.66	1.01517
-9.67	1.01468
-9.68	1.0142
-9.69	1.01371
-9.7	1.01323
-9.71	1.01275
-9.72	1.01227
-9.73	1.01179
-9.74	1.01131
-9.75	1.01083
-9.76	1.01036
-9.77	1.00989
-9.78	1.00941
-9.79	1.00894
-9.8	1.00847
-9.81	1.00801
-9.82	1.00754
-9.83	1.00707
-9.84	1.00661
-9.85	1.00615
-9.86	1.00569
-9.87	1.00523
-9.88	1.00477
-9.89	1.00431
-9.9	1.00385
-9.91	1.0034
-9.92	1.00294
-9.93	1.00249
-9.94	1.00204
-9.95	1.00159
-9.96	1.00114
-9.97	1.00069
-9.98	1.00025
-9.99	0.9998
-10	0.999356
-10.01	0.998913
-10.02	0.998472
-10.03	0.998031
-10.04	0.997592
-10.05	0.997154
-10.06	0.996717
-10.07	0.996282
-10.08	0.995847
-10.09	0.995414
-10.1	0.994982
-10.11	0.994551
-10.12	0.994121
-10.13	0.993693
-10.14	0.993265
-10.15	0.992839
-10.16	0.992414
-10.17	0.99199
-10.18	0.991567
-10.19	0.991145
-10.2	0.990724
-10.21	0.990305
-10.22	0.989886
-10.23	0.989469
-10.24	0.989053
-10.25	0.988638
-10.26	0.988224
-10.27	0.987811
-10.28	0.987399
-10.29	0.986989
-10.3	0.986579
-10.31	0.98617
-10.32	0.985763
-10.33	0.985357
-10.34	0.984951
-10.35	0.984547
-10.36	0.984144
-10.37	0.983742
-10.38	0.98334
-10.39	0.98294
-10.4	0.982541
-10.41	0.982143
-10.42	0.981746
-10.43	0.98135
-10.44	0.980956
-10.45	0.980562
-10.46	0.980169
-10.47	0.979777
-10.48	0.979386
-10.49	0.978996
-10.5	0.978607
-10.51	0.97822
-10.52	0.977833
-10.53	0.977447
-10.54	0.977062
-10.55	0.976678
-10.56	0.976295
-10.57	0.975913
-10.58	0.975532
-10.59	0.975152
-10.6	0.974773
-10.61	0.974395
-10.62	0.974018
-10.63	0.973642
-10.64	0.973267
-10.65	0.972892
-10.66	0.972519
-10.67	0.972147
-10.68	0.971775
-10.69	0.971405
-10.7	0.971035
-10.71	0.970666
-10.72	0.970299
-10.73	0.969932
-10.74	0.969566
-10.75	0.969201
-10.76	0.968837
-10.77	0.968474
-10.78	0.968111
-10.79	0.96775
-10.8	0.96739
-10.81	0.96703
-10.82	0.966671
-10.83	0.966313
-10.84	0.965956
-10.85	0.9656
-10.86	0.965245
-10.87	0.964891
-10.88	0.964537
-10.89	0.964185
-10.9	0.963833
-10.91	0.963482
-10.92	0.963132
-10.93	0.962783
-10.94	0.962435
-10.95	0.962087
-10.96	0.961741
-10.97	0.961395
-10.98	0.96105
-10.99	0.960706
-11	0.960363
-11.01	0.96002
-11.02	0.959678
-11.03	0.959338
-11.04	0.958998
-11.05	0.958659
-11.06	0.95832
-11.07	0.957983
-11.08	0.957646
-11.09	0.95731
-11.1	0.956975
-11.11	0.956641
-11.12	0.956307
-11.13	0.955974
-11.14	0.955642
-11.15	0.955311
-11.16	0.954981
-11.17	0.954651
-11.18	0.954322
-11.19	0.953994
-11.2	0.953667
-11.21	0.953341
-11.22	0.953015
-11.23	0.95269
-11.24	0.952366
-11.25	0.952042
-11.26	0.95172
-11.27	0.951398
-11.28	0.951077
-11.29	0.950756
-11.3	0.950437
-11.31	0.950118
-11.32	0.9498
-11.33	0.949482
-11.34	0.949165
-11.35	0.948849
-11.36	0.948534
-11.37	0.94822
-11.38	0.947906
-11.39	0.947593
-11.4	0.947281
-11.41	0.946969
-11.42	0.946658
-11.43	0.946348
-11.44	0.946039
-11.45	0.94573
-11.46	0.945422
-11.47	0.945114
-11.48	0.944808
-11.49	0.944502
-11.5	0.944197
-11.51	0.943892
-11.52	0.943588
-11.53	0.943285
-11.54	0.942983
-11.55	0.942681
-11.56	0.94238
-11.57	0.942079
-11.58	0.94178
-11.59	0.941481
-11.6	0.941182
-11.61	0.940884
-11.62	0.940587
-11.63	0.940291
-11.64	0.939995
-11.65	0.9397
-11.66	0.939406
-11.67	0.939112
-11.68	0.938819
-11.69	0.938527
-11.7	0.938235
-11.71	0.937944
-11.72	0.937653
-11.73	0.937364
-11.74	0.937074
-11.75	0.936786
-11.76	0.936498
-11.77	0.936211
-11.78	0.935924
-11.79	0.935638
-11.8	0.935353
-11.81	0.935068
-11.82	0.934784
-11.83	0.934501
-11.84	0.934218
-11.85	0.933936
-11.86	0.933654
-11.87	0.933373
-11.88	0.933093
-11.89	0.932813
-11.9	0.932534
-11.91	0.932255
-11.92	0.931977
-11.93	0.9317
-11.94	0.931423
-11.95	0.931147
-11.96	0.930871
-11.97	0.930597
-11.98	0.930322
-11.99	0.930049
-12	0.929775
-12.01	0.929503
-12.02	0.929231
-12.03	0.928959
-12.04	0.928689
-12.05	0.928418
-12.06	0.928149
-12.07	0.92788
-12.08	0.927611
-12.09	0.927343
-12.1	0.927076
-12.11	0.926809
-12.12	0.926543
-12.13	0.926277
-12.14	0.926012
-12.15	0.925748
-12.16	0.925484
-12.17	0.925221
-12.18	0.924958
-12.19	0.924695
-12.2	0.924434
-12.21	0.924173
-12.22	0.923912
-12.23	0.923652
-12.24	0.923392
-12.25	0.923133
-12.26	0.922875
-12.27	0.922617
-12.28	0.92236
-12.29	0.922103
-12.3	0.921847
-12.31	0.921591
-12.32	0.921336
-12.33	0.921081
-12.34	0.920827
-12.35	0.920574
-12.36	0.92032
-12.37	0.920068
-12.38	0.919816
-12.39	0.919564
-12.4	0.919313
-12.41	0.919063
-12.42	0.918813
-12.43	0.918564
-12.44	0.918315
-12.45	0.918066
-12.46	0.917818
-12.47	0.917571
-12.48	0.917324
-12.49	0.917078
-12.5	0.916832
-12.51	0.916587
-12.52	0.916342
-12.53	0.916098
-12.54	0.915854
-12.55	0.91561
-12.56	0.915368
-12.57	0.915125
-12.58	0.914883
-12.59	0.914642
-12.6	0.914401
-12.61	0.914161
-12.62	0.913921
-12.63	0.913681
-12.64	0.913442
-12.65	0.913204
-12.66	0.912966
-12.67	0.912729
-12.68	0.912492
-12.69	0.912255
-12.7	0.912019
-12.71	0.911783
-12.72	0.911548
-12.73	0.911314
-12.74	0.911079
-12.75	0.910846
-12.76	0.910613
-12.77	0.91038
-12.78	0.910147
-12.79	0.909916
-12.8	0.909684
-12.81	0.909453
-12.82	0.909223
-12.83	0.908993
-12.84	0.908763
-12.85	0.908534
-12.86	0.908306
-12.87	0.908077
-12.88	0.90785
-12.89	0.907622
-12.9	0.907396
-12.91	0.907169
-12.92	0.906943
-12.93	0.906718
-12.94	0.906493
-12.95	0.906268
-12.96	0.906044
-12.97	0.90582
-12.98	0.905597
-12.99	0.905374
-13	0.905152
-13.01	0.90493
-13.02	0.904708
-13.03	0.904487
-13.04	0.904266
-13.05	0.904046
-13.06	0.903826
-13.07	0.903607
-13.08	0.903388
-13.09	0.903169
-13.1	0.902951
-13.11	0.902733
-13.12	0.902516
-13.13	0.902299
-13.14	0.902083
-13.15	0.901867
-13.16	0.901651
-13.17	0.901436
-13.18	0.901221
-13.19	0.901007
-13.2	0.900793
-13.21	0.900579
-13.22	0.900366
-13.23	0.900153
-13.24	0.899941
-13.25	0.899729
-13.26	0.899517
-13.27	0.899306
-13.28	0.899095
-13.29	0.898885
-13.3	0.898675
-13.31	0.898466
-13.32	0.898256
-13.33	0.898048
-13.34	0.897839
-13.35	0.897631
-13.36	0.897424
-13.37	0.897217
-13.38	0.89701
-13.39	0.896804
-13.4	0.896598
-13.41	0.896392
-13.42	0.896187
-13.43	0.895982
-13.44	0.895777
-13.45	0.895573
-13.46	0.89537
-13.47	0.895166
-13.48	0.894963
-13.49	0.894761
-13.5	0.894559
-13.51	0.894357
-13.52	0.894155
-13.53	0.893954
-13.54	0.893754
-13.55	0.893553
-13.56	0.893353
-13.57	0.893154
-13.58	0.892955
-13.59	0.892756
-13.6	0.892557
-13.61	0.892359
-13.62	0.892161
-13.63	0.891964
-13.64	0.891767
-13.65	0.89157
-13.66	0.891374
-13.67	0.891178
-13.68	0.890983
-13.69	0.890787
-13.7	0.890593
-13.71	0.890398
-13.72	0.890204
-13.73	0.89001
-13.74	0.889817
-13.75	0.889624
-13.76	0.889431
-13.77	0.889239
-13.78	0.889047
-13.79	0.888855
-13.8	0.888664
-13.81	0.888473
-13.82	0.888282
-13.83	0.888092
-13.84	0.887902
-13.85	0.887712
-13.86	0.887523
-13.87	0.887334
-13.88	0.887145
-13.89	0.886957
-13.9	0.886769
-13.91	0.886582
-13.92	0.886394
-13.93	0.886207
-13.94	0.886021
-13.95	0.885835
-13.96	0.885649
-13.97	0.885463
-13.98	0.885278
-13.99	0.885093
-14	0.884908
-14.01	0.884724
-14.02	0.88454
-14.03	0.884357
-14.04	0.884173
-14.05	0.883991
-14.06	0.883808
-14.07	0.883626
-14.08	0.883444
-14.09	0.883262
-14.1	0.883081
-14.11	0.8829
-14.12	0.882719
-14.13	0.882539
-14.14	0.882359
-14.15	0.882179
-14.16	0.881999
-14.17	0.88182
-14.18	0.881642
-14.19	0.881463
-14.2	0.881285
-14.21	0.881107
-14.22	0.880929
-14.23	0.880752
-14.24	0.880575
-14.25	0.880399
-14.26	0.880222
-14.27	0.880046
-14.28	0.879871
-14.29	0.879695
-14.3	0.87952
-14.31	0.879345
-14.32	0.879171
-14.33	0.878997
-14.34	0.878823
-14.35	0.878649
-14.36	0.878476
-14.37	0.878303
-14.38	0.87813
-14.39	0.877958
-14.4	0.877786
-14.41	0.877614
-14.42	0.877443
-14.43	0.877271
-14.44	0.8771
-14.45	0.87693
-14.46	0.87676
-14.47	0.87659
-14.48	0.87642
-14.49	0.87625
-14.5	0.876081
-14.51	0.875912
-14.52	0.875744
-14.53	0.875575
-14.54	0.875407
-14.55	0.87524
-14.56	0.875072
-14.57	0.874905
-14.58	0.874738
-14.59	0.874572
-14.6	0.874405
-14.61	0.874239
-14.62	0.874074
-14.63	0.873908
-14.64	0.873743
-14.65	0.873578
-14.66	0.873413
-14.67	0.873249
-14.68	0.873085
-14.69	0.872921
-14.7	0.872758
-14.71	0.872594
-14.72	0.872431
-14.73	0.872269
-14.74	0.872106
-14.75	0.871944
-14.76	0.871782
-14.77	0.87162
-14.78	0.871459
-14.79	0.871298
-14.8	0.871137
-14.81	0.870977
-14.82	0.870816
-14.83	0.870656
-14.84	0.870497
-14.85	0.870337
-14.86	0.870178
-14.87	0.870019
-14.88	0.86986
-14.89	0.869702
-14.9	0.869544
-14.91	0.869386
-14.92	0.869228
-14.93	0.869071
-14.94	0.868914
-14.95	0.868757
-14.96	0.8686
-14.97	0.868444
-14.98	0.868288
-14.99	0.868132
-15	0.867976
-15.01	0.867821
-15.02	0.867666
-15.03	0.867511
-15.04	0.867356
-15.05	0.867202
-15.06	0.867048
-15.07	0.866894
-15.08	0.86674
-15.09	0.866587
-15.1	0.866434
-15.11	0.866281
-15.12	0.866129
-15.13	0.865976
-15.14	0.865824
-15.15	0.865672
-15.16	0.865521
-15.17	0.865369
-15.18	0.865218
-15.19	0.865067
-15.2	0.864917
-15.21	0.864767
-15.22	0.864616
-15.23	0.864466
-15.24	0.864317
-15.25	0.864167
-15.26	0.864018
-15.27	0.863869
-15.28	0.863721
-15.29	0.863572
-15.3	0.863424
-15.31	0.863276
-15.32	0.863128
-15.33	0.862981
-15.34	0.862833
-15.35	0.862686
-15.36	0.86254
-15.37	0.862393
-15.38	0.862247
-15.39	0.862101
-15.4	0.861955
-15.41	0.861809
-15.42	0.861664
-15.43	0.861518
-15.44	0.861373
-15.45	0.861229
-15.46	0.861084
-15.47	0.86094
-15.48	0.860796
-15.49	0.860652
-15.5	0.860509
-15.51	0.860365
-15.52	0.860222
-15.53	0.860079
-15.54	0.859936
-15.55	0.859794
-15.56	0.859652
-15.57	0.85951
-15.58	0.859368
-15.59	0.859226
-15.6	0.859085
-15.61	0.858944
-15.62	0.858803
-15.63	0.858662
-15.64	0.858522
-15.65	0.858381
-15.66	0.858241
-15.67	0.858102
-15.68	0.857962
-15.69	0.857823
-15.7	0.857683
-15.71	0.857544
-15.72	0.857406
-15.73	0.857267
-15.74	0.857129
-15.75	0.856991
-15.76	0.856853
-15.77	0.856715
-15.78	0.856578
-15.79	0.85644
-15.8	0.856303
-15.81	0.856167
-15.82	0.85603
-15.83	0.855893
-15.84	0.855757
-15.85	0.855621
-15.86	0.855485
-15.87	0.85535
-15.88	0.855215
-15.89	0.855079
-15.9	0.854944
-15.91	0.85481
-15.92	0.854675
-15.93	0.854541
-15.94	0.854407
-15.95	0.854273
-15.96	0.854139
-15.97	0.854005
-15.98	0.853872
-15.99	0.853739
-16	0.853606
-16.01	0.853473
-16.02	0.853341
-16.03	0.853209
-16.04	0.853076
-16.05	0.852944
-16.06	0.852813
-16.07	0.852681
-16.08	0.85255
-16.09	0.852419
-16.1	0.852288
-16.11	0.852157
-16.12	0.852027
-16.13	0.851896
-16.14	0.851766
-16.15	0.851636
-16.16	0.851506
-16.17	0.851377
-16.18	0.851247
-16.19	0.851118
-16.2	0.850989
-16.21	0.85086
-16.22	0.850732
-16.23	0.850604
-16.24	0.850475
-16.25	0.850347
-16.26	0.850219
-16.27	0.850092
-16.28	0.849964
-16.29	0.849837
-16.3	0.84971
-16.31	0.849583
-16.32	0.849456
-16.33	0.84933
-16.34	0.849204
-16.35	0.849077
-16.36	0.848951
-16.37	0.848826
-16.38	0.8487
-16.39	0.848575
-16.4	0.848449
-16.41	0.848324
-16.42	0.8482
-16.43	0.848075
-16.44	0.84795
-16.45	0.847826
-16.46	0.847702
-16.47	0.847578
-16.48	0.847454
-16.49	0.847331
-16.5	0.847207
-16.51	0.847084
-16.52	0.846961
-16.53	0.846838
-16.54	0.846716
-16.55	0.846593
-16.56	0.846471
-16.57	0.846349
-16.58	0.846227
-16.59	0.846105
-16.6	0.845983
-16.61	0.845862
-16.62	0.84574
-16.63	0.845619
-16.64	0.845499
-16.65	0.845378
-16.66	0.845257
-16.67	0.845137
-16.68	0.845017
-16.69	0.844897
-16.7	0.844777
-16.71	0.844657
-16.72	0.844537
-16.73	0.844418
-16.74	0.844299
-16.75	0.84418
-16.76	0.844061
-16.77	0.843942
-16.78	0.843824
-16.79	0.843706
-16.8	0.843587
-16.81	0.843469
-16.82	0.843352
-16.83	0.843234
-16.84	0.843116
-16.85	0.842999
-16.86	0.842882
-16.87	0.842765
-16.88	0.842648
-16.89	0.842532
-16.9	0.842415
-16.91	0.842299
-16.92	0.842183
-16.93	0.842067
-16.94	0.841951
-16.95	0.841835
-16.96	0.84172
-16.97	0.841604
-16.98	0.841489
-16.99	0.841374
-17	0.841259
-17.01	0.841144
-17.02	0.84103
-17.03	0.840916
-17.04	0.840801
-17.05	0.840687
-17.06	0.840573
-17.07	0.84046
-17.08	0.840346
-17.09	0.840233
-17.1	0.840119
-17.11	0.840006
-17.12	0.839893
-17.13	0.839781
-17.14	0.839668
-17.15	0.839556
-17.16	0.839443
-17.17	0.839331
-17.18	0.839219
-17.19	0.839107
-17.2	0.838996
-17.21	0.838884
-17.22	0.838773
-17.23	0.838661
-17.24	0.83855
-17.25	0.838439
-17.26	0.838329
-17.27	0.838218
-17.28	0.838108
-17.29	0.837997
-17.3	0.837887
-17.31	0.837777
-17.32	0.837667
-17.33	0.837558
-17.34	0.837448
-17.35	0.837339
-17.36	0.837229
-17.37	0.83712
-17.38	0.837011
-17.39	0.836903
-17.4	0.836794
-17.41	0.836685
-17.42	0.836577
-17.43	0.836469
-17.44	0.836361
-17.45	0.836253
-17.46	0.836145
-17.47	0.836038
-17.48	0.83593
-17.49	0.835823
-17.5	0.835716
-17.51	0.835609
-17.52	0.835502
-17.53	0.835395
-17.54	0.835288
-17.55	0.835182
-17.56	0.835076
-17.57	0.83497
-17.58	0.834864
-17.59	0.834758
-17.6	0.834652
-17.61	0.834546
-17.62	0.834441
-17.63	0.834336
-17.64	0.83423
-17.65	0.834125
-17.66	0.834021
-17.67	0.833916
-17.68	0.833811
-17.69	0.833707
-17.7	0.833602
-17.71	0.833498
-17.72	0.833394
-17.73	0.83329
-17.74	0.833187
-17.75	0.833083
-17.76	0.83298
-17.77	0.832876
-17.78	0.832773
-17.79	0.83267
-17.8	0.832567
-17.81	0.832464
-17.82	0.832362
-17.83	0.832259
-17.84	0.832157
-17.85	0.832054
-17.86	0.831952
-17.87	0.83185
-17.88	0.831749
-17.89	0.831647
-17.9	0.831545
-17.91	0.831444
-17.92	0.831343
-17.93	0.831241
-17.94	0.83114
-17.95	0.83104
-17.96	0.830939
-17.97	0.830838
-17.98	0.830738
-17.99	0.830637
-18	0.830537
-18.01	0.830437
-18.02	0.830337
-18.03	0.830237
-18.04	0.830137
-18.05	0.830038
-18.06	0.829938
-18.07	0.829839
-18.08	0.82974
-18.09	0.829641
-18.1	0.829542
-18.11	0.829443
-18.12	0.829345
-18.13	0.829246
-18.14	0.829148
-18.15	0.829049
-18.16	0.828951
-18.17	0.828853
-18.18	0.828755
-18.19	0.828658
-18.2	0.82856
-18.21	0.828462
-18.22	0.828365
-18.23	0.828268
-18.24	0.828171
-18.25	0.828074
-18.26	0.827977
-18.27	0.82788
-18.28	0.827783
-18.29	0.827687
-18.3	0.82759
-18.31	0.827494
-18.32	0.827398
-18.33	0.827302
-18.34	0.827206
-18.35	0.82711
-18.36	0.827015
-18.37	0.826919
-18.38	0.826824
-18.39	0.826729
-18.4	0.826633
-18.41	0.826538
-18.42	0.826443
-18.43	0.826349
-18.44	0.826254
-18.45	0.826159
-18.46	0.826065
-18.47	0.825971
-18.48	0.825877
-18.49	0.825783
-18.5	0.825689
-18.51	0.825595
-18.52	0.825501
-18.53	0.825408
-18.54	0.825314
-18.55	0.825221
-18.56	0.825127
-18.57	0.825034
-18.58	0.824941
-18.59	0.824849
-18.6	0.824756
-18.61	0.824663
-18.62	0.824571
-18.63	0.824478
-18.64	0.824386
-18.65	0.824294
-18.66	0.824202
-18.67	0.82411
-18.68	0.824018
-18.69	0.823926
-18.7	0.823835
-18.71	0.823743
-18.72	0.823652
-18.73	0.823561
-18.74	0.823469
-18.75	0.823378
-18.76	0.823288
-18.77	0.823197
-18.78	0.823106
-18.79	0.823016
-18.8	0.822925
-18.81	0.822835
-18.82	0.822745
-18.83	0.822654
-18.84	0.822564
-18.85	0.822475
-18.86	0.822385
-18.87	0.822295
-18.88	0.822206
-18.89	0.822116
-18.9	0.822027
-18.91	0.821938
-18.92	0.821849
-18.93	0.82176
-18.94	0.821671
-18.95	0.821582
-18.96	0.821493
-18.97	0.821405
-18.98	0.821316
-18.99	0.821228
-19	0.82114
-19.01	0.821052
-19.02	0.820964
-19.03	0.820876
-19.04	0.820788
-19.05	0.8207
-19.06	0.820613
-19.07	0.820525
-19.08	0.820438
-19.09	0.820351
-19.1	0.820263
-19.11	0.820176
-19.12	0.820089
-19.13	0.820003
-19.14	0.819916
-19.15	0.819829
-19.16	0.819743
-19.17	0.819656
-19.18	0.81957
-19.19	0.819484
-19.2	0.819398
-19.21	0.819312
-19.22	0.819226
-19.23	0.81914
-19.24	0.819055
-19.25	0.818969
-19.26	0.818884
-19.27	0.818798
-19.28	0.818713
-19.29	0.818628
-19.3	0.818543
-19.31	0.818458
-19.32	0.818373
-19.33	0.818288
-19.34	0.818204
-19.35	0.818119
-19.36	0.818035
-19.37	0.81795
-19.38	0.817866
-19.39	0.817782
-19.4	0.817698
-19.41	0.817614
-19.42	0.81753
-19.43	0.817447
-19.44	0.817363
-19.45	0.81728
-19.46	0.817196
-19.47	0.817113
-19.48	0.81703
-19.49	0.816946
-19.5	0.816863
-19.51	0.816781
-19.52	0.816698
-19.53	0.816615
-19.54	0.816532
-19.55	0.81645
-19.56	0.816368
-19.57	0.816285
-19.58	0.816203
-19.59	0.816121
-19.6	0.816039
-19.61	0.815957
-19.62	0.815875
-19.63	0.815793
-19.64	0.815712
-19.65	0.81563
-19.66	0.815549
-19.67	0.815467
-19.68	0.815386
-19.69	0.815305
-19.7	0.815224
-19.71	0.815143
-19.72	0.815062
-19.73	0.814981
-19.74	0.814901
-19.75	0.81482
-19.76	0.81474
-19.77	0.814659
-19.78	0.814579
-19.79	0.814499
-19.8	0.814419
-19.81	0.814339
-19.82	0.814259
-19.83	0.814179
-19.84	0.814099
-19.85	0.81402
-19.86	0.81394
-19.87	0.813861
-19.88	0.813781
-19.89	0.813702
-19.9	0.813623
-19.91	0.813544
-19.92	0.813465
-19.93	0.813386
-19.94	0.813307
-19.95	0.813228
-19.96	0.81315
-19.97	0.813071
-19.98	0.812993
-19.99	0.812914
-20	0.812836
-20.01	0.812758
-20.02	0.81268
-20.03	0.812602
-20.04	0.812524
-20.05	0.812446
-20.06	0.812369
-20.07	0.812291
-20.08	0.812213
-20.09	0.812136
-20.1	0.812059
-20.11	0.811981
-20.12	0.811904
-20.13	0.811827
-20.14	0.81175
-20.15	0.811673
-20.16	0.811597
-20.17	0.81152
-20.18	0.811443
-20.19	0.811367
-20.2	0.81129
-20.21	0.811214
-20.22	0.811138
-20.23	0.811061
-20.24	0.810985
-20.25	0.810909
-20.26	0.810833
-20.27	0.810757
-20.28	0.810682
-20.29	0.810606
-20.3	0.81053
-20.31	0.810455
-20.32	0.81038
-20.33	0.810304
-20.34	0.810229
-20.35	0.810154
-20.36	0.810079
-20.37	0.810004
-20.38	0.809929
-20.39	0.809854
-20.4	0.809779
-20.41	0.809705
-20.42	0.80963
-20.43	0.809556
-20.44	0.809481
-20.45	0.809407
-20.46	0.809333
-20.47	0.809259
-20.48	0.809185
-20.49	0.809111
-20.5	0.809037
-20.51	0.808963
-20.52	0.808889
-20.53	0.808816
-20.54	0.808742
-20.55	0.808669
-20.56	0.808595
-20.57	0.808522
-20.58	0.808449
-20.59	0.808376
-20.6	0.808303
-20.61	0.80823
-20.62	0.808157
-20.63	0.808084
-20.64	0.808011
-20.65	0.807939
-20.66	0.807866
-20.67	0.807793
-20.68	0.807721
-20.69	0.807649
-20.7	0.807577
-20.71	0.807504
-20.72	0.807432
-20.73	0.80736
-20.74	0.807288
-20.75	0.807217
-20.76	0.807145
-20.77	0.807073
-20.78	0.807002
-20.79	0.80693
-20.8	0.806859
-20.81	0.806787
-20.82	0.806716
-20.83	0.806645
-20.84	0.806574
-20.85	0.806503
-20.86	0.806432
-20.87	0.806361
-20.88	0.80629
-20.89	0.806219
-20.9	0.806149
-20.91	0.806078
-20.92	0.806008
-20.93	0.805937
-20.94	0.805867
-20.95	0.805797
-20.96	0.805726
-20.97	0.805656
-20.98	0.805586
-20.99	0.805516
-21	0.805446
-21.01	0.805377
-21.02	0.805307
-21.03	0.805237
-21.04	0.805168
-21.05	0.805098
-21.06	0.805029
-21.07	0.804959
-21.08	0.80489
-21.09	0.804821
-21.1	0.804752
-21.11	0.804683
-21.12	0.804614
-21.13	0.804545
-21.14	0.804476
-21.15	0.804408
-21.16	0.804339
-21.17	0.80427
-21.18	0.804202
-21.19	0.804133
-21.2	0.804065
-21.21	0.803997
-21.22	0.803929
-21.23	0.80386
-21.24	0.803792
-21.25	0.803724
-21.26	0.803656
-21.27	0.803589
-21.28	0.803521
-21.29	0.803453
-21.3	0.803386
-21.31	0.803318
-21.32	0.803251
-21.33	0.803183
-21.34	0.803116
-21.35	0.803049
-21.36	0.802981
-21.37	0.802914
-21.38	0.802847
-21.39	0.80278
-21.4	0.802713
-21.41	0.802647
-21.42	0.80258
-21.43	0.802513
-21.44	0.802447
-21.45	0.80238
-21.46	0.802314
-21.47	0.802247
-21.48	0.802181
-21.49	0.802115
-21.5	0.802048
-21.51	0.801982
-21.52	0.801916
-21.53	0.80185
-21.54	0.801784
-21.55	0.801719
-21.56	0.801653
-21.57	0.801587
-21.58	0.801522
-21.59	0.801456
-21.6	0.801391
-21.61	0.801325
-21.62	0.80126
-21.63	0.801195
-21.64	0.801129
-21.65	0.801064
-21.66	0.800999
-21.67	0.800934
-21.68	0.800869
-21.69	0.800804
-21.7	0.80074
-21.71	0.800675
-21.72	0.80061
-21.73	0.800546
-21.74	0.800481
-21.75	0.800417
-21.76	0.800352
-21.77	0.800288
-21.78	0.800224
-21.79	0.80016
-21.8	0.800096
-21.81	0.800032
-21.82	0.799968
-21.83	0.799904
-21.84	0.79984
-21.85	0.799776
-21.86	0.799712
-21.87	0.799649
-21.88	0.799585
-21.89	0.799522
-21.9	0.799458
-21.91	0.799395
-21.92	0.799332
-21.93	0.799268
-21.94	0.799205
-21.95	0.799142
-21.96	0.799079
-21.97	0.799016
-21.98	0.798953
-21.99	0.79889
-22	0.798828
-22.01	0.798765
-22.02	0.798702
-22.03	0.79864
-22.04	0.798577
-22.05	0.798515
-22.06	0.798452
-22.07	0.79839
-22.08	0.798328
-22.09	0.798266
-22.1	0.798204
-22.11	0.798142
-22.12	0.79808
-22.13	0.798018
-22.14	0.797956
-22.15	0.797894
-22.16	0.797832
-22.17	0.797771
-22.18	0.797709
-22.19	0.797647
-22.2	0.797586
-22.21	0.797525
-22.22	0.797463
-22.23	0.797402
-22.24	0.797341
-22.25	0.79728
-22.26	0.797219
-22.27	0.797157
-22.28	0.797096
-22.29	0.797036
-22.3	0.796975
-22.31	0.796914
-22.32	0.796853
-22.33	0.796793
-22.34	0.796732
-22.35	0.796671
-22.36	0.796611
-22.37	0.796551
-22.38	0.79649
-22.39	0.79643
-22.4	0.79637
-22.41	0.79631
-22.42	0.796249
-22.43	0.796189
-22.44	0.796129
-22.45	0.796069
-22.46	0.79601
-22.47	0.79595
-22.48	0.79589
-22.49	0.79583
-22.5	0.795771
-22.51	0.795711
-22.52	0.795652
-22.53	0.795592
-22.54	0.795533
-22.55	0.795474
-22.56	0.795414
-22.57	0.795355
-22.58	0.795296
-22.59	0.795237
-22.6	0.795178
-22.61	0.795119
-22.62	0.79506
-22.63	0.795001
-22.64	0.794942
-22.65	0.794884
-22.66	0.794825
-22.67	0.794767
-22.68	0.794708
-22.69	0.79465
-22.7	0.794591
-22.71	0.794533
-22.72	0.794474
-22.73	0.794416
-22.74	0.794358
-22.75	0.7943
-22.76	0.794242
-22.77	0.794184
-22.78	0.794126
-22.79	0.794068
-22.8	0.79401
-22.81	0.793952
-22.82	0.793895
-22.83	0.793837
-22.84	0.793779
-22.85	0.793722
-22.86	0.793664
-22.87	0.793607
-22.88	0.79355
-22.89	0.793492
-22.9	0.793435
-22.91	0.793378
-22.92	0.793321
-22.93	0.793264
-22.94	0.793207
-22.95	0.79315
-22.96	0.793093
-22.97	0.793036
-22.98	0.792979
-22.99	0.792922
-23	0.792866
-23.01	0.792809
-23.02	0.792752
-23.03	0.792696
-23.04	0.792639
-23.05	0.792583
-23.06	0.792527
-23.07	0.79247
-23.08	0.792414
-23.09	0.792358
-23.1	0.792302
-23.11	0.792246
-23.12	0.79219
-23.13	0.792134
-23.14	0.792078
-23.15	0.792022
-23.16	0.791966
-23.17	0.79191
-23.18	0.791855
-23.19	0.791799
-23.2	0.791743
-23.21	0.791688
-23.22	0.791632
-23.23	0.791577
-23.24	0.791522
-23.25	0.791466
-23.26	0.791411
-23.27	0.791356
-23.28	0.791301
-23.29	0.791246
-23.3	0.791191
-23.31	0.791135
-23.32	0.791081
-23.33	0.791026
-23.34	0.790971
-23.35	0.790916
-23.36	0.790861
-23.37	0.790807
-23.38	0.790752
-23.39	0.790698
-23.4	0.790643
-23.41	0.790589
-23.42	0.790534
-23.43	0.79048
-23.44	0.790426
-23.45	0.790371
-23.46	0.790317
-23.47	0.790263
-23.48	0.790209
-23.49	0.790155
-23.5	0.790101
-23.51	0.790047
-23.52	0.789993
-23.53	0.789939
-23.54	0.789885
-23.55	0.789832
-23.56	0.789778
-23.57	0.789724
-23.58	0.789671
-23.59	0.789617
-23.6	0.789564
-23.61	0.78951
-23.62	0.789457
-23.63	0.789404
-23.64	0.789351
-23.65	0.789297
-23.66	0.789244
-23.67	0.789191
-23.68	0.789138
-23.69	0.789085
-23.7	0.789032
-23.71	0.788979
-23.72	0.788926
-23.73	0.788874
-23.74	0.788821
-23.75	0.788768
-23.76	0.788715
-23.77	0.788663
-23.78	0.78861
-23.79	0.788558
-23.8	0.788505
-23.81	0.788453
-23.82	0.788401
-23.83	0.788348
-23.84	0.788296
-23.85	0.788244
-23.86	0.788192
-23.87	0.78814
-23.88	0.788088
-23.89	0.788036
-23.9	0.787984
-23.91	0.787932
-23.92	0.78788
-23.93	0.787828
-23.94	0.787776
-23.95	0.787725
-23.96	0.787673
-23.97	0.787621
-23.98	0.78757
-23.99	0.787518
-24	0.787467
-24.01	0.787415
-24.02	0.787364
-24.03	0.787313
-24.04	0.787261
-24.05	0.78721
-24.06	0.787159
-24.07	0.787108
-24.08	0.787057
-24.09	0.787006
-24.1	0.786955
-24.11	0.786904
-24.12	0.786853
-24.13	0.786802
-24.14	0.786752
-24.15	0.786701
-24.16	0.78665
-24.17	0.786599
-24.18	0.786549
-24.19	0.786498
-24.2	0.786448
-24.21	0.786397
-24.22	0.786347
-24.23	0.786297
-24.24	0.786246
-24.25	0.786196
-24.26	0.786146
-24.27	0.786096
-24.28	0.786045
-24.29	0.785995
-24.3	0.785945
-24.31	0.785895
-24.32	0.785846
-24.33	0.785796
-24.34	0.785746
-24.35	0.785696
-24.36	0.785646
-24.37	0.785596
-24.38	0.785547
-24.39	0.785497
-24.4	0.785448
-24.41	0.785398
-24.42	0.785349
-24.43	0.785299
-24.44	0.78525
-24.45	0.785201
-24.46	0.785151
-24.47	0.785102
-24.48	0.785053
-24.49	0.785004
-24.5	0.784955
-24.51	0.784905
-24.52	0.784856
-24.53	0.784807
-24.54	0.784759
-24.55	0.78471
-24.56	0.784661
-24.57	0.784612
-24.58	0.784563
-24.59	0.784515
-24.6	0.784466
-24.61	0.784417
-24.62	0.784369
-24.63	0.78432
-24.64	0.784272
-24.65	0.784223
-24.66	0.784175
-24.67	0.784127
-24.68	0.784078
-24.69	0.78403
-24.7	0.783982
-24.71	0.783934
-24.72	0.783885
-24.73	0.783837
-24.74	0.783789
-24.75	0.783741
-24.76	0.783693
-24.77	0.783646
-24.78	0.783598
-24.79	0.78355
-24.8	0.783502
-24.81	0.783454
-24.82	0.783407
-24.83	0.783359
-24.84	0.783311
-24.85	0.783264
-24.86	0.783216
-24.87	0.783169
-24.88	0.783121
-24.89	0.783074
-24.9	0.783027
-24.91	0.782979
-24.92	0.782932
-24.93	0.782885
-24.94	0.782838
-24.95	0.782791
-24.96	0.782744
-24.97	0.782696
-24.98	0.782649
-24.99	0.782603
-25	0.782556
-25.01	0.782509
-25.02	0.782462
-25.03	0.782415
-25.04	0.782368
-25.05	0.782322
-25.06	0.782275
-25.07	0.782228
-25.08	0.782182
-25.09	0.782135
-25.1	0.782089
-25.11	0.782042
-25.12	0.781996
-25.13	0.78195
-25.14	0.781903
-25.15	0.781857
-25.16	0.781811
-25.17	0.781764
-25.18	0.781718
-25.19	0.781672
-25.2	0.781626
-25.21	0.78158
-25.22	0.781534
-25.23	0.781488
-25.24	0.781442
-25.25	0.781396
-25.26	0.78135
-25.27	0.781305
-25.28	0.781259
-25.29	0.781213
-25.3	0.781168
-25.31	0.781122
-25.32	0.781076
-25.33	0.781031
-25.34	0.780985
-25.35	0.78094
-25.36	0.780894
-25.37	0.780849
-25.38	0.780804
-25.39	0.780758
-25.4	0.780713
-25.41	0.780668
-25.42	0.780623
-25.43	0.780577
-25.44	0.780532
-25.45	0.780487
-25.46	0.780442
-25.47	0.780397
-25.48	0.780352
-25.49	0.780307
-25.5	0.780263
-25.51	0.780218
-25.52	0.780173
-25.53	0.780128
-25.54	0.780084
-25.55	0.780039
-25.56	0.779994
-25.57	0.77995
-25.58	0.779905
-25.59	0.779861
-25.6	0.779816
-25.61	0.779772
-25.62	0.779727
-25.63	0.779683
-25.64	0.779639
-25.65	0.779594
-25.66	0.77955
-25.67	0.779506
-25.68	0.779462
-25.69	0.779418
-25.7	0.779374
-25.71	0.779329
-25.72	0.779285
-25.73	0.779242
-25.74	0.779198
-25.75	0.779154
-25.76	0.77911
-25.77	0.779066
-25.78	0.779022
-25.79	0.778978
-25.8	0.778935
-25.81	0.778891
-25.82	0.778847
-25.83	0.778804
-25.84	0.77876
-25.85	0.778717
-25.86	0.778673
-25.87	0.77863
-25.88	0.778587
-25.89	0.778543
-25.9	0.7785
-25.91	0.778457
-25.92	0.778413
-25.93	0.77837
-25.94	0.778327
-25.95	0.778284
-25.96	0.778241
-25.97	0.778198
-25.98	0.778155
-25.99	0.778112
-26	0.778069
-26.01	0.778026
-26.02	0.777983
-26.03	0.77794
-26.04	0.777897
-26.05	0.777854
-26.06	0.777812
-26.07	0.777769
-26.08	0.777726
-26.09	0.777684
-26.1	0.777641
-26.11	0.777599
-26.12	0.777556
-26.13	0.777514
-26.14	0.777471
-26.15	0.777429
-26.16	0.777386
-26.17	0.777344
-26.18	0.777302
-26.19	0.77726
-26.2	0.777217
-26.21	0.777175
-26.22	0.777133
-26.23	0.777091
-26.24	0.777049
-26.25	0.777007
-26.26	0.776965
-26.27	0.776923
-26.28	0.776881
-26.29	0.776839
-26.3	0.776797
-26.31	0.776755
-26.32	0.776714
-26.33	0.776672
-26.34	0.77663
-26.35	0.776588
-26.36	0.776547
-26.37	0.776505
-26.38	0.776464
-26.39	0.776422
-26.4	0.776381
-26.41	0.776339
-26.42	0.776298
-26.43	0.776256
-26.44	0.776215
-26.45	0.776174
-26.46	0.776132
-26.47	0.776091
-26.48	0.77605
-26.49	0.776009
-26.5	0.775967
-26.51	0.775926
-26.52	0.775885
-26.53	0.775844
-26.54	0.775803
-26.55	0.775762
-26.56	0.775721
-26.57	0.77568
-26.58	0.77564
-26.59	0.775599
-26.6	0.775558
-26.61	0.775517
-26.62	0.775476
-26.63	0.775436
-26.64	0.775395
-26.65	0.775354
-26.66	0.775314
-26.67	0.775273
-26.68	0.775233
-26.69	0.775192
-26.7	0.775152
-26.71	0.775111
-26.72	0.775071
-26.73	0.77503
-26.74	0.77499
-26.75	0.77495
-26.76	0.77491
-26.77	0.774869
-26.78	0.774829
-26.79	0.774789
-26.8	0.774749
-26.81	0.774709
-26.82	0.774669
-26.83	0.774629
-26.84	0.774589
-26.85	0.774549
-26.86	0.774509
-26.87	0.774469
-26.88	0.774429
-26.89	0.774389
-26.9	0.77435
-26.91	0.77431
-26.92	0.77427
-26.93	0.77423
-26.94	0.774191
-26.95	0.774151
-26.96	0.774111
-26.97	0.774072
-26.98	0.774032
-26.99	0.773993
-27	0.773953
-27.01	0.773914
-27.02	0.773875
-27.03	0.773835
-27.04	0.773796
-27.05	0.773757
-27.06	0.773717
-27.07	0.773678
-27.08	0.773639
-27.09	0.7736
-27.1	0.773561
-27.11	0.773521
-27.12	0.773482
-27.13	0.773443
-27.14	0.773404
-27.15	0.773365
-27.16	0.773326
-27.17	0.773287
-27.18	0.773249
-27.19	0.77321
-27.2	0.773171
-27.21	0.773132
-27.22	0.773093
-27.23	0.773055
-27.24	0.773016
-27.25	0.772977
-27.26	0.772939
-27.27	0.7729
-27.28	0.772861
-27.29	0.772823
-27.3	0.772784
-27.31	0.772746
-27.32	0.772708
-27.33	0.772669
-27.34	0.772631
-27.35	0.772592
-27.36	0.772554
-27.37	0.772516
-27.38	0.772478
-27.39	0.772439
-27.4	0.772401
-27.41	0.772363
-27.42	0.772325
-27.43	0.772287
-27.44	0.772249
-27.45	0.772211
-27.46	0.772173
-27.47	0.772135
-27.48	0.772097
-27.49	0.772059
-27.5	0.772021
-27.51	0.771983
-27.52	0.771945
-27.53	0.771908
-27.54	0.77187
-27.55	0.771832
-27.56	0.771794
-27.57	0.771757
-27.58	0.771719
-27.59	0.771681
-27.6	0.771644
-27.61	0.771606
-27.62	0.771569
-27.63	0.771531
-27.64	0.771494
-27.65	0.771456
-27.66	0.771419
-27.67	0.771382
-27.68	0.771344
-27.69	0.771307
-27.7	0.77127
-27.71	0.771233
-27.72	0.771195
-27.73	0.771158
-27.74	0.771121
-27.75	0.771084
-27.76	0.771047
-27.77	0.77101
-27.78	0.770973
-27.79	0.770936
-27.8	0.770899
-27.81	0.770862
-27.82	0.770825
-27.83	0.770788
-27.84	0.770751
-27.85	0.770714
-27.86	0.770678
-27.87	0.770641
-27.88	0.770604
-27.89	0.770567
-27.9	0.770531
-27.91	0.770494
-27.92	0.770457
-27.93	0.770421
-27.94	0.770384
-27.95	0.770348
-27.96	0.770311
-27.97	0.770275
-27.98	0.770238
-27.99	0.770202
-28	0.770165
-28.01	0.770129
-28.02	0.770093
-28.03	0.770056
-28.04	0.77002
-28.05	0.769984
-28.06	0.769948
-28.07	0.769912
-28.08	0.769875
-28.09	0.769839
-28.1	0.769803
-28.11	0.769767
-28.12	0.769731
-28.13	0.769695
-28.14	0.769659
-28.15	0.769623
-28.16	0.769587
-28.17	0.769551
-28.18	0.769515
-28.19	0.76948
-28.2	0.769444
-28.21	0.769408
-28.22	0.769372
-28.23	0.769336
-28.24	0.769301
-28.25	0.769265
-28.26	0.769229
-28.27	0.769194
-28.28	0.769158
-28.29	0.769123
-28.3	0.769087
-28.31	0.769052
-28.32	0.769016
-28.33	0.768981
-28.34	0.768945
-28.35	0.76891
-28.36	0.768875
-28.37	0.768839
-28.38	0.768804
-28.39	0.768769
-28.4	0.768733
-28.41	0.768698
-28.42	0.768663
-28.43	0.768628
-28.44	0.768593
-28.45	0.768557
-28.46	0.768522
-28.47	0.768487
-28.48	0.768452
-28.49	0.768417
-28.5	0.768382
-28.51	0.768347
-28.52	0.768312
-28.53	0.768277
-28.54	0.768243
-28.55	0.768208
-28.56	0.768173
-28.57	0.768138
-28.58	0.768103
-28.59	0.768069
-28.6	0.768034
-28.61	0.767999
-28.62	0.767965
-28.63	0.76793
-28.64	0.767895
-28.65	0.767861
-28.66	0.767826
-28.67	0.767792
-28.68	0.767757
-28.69	0.767723
-28.7	0.767688
-28.71	0.767654
-28.72	0.767619
-28.73	0.767585
-28.74	0.767551
-28.75	0.767516
-28.76	0.767482
-28.77	0.767448
-28.78	0.767414
-28.79	0.76738
-28.8	0.767345
-28.81	0.767311
-28.82	0.767277
-28.83	0.767243
-28.84	0.767209
-28.85	0.767175
-28.86	0.767141
-28.87	0.767107
-28.88	0.767073
-28.89	0.767039
-28.9	0.767005
-28.91	0.766971
-28.92	0.766937
-28.93	0.766903
-28.94	0.76687
-28.95	0.766836
-28.96	0.766802
-28.97	0.766768
-28.98	0.766735
-28.99	0.766701
-29	0.766667
-29.01	0.766634
-29.02	0.7666
-29.03	0.766567
-29.04	0.766533
-29.05	0.766499
-29.06	0.766466
-29.07	0.766432
-29.08	0.766399
-29.09	0.766366
-29.1	0.766332
-29.11	0.766299
-29.12	0.766265
-29.13	0.766232
-29.14	0.766199
-29.15	0.766166
-29.16	0.766132
-29.17	0.766099
-29.18	0.766066
-29.19	0.766033
-29.2	0.766
-29.21	0.765966
-29.22	0.765933
-29.23	0.7659
-29.24	0.765867
-29.25	0.765834
-29.26	0.765801
-29.27	0.765768
-29.28	0.765735
-29.29	0.765702
-29.3	0.76567
-29.31	0.765637
-29.32	0.765604
-29.33	0.765571
-29.34	0.765538
-29.35	0.765505
-29.36	0.765473
-29.37	0.76544
-29.38	0.765407
-29.39	0.765375
-29.4	0.765342
-29.41	0.765309
-29.42	0.765277
-29.43	0.765244
-29.44	0.765212
-29.45	0.765179
-29.46	0.765147
-29.47	0.765114
-29.48	0.765082
-29.49	0.765049
-29.5	0.765017
-29.51	0.764984
-29.52	0.764952
-29.53	0.76492
-29.54	0.764887
-29.55	0.764855
-29.56	0.764823
-29.57	0.764791
-29.58	0.764758
-29.59	0.764726
-29.6	0.764694
-29.61	0.764662
-29.62	0.76463
-29.63	0.764598
-29.64	0.764566
-29.65	0.764534
-29.66	0.764502
-29.67	0.76447
-29.68	0.764438
-29.69	0.764406
-29.7	0.764374
-29.71	0.764342
-29.72	0.76431
-29.73	0.764278
-29.74	0.764246
-29.75	0.764215
-29.76	0.764183
-29.77	0.764151
-29.78	0.764119
-29.79	0.764088
-29.8	0.764056
-29.81	0.764024
-29.82	0.763993
-29.83	0.763961
-29.84	0.763929
-29.85	0.763898
-29.86	0.763866
-29.87	0.763835
-29.88	0.763803
-29.89	0.763772
-29.9	0.76374
-29.91	0.763709
-29.92	0.763677
-29.93	0.763646
-29.94	0.763615
-29.95	0.763583
-29.96	0.763552
-29.97	0.763521
-29.98	0.763489
-29.99	0.763458
-30	0.763427
