x	y
30	0.641658
29.99	0.641681
29.98	0.641704
29.97	0.641727
29.96	0.64175
29.95	0.641773
29.94	0.641797
29.93	0.64182
29.92	0.641843
29.91	0.641866
29.9	0.641889
29.89	0.641913
29.88	0.641936
29.87	0.641959
29.86	0.641982
29.85	0.642006
29.84	0.642029
29.83	0.642052
29.82	0.642076
29.81	0.642099
29.8	0.642122
29.79	0.642146
29.78	0.642169
29.77	0.642193
29.76	0.642216
29.75	0.64224
29.74	0.642263
29.73	0.642287
29.72	0.64231
29.71	0.642334
29.7	0.642357
29.69	0.642381
29.68	0.642404
29.67	0.642428
29.66	0.642452
29.65	0.642475
29.64	0.642499
29.63	0.642523
29.62	0.642546
29.61	0.64257
29.6	0.642594
29.59	0.642618
29.58	0.642641
29.57	0.642665
29.56	0.642689
29.55	0.642713
29.54	0.642737
29.53	0.642761
29.52	0.642784
29.51	0.642808
29.5	0.642832
29.49	0.642856
29.48	0.64288
29.47	0.642904
29.46	0.642928
29.45	0.642952
29.44	0.642976
29.43	0.643
29.42	0.643024
29.41	0.643048
29.4	0.643072
29.39	0.643097
29.38	0.643121
29.37	0.643145
29.36	0.643169
29.35	0.643193
29.34	0.643217
29.33	0.643242
29.32	0.643266
29.31	0.64329
29.3	0.643314
29.29	0.643339
29.28	0.643363
29.27	0.643387
29.26	0.643412
29.25	0.643436
29.24	0.64346
29.23	0.643485
29.22	0.643509
29.21	0.643534
29.2	0.643558
29.19	0.643583
29.18	0.643607
29.17	0.643632
29.16	0.643656
29.15	0.643681
29.14	0.643705
29.13	0.64373
29.12	0.643754
29.11	0.643779
29.1	0.643804
29.09	0.643828
29.08	0.643853
29.07	0.643878
29.06	0.643902
29.05	0.643927
29.04	0.643952
29.03	0.643977
29.02	0.644001
29.01	0.644026
29	0.644051
28.99	0.644076
28.98	0.644101
28.97	0.644126
28.96	0.644151
28.95	0.644176
28.94	0.644201
28.93	0.644225
28.92	0.64425
28.91	0.644275
28.9	0.6443
28.89	0.644325
28.88	0.644351
28.87	0.644376
28.86	0.644401
28.85	0.644426
28.84	0.644451
28.83	0.644476
28.82	0.644501
28.81	0.644526
28.8	0.644552
28.79	0.644577
28.78	0.644602
28.77	0.644627
28.76	0.644653
28.75	0.644678
28.74	0.644703
28.73	0.644729
28.72	0.644754
28.71	0.644779
28.7	0.644805
28.69	0.64483
28.68	0.644856
28.67	0.644881
28.66	0.644907
28.65	0.644932
28.64	0.644958
28.63	0.644983
28.62	0.645009
28.61	0.645034
28.6	0.64506
28.59	0.645086
28.58	0.645111
28.57	0.645137
28.56	0.645163
28.55	0.645188
28.54	0.645214
28.53	0.64524
28.52	0.645265
28.51	0.645291
28.5	0.645317
28.49	0.645343
28.48	0.645369
28.47	0.645395
28.46	0.64542
28.45	0.645446
28.44	0.645472
28.43	0.645498
28.42	0.645524
28.41	0.64555
28.4	0.645576
28.39	0.645602
28.38	0.645628
28.37	0.645654
28.36	0.64568
28.35	0.645706
28.34	0.645732
28.33	0.645759
28.32	0.645785
28.31	0.645811
28.3	0.645837
28.29	0.645863
28.28	0.64589
28.27	0.645916
28.26	0.645942
28.25	0.645968
28.24	0.645995
28.23	0.646021
28.22	0.646047
28.21	0.646074
28.2	0.6461
28.19	0.646127
28.18	0.646153
28.17	0.64618
28.16	0.646206
28.15	0.646233
28.14	0.646259
28.13	0.646286
28.12	0.646312
28.11	0.646339
28.1	0.646365
28.09	0.646392
28.08	0.646419
28.07	0.646445
28.06	0.646472
28.05	0.646499
28.04	0.646526
28.03	0.646552
28.02	0.646579
28.01	0.646606
28	0.646633
27.99	0.64666
27.98	0.646686
27.97	0.646713
27.96	0.64674
27.95	0.646767
27.94	0.646794
27.93	0.646821
27.92	0.646848
27.91	0.646875
27.9	0.646902
27.89	0.646929
27.88	0.646956
27.87	0.646983
27.86	0.64701
27.85	0.647038
27.84	0.647065
27.83	0.647092
27.82	0.647119
27.81	0.647146
27.8	0.647174
27.79	0.647201
27.78	0.647228
27.77	0.647255
27.76	0.647283
27.75	0.64731
27.74	0.647338
27.73	0.647365
27.72	0.647392
27.71	0.64742
27.7	0.647447
27.69	0.647475
27.68	0.647502
27.67	0.64753
27.66	0.647557
27.65	0.647585
27.64	0.647613
27.63	0.64764
27.62	0.647668
27.61	0.647695
27.6	0.647723
27.59	0.647751
27.58	0.647779
27.57	0.647806
27.56	0.647834
27.55	0.647862
27.54	0.64789
27.53	0.647918
27.52	0.647945
27.51	0.647973
27.5	0.648001
27.49	0.648029
27.48	0.648057
27.47	0.648085
27.46	0.648113
27.45	0.648141
27.44	0.648169
27.43	0.648197
27.42	0.648225
27.41	0.648253
27.4	0.648282
27.39	0.64831
27.38	0.648338
27.37	0.648366
27.36	0.648394
27.35	0.648423
27.34	0.648451
27.33	0.648479
27.32	0.648507
27.31	0.648536
27.3	0.648564
27.29	0.648593
27.28	0.648621
27.27	0.648649
27.26	0.648678
27.25	0.648706
27.24	0.648735
27.23	0.648763
27.22	0.648792
27.21	0.64882
27.2	0.648849
27.19	0.648878
27.18	0.648906
27.17	0.648935
27.16	0.648964
27.15	0.648992
27.14	0.649021
27.13	0.64905
27.12	0.649079
27.11	0.649107
27.1	0.649136
27.09	0.649165
27.08	0.649194
27.07	0.649223
27.06	0.649252
27.05	0.649281
27.04	0.64931
27.03	0.649339
27.02	0.649368
27.01	0.649397
27	0.649426
26.99	0.649455
26.98	0.649484
26.97	0.649513
26.96	0.649542
26.95	0.649572
26.94	0.649601
26.93	0.64963
26.92	0.649659
26.91	0.649689
26.9	0.649718
26.89	0.649747
26.88	0.649777
26.87	0.649806
26.86	0.649835
26.85	0.649865
26.84	0.649894
26.83	0.649924
26.82	0.649953
26.81	0.649983
26.8	0.650012
26.79	0.650042
26.78	0.650071
26.77	0.650101
26.76	0.650131
26.75	0.65016
26.74	0.65019
26.73	0.65022
26.72	0.650249
26.71	0.650279
26.7	0.650309
26.69	0.650339
26.68	0.650369
26.67	0.650399
26.66	0.650428
26.65	0.650458
26.64	0.650488
26.63	0.650518
26.62	0.650548
26.61	0.650578
26.6	0.650608
26.59	0.650638
26.58	0.650668
26.57	0.650699
26.56	0.650729
26.55	0.650759
26.54	0.650789
26.53	0.650819
26.52	0.65085
26.51	0.65088
26.5	0.65091
26.49	0.65094
26.48	0.650971
26.47	0.651001
26.46	0.651031
26.45	0.651062
26.44	0.651092
26.43	0.651123
26.42	0.651153
26.41	0.651184
26.4	0.651214
26.39	0.651245
26.38	0.651276
26.37	0.651306
26.36	0.651337
26.35	0.651368
26.34	0.651398
26.33	0.651429
26.32	0.65146
26.31	0.651491
26.3	0.651521
26.29	0.651552
26.28	0.651583
26.27	0.651614
26.26	0.651645
26.25	0.651676
26.24	0.651707
26.23	0.651738
26.22	0.651769
26.21	0.6518
26.2	0.651831
26.19	0.651862
26.18	0.651893
26.17	0.651924
26.16	0.651955
26.15	0.651986
26.14	0.652018
26.13	0.652049
26.12	0.65208
26.11	0.652112
26.1	0.652143
26.09	0.652174
26.08	0.652206
26.07	0.652237
26.06	0.652268
26.05	0.6523
26.04	0.652331
26.03	0.652363
26.02	0.652395
26.01	0.652426
26	0.652458
25.99	0.652489
25.98	0.652521
25.97	0.652553
25.96	0.652584
25.95	0.652616
25.94	0.652648
25.93	0.65268
25.92	0.652711
25.91	0.652743
25.9	0.652775
25.89	0.652807
25.88	0.652839
25.87	0.652871
25.86	0.652903
25.85	0.652935
25.84	0.652967
25.83	0.652999
25.82	0.653031
25.81	0.653063
25.8	0.653095
25.79	0.653128
25.78	0.65316
25.77	0.653192
25.76	0.653224
25.75	0.653257
25.74	0.653289
25.73	0.653321
25.72	0.653354
25.71	0.653386
25.7	0.653418
25.69	0.653451
25.68	0.653483
25.67	0.653516
25.66	0.653548
25.65	0.653581
25.64	0.653614
25.63	0.653646
25.62	0.653679
25.61	0.653711
25.6	0.653744
25.59	0.653777
25.58	0.65381
25.57	0.653843
25.56	0.653875
25.55	0.653908
25.54	0.653941
25.53	0.653974
25.52	0.654007
25.51	0.65404
25.5	0.654073
25.49	0.654106
25.48	0.654139
25.47	0.654172
25.46	0.654205
25.45	0.654238
25.44	0.654271
25.43	0.654305
25.42	0.654338
25.41	0.654371
25.4	0.654404
25.39	0.654438
25.38	0.654471
25.37	0.654504
25.36	0.654538
25.35	0.654571
25.34	0.654605
25.33	0.654638
25.32	0.654672
25.31	0.654705
25.3	0.654739
25.29	0.654772
25.28	0.654806
25.27	0.65484
25.26	0.654873
25.25	0.654907
25.24	0.654941
25.23	0.654975
25.22	0.655009
25.21	0.655042
25.2	0.655076
25.19	0.65511
25.18	0.655144
25.17	0.655178
25.16	0.655212
25.15	0.655246
25.14	0.65528
25.13	0.655314
25.12	0.655348
25.11	0.655382
25.1	0.655417
25.09	0.655451
25.08	0.655485
25.07	0.655519
25.06	0.655554
25.05	0.655588
25.04	0.655622
25.03	0.655657
25.02	0.655691
25.01	0.655726
25	0.65576
24.99	0.655795
24.98	0.655829
24.97	0.655864
24.96	0.655898
24.95	0.655933
24.94	0.655968
24.93	0.656002
24.92	0.656037
24.91	0.656072
24.9	0.656107
24.89	0.656141
24.88	0.656176
24.87	0.656211
24.86	0.656246
24.85	0.656281
24.84	0.656316
24.83	0.656351
24.82	0.656386
24.81	0.656421
24.8	0.656456
24.79	0.656491
24.78	0.656527
24.77	0.656562
24.76	0.656597
24.75	0.656632
24.74	0.656668
24.73	0.656703
24.72	0.656738
24.71	0.656774
24.7	0.656809
24.69	0.656844
24.68	0.65688
24.67	0.656916
24.66	0.656951
24.65	0.656987
24.64	0.657022
24.63	0.657058
24.62	0.657094
24.61	0.657129
24.6	0.657165
24.59	0.657201
24.58	0.657237
24.57	0.657273
24.56	0.657308
24.55	0.657344
24.54	0.65738
24.53	0.657416
24.52	0.657452
24.51	0.657488
24.5	0.657524
24.49	0.65756
24.48	0.657597
24.47	0.657633
24.46	0.657669
24.45	0.657705
24.44	0.657741
24.43	0.657778
24.42	0.657814
24.41	0.657851
24.4	0.657887
24.39	0.657923
24.38	0.65796
24.37	0.657996
24.36	0.658033
24.35	0.658069
24.34	0.658106
24.33	0.658143
24.32	0.658179
24.31	0.658216
24.3	0.658253
24.29	0.65829
24.28	0.658326
24.27	0.658363
24.26	0.6584
24.25	0.658437
24.24	0.658474
24.23	0.658511
24.22	0.658548
24.21	0.658585
24.2	0.658622
24.19	0.658659
24.18	0.658696
24.17	0.658733
24.16	0.658771
24.15	0.658808
24.14	0.658845
24.13	0.658883
24.12	0.65892
24.11	0.658957
24.1	0.658995
24.09	0.659032
24.08	0.65907
24.07	0.659107
24.06	0.659145
24.05	0.659182
24.04	0.65922
24.03	0.659258
24.02	0.659295
24.01	0.659333
24	0.659371
23.99	0.659409
23.98	0.659447
23.97	0.659485
23.96	0.659522
23.95	0.65956
23.94	0.659598
23.93	0.659636
23.92	0.659674
23.91	0.659713
23.9	0.659751
23.89	0.659789
23.88	0.659827
23.87	0.659865
23.86	0.659904
23.85	0.659942
23.84	0.65998
23.83	0.660019
23.82	0.660057
23.81	0.660096
23.8	0.660134
23.79	0.660173
23.78	0.660211
23.77	0.66025
23.76	0.660288
23.75	0.660327
23.74	0.660366
23.73	0.660404
23.72	0.660443
23.71	0.660482
23.7	0.660521
23.69	0.66056
23.68	0.660599
23.67	0.660638
23.66	0.660677
23.65	0.660716
23.64	0.660755
23.63	0.660794
23.62	0.660833
23.61	0.660872
23.6	0.660912
23.59	0.660951
23.58	0.66099
23.57	0.661029
23.56	0.661069
23.55	0.661108
23.54	0.661148
23.53	0.661187
23.52	0.661227
23.51	0.661266
23.5	0.661306
23.49	0.661346
23.48	0.661385
23.47	0.661425
23.46	0.661465
23.45	0.661504
23.44	0.661544
23.43	0.661584
23.42	0.661624
23.41	0.661664
23.4	0.661704
23.39	0.661744
23.38	0.661784
23.37	0.661824
23.36	0.661864
23.35	0.661905
23.34	0.661945
23.33	0.661985
23.32	0.662025
23.31	0.662066
23.3	0.662106
23.29	0.662146
23.28	0.662187
23.27	0.662227
23.26	0.662268
23.25	0.662308
23.24	0.662349
23.23	0.66239
23.22	0.66243
23.21	0.662471
23.2	0.662512
23.19	0.662553
23.18	0.662594
23.17	0.662634
23.16	0.662675
23.15	0.662716
23.14	0.662757
23.13	0.662798
23.12	0.662839
23.11	0.662881
23.1	0.662922
23.09	0.662963
23.08	0.663004
23.07	0.663045
23.06	0.663087
23.05	0.663128
23.04	0.66317
23.03	0.663211
23.02	0.663252
23.01	0.663294
23	0.663336
22.99	0.663377
22.98	0.663419
22.97	0.66346
22.96	0.663502
22.95	0.663544
22.94	0.663586
22.93	0.663628
22.92	0.66367
22.91	0.663711
22.9	0.663754
22.89	0.663796
22.88	0.663838
22.87	0.66388
22.86	0.663922
22.85	0.663964
22.84	0.664006
22.83	0.664048
22.82	0.664091
22.81	0.664133
22.8	0.664176
22.79	0.664218
22.78	0.66426
22.77	0.664303
22.76	0.664346
22.75	0.664388
22.74	0.664431
22.73	0.664473
22.72	0.664516
22.71	0.664559
22.7	0.664602
22.69	0.664645
22.68	0.664688
22.67	0.66473
22.66	0.664773
22.65	0.664816
22.64	0.66486
22.63	0.664903
22.62	0.664946
22.61	0.664989
22.6	0.665032
22.59	0.665076
22.58	0.665119
22.57	0.665162
22.56	0.665206
22.55	0.665249
22.54	0.665293
22.53	0.665336
22.52	0.66538
22.51	0.665423
22.5	0.665467
22.49	0.665511
22.48	0.665555
22.47	0.665598
22.46	0.665642
22.45	0.665686
22.44	0.66573
22.43	0.665774
22.42	0.665818
22.41	0.665862
22.4	0.665906
22.39	0.665951
22.38	0.665995
22.37	0.666039
22.36	0.666083
22.35	0.666128
22.34	0.666172
22.33	0.666216
22.32	0.666261
22.31	0.666305
22.3	0.66635
22.29	0.666395
22.28	0.666439
22.27	0.666484
22.26	0.666529
22.25	0.666574
22.24	0.666618
22.23	0.666663
22.22	0.666708
22.21	0.666753
22.2	0.666798
22.19	0.666843
22.18	0.666888
22.17	0.666934
22.16	0.666979
22.15	0.667024
22.14	0.667069
22.13	0.667115
22.12	0.66716
22.11	0.667206
22.1	0.667251
22.09	0.667297
22.08	0.667342
22.07	0.667388
22.06	0.667433
22.05	0.667479
22.04	0.667525
22.03	0.667571
22.02	0.667617
22.01	0.667663
22	0.667709
21.99	0.667754
21.98	0.667801
21.97	0.667847
21.96	0.667893
21.95	0.667939
21.94	0.667985
21.93	0.668032
21.92	0.668078
21.91	0.668124
21.9	0.668171
21.89	0.668217
21.88	0.668264
21.87	0.66831
21.86	0.668357
21.85	0.668404
21.84	0.66845
21.83	0.668497
21.82	0.668544
21.81	0.668591
21.8	0.668638
21.79	0.668685
21.78	0.668732
21.77	0.668779
21.76	0.668826
21.75	0.668873
21.74	0.66892
21.73	0.668967
21.72	0.669015
21.71	0.669062
21.7	0.66911
21.69	0.669157
21.68	0.669205
21.67	0.669252
21.66	0.6693
21.65	0.669347
21.64	0.669395
21.63	0.669443
21.62	0.669491
21.61	0.669538
21.6	0.669586
21.59	0.669634
21.58	0.669682
21.57	0.66973
21.56	0.669779
21.55	0.669827
21.54	0.669875
21.53	0.669923
21.52	0.669971
21.51	0.67002
21.5	0.670068
21.49	0.670117
21.48	0.670165
21.47	0.670214
21.46	0.670262
21.45	0.670311
21.44	0.67036
21.43	0.670409
21.42	0.670457
21.41	0.670506
21.4	0.670555
21.39	0.670604
21.38	0.670653
21.37	0.670702
21.36	0.670752
21.35	0.670801
21.34	0.67085
21.33	0.670899
21.32	0.670949
21.31	0.670998
21.3	0.671048
21.29	0.671097
21.28	0.671147
21.27	0.671196
21.26	0.671246
21.25	0.671296
21.24	0.671345
21.23	0.671395
21.22	0.671445
21.21	0.671495
21.2	0.671545
21.19	0.671595
21.18	0.671645
21.17	0.671695
21.16	0.671745
21.15	0.671796
21.14	0.671846
21.13	0.671896
21.12	0.671947
21.11	0.671997
21.1	0.672048
21.09	0.672098
21.08	0.672149
21.07	0.6722
21.06	0.672251
21.05	0.672301
21.04	0.672352
21.03	0.672403
21.02	0.672454
21.01	0.672505
21	0.672556
20.99	0.672607
20.98	0.672659
20.97	0.67271
20.96	0.672761
20.95	0.672812
20.94	0.672864
20.93	0.672915
20.92	0.672967
20.91	0.673018
20.9	0.67307
20.89	0.673122
20.88	0.673173
20.87	0.673225
20.86	0.673277
20.85	0.673329
20.84	0.673381
20.83	0.673433
20.82	0.673485
20.81	0.673537
20.8	0.67359
20.79	0.673642
20.78	0.673694
20.77	0.673746
20.76	0.673799
20.75	0.673851
20.74	0.673904
20.73	0.673957
20.72	0.674009
20.71	0.674062
20.7	0.674115
20.69	0.674168
20.68	0.674221
20.67	0.674273
20.66	0.674326
20.65	0.67438
20.64	0.674433
20.63	0.674486
20.62	0.674539
20.61	0.674592
20.6	0.674646
20.59	0.674699
20.58	0.674753
20.57	0.674806
20.56	0.67486
20.55	0.674914
20.54	0.674967
20.53	0.675021
20.52	0.675075
20.51	0.675129
20.5	0.675183
20.49	0.675237
20.48	0.675291
20.47	0.675345
20.46	0.675399
20.45	0.675454
20.44	0.675508
20.43	0.675562
20.42	0.675617
20.41	0.675671
20.4	0.675726
20.39	0.67578
20.38	0.675835
20.37	0.67589
20.36	0.675945
20.35	0.676
20.34	0.676055
20.33	0.67611
20.32	0.676165
20.31	0.67622
20.3	0.676275
20.29	0.67633
20.28	0.676386
20.27	0.676441
20.26	0.676496
20.25	0.676552
20.24	0.676607
20.23	0.676663
20.22	0.676719
20.21	0.676775
20.2	0.67683
20.19	0.676886
20.18	0.676942
20.17	0.676998
20.16	0.677054
20.15	0.67711
20.14	0.677167
20.13	0.677223
20.12	0.677279
20.11	0.677336
20.1	0.677392
20.09	0.677449
20.08	0.677505
20.07	0.677562
20.06	0.677619
20.05	0.677675
20.04	0.677732
20.03	0.677789
20.02	0.677846
20.01	0.677903
20	0.67796
19.99	0.678017
19.98	0.678075
19.97	0.678132
19.96	0.678189
19.95	0.678247
19.94	0.678304
19.93	0.678362
19.92	0.678419
19.91	0.678477
19.9	0.678535
19.89	0.678593
19.88	0.678651
19.87	0.678709
19.86	0.678767
19.85	0.678825
19.84	0.678883
19.83	0.678941
19.82	0.678999
19.81	0.679058
19.8	0.679116
19.79	0.679175
19.78	0.679233
19.77	0.679292
19.76	0.679351
19.75	0.679409
19.74	0.679468
19.73	0.679527
19.72	0.679586
19.71	0.679645
19.7	0.679704
19.69	0.679764
19.68	0.679823
19.67	0.679882
19.66	0.679942
19.65	0.680001
19.64	0.680061
19.63	0.68012
19.62	0.68018
19.61	0.68024
19.6	0.680299
19.59	0.680359
19.58	0.680419
19.57	0.680479
19.56	0.680539
19.55	0.6806
19.54	0.68066
19.53	0.68072
19.52	0.680781
19.51	0.680841
19.5	0.680902
19.49	0.680962
19.48	0.681023
19.47	0.681084
19.46	0.681144
19.45	0.681205
19.44	0.681266
19.43	0.681327
19.42	0.681388
19.41	0.68145
19.4	0.681511
19.39	0.681572
19.38	0.681634
19.37	0.681695
19.36	0.681757
19.35	0.681818
19.34	0.68188
19.33	0.681942
19.32	0.682003
19.31	0.682065
19.3	0.682127
19.29	0.682189
19.28	0.682252
19.27	0.682314
19.26	0.682376
19.25	0.682438
19.24	0.682501
19.23	0.682563
19.22	0.682626
19.21	0.682689
19.2	0.682751
19.19	0.682814
19.18	0.682877
19.17	0.68294
19.16	0.683003
19.15	0.683066
19.14	0.683129
19.13	0.683192
19.12	0.683256
19.11	0.683319
19.1	0.683383
19.09	0.683446
19.08	0.68351
19.07	0.683574
19.06	0.683637
19.05	0.683701
19.04	0.683765
19.03	0.683829
19.02	0.683894
19.01	0.683958
19	0.684022
18.99	0.684086
18.98	0.684151
18.97	0.684215
18.96	0.68428
18.95	0.684344
18.94	0.684409
18.93	0.684474
18.92	0.684539
18.91	0.684604
18.9	0.684669
18.89	0.684734
18.88	0.684799
18.87	0.684865
18.86	0.68493
18.85	0.684995
18.84	0.685061
18.83	0.685127
18.82	0.685192
18.81	0.685258
18.8	0.685324
18.79	0.68539
18.78	0.685456
18.77	0.685522
18.76	0.685588
18.75	0.685654
18.74	0.685721
18.73	0.685787
18.72	0.685854
18.71	0.68592
18.7	0.685987
18.69	0.686054
18.68	0.686121
18.67	0.686188
18.66	0.686255
18.65	0.686322
18.64	0.686389
18.63	0.686456
18.62	0.686523
18.61	0.686591
18.6	0.686658
18.59	0.686726
18.58	0.686794
18.57	0.686861
18.56	0.686929
18.55	0.686997
18.54	0.687065
18.53	0.687133
18.52	0.687201
18.51	0.68727
18.5	0.687338
18.49	0.687407
18.48	0.687475
18.47	0.687544
18.46	0.687612
18.45	0.687681
18.44	0.68775
18.43	0.687819
18.42	0.687888
18.41	0.687957
18.4	0.688026
18.39	0.688096
18.38	0.688165
18.37	0.688235
18.36	0.688304
18.35	0.688374
18.34	0.688444
18.33	0.688514
18.32	0.688583
18.31	0.688654
18.3	0.688724
18.29	0.688794
18.28	0.688864
18.27	0.688935
18.26	0.689005
18.25	0.689076
18.24	0.689146
18.23	0.689217
18.22	0.689288
18.21	0.689359
18.2	0.68943
18.19	0.689501
18.18	0.689572
18.17	0.689643
18.16	0.689715
18.15	0.689786
18.14	0.689858
18.13	0.689929
18.12	0.690001
18.11	0.690073
18.1	0.690145
18.09	0.690217
18.08	0.690289
18.07	0.690361
18.06	0.690433
18.05	0.690506
18.04	0.690578
18.03	0.690651
18.02	0.690723
18.01	0.690796
18	0.690869
17.99	0.690942
17.98	0.691015
17.97	0.691088
17.96	0.691162
17.95	0.691235
17.94	0.691308
17.93	0.691382
17.92	0.691455
17.91	0.691529
17.9	0.691603
17.89	0.691677
17.88	0.691751
17.87	0.691825
17.86	0.691899
17.85	0.691973
17.84	0.692048
17.83	0.692122
17.82	0.692197
17.81	0.692272
17.8	0.692346
17.79	0.692421
17.78	0.692496
17.77	0.692571
17.76	0.692647
17.75	0.692722
17.74	0.692797
17.73	0.692873
17.72	0.692948
17.71	0.693024
17.7	0.6931
17.69	0.693176
17.68	0.693251
17.67	0.693328
17.66	0.693404
17.65	0.69348
17.64	0.693556
17.63	0.693633
17.62	0.693709
17.61	0.693786
17.6	0.693863
17.59	0.69394
17.58	0.694017
17.57	0.694094
17.56	0.694171
17.55	0.694248
17.54	0.694326
17.53	0.694403
17.52	0.694481
17.51	0.694559
17.5	0.694636
17.49	0.694714
17.48	0.694792
17.47	0.694871
17.46	0.694949
17.45	0.695027
17.44	0.695106
17.43	0.695184
17.42	0.695263
17.41	0.695342
17.4	0.69542
17.39	0.695499
17.38	0.695578
17.37	0.695658
17.36	0.695737
17.35	0.695816
17.34	0.695896
17.33	0.695975
17.32	0.696055
17.31	0.696135
17.3	0.696215
17.29	0.696295
17.28	0.696375
17.27	0.696455
17.26	0.696536
17.25	0.696616
17.24	0.696697
17.23	0.696778
17.22	0.696858
17.21	0.696939
17.2	0.69702
17.19	0.697101
17.18	0.697183
17.17	0.697264
17.16	0.697346
17.15	0.697427
17.14	0.697509
17.13	0.697591
17.12	0.697673
17.11	0.697755
17.1	0.697837
17.09	0.697919
17.08	0.698001
17.07	0.698084
17.06	0.698167
17.05	0.698249
17.04	0.698332
17.03	0.698415
17.02	0.698498
17.01	0.698581
17	0.698665
16.99	0.698748
16.98	0.698831
16.97	0.698915
16.96	0.698999
16.95	0.699083
16.94	0.699167
16.93	0.699251
16.92	0.699335
16.91	0.699419
16.9	0.699504
16.89	0.699588
16.88	0.699673
16.87	0.699758
16.86	0.699843
16.85	0.699928
16.84	0.700013
16.83	0.700098
16.82	0.700184
16.81	0.700269
16.8	0.700355
16.79	0.700441
16.78	0.700527
16.77	0.700613
16.76	0.700699
16.75	0.700785
16.74	0.700871
16.73	0.700958
16.72	0.701044
16.71	0.701131
16.7	0.701218
16.69	0.701305
16.68	0.701392
16.67	0.701479
16.66	0.701567
16.65	0.701654
16.64	0.701742
16.63	0.70183
16.62	0.701917
16.61	0.702005
16.6	0.702094
16.59	0.702182
16.58	0.70227
16.57	0.702359
16.56	0.702447
16.55	0.702536
16.54	0.702625
16.53	0.702714
16.52	0.702803
16.51	0.702892
16.5	0.702982
16.49	0.703071
16.48	0.703161
16.47	0.70325
16.46	0.70334
16.45	0.70343
16.44	0.70352
16.43	0.703611
16.42	0.703701
16.41	0.703792
16.4	0.703882
16.39	0.703973
16.38	0.704064
16.37	0.704155
16.36	0.704246
16.35	0.704338
16.34	0.704429
16.33	0.704521
16.32	0.704612
16.31	0.704704
16.3	0.704796
16.29	0.704888
16.28	0.704981
16.27	0.705073
16.26	0.705166
16.25	0.705258
16.24	0.705351
16.23	0.705444
16.22	0.705537
16.21	0.70563
16.2	0.705723
16.19	0.705817
16.18	0.705911
16.17	0.706004
16.16	0.706098
16.15	0.706192
16.14	0.706286
16.13	0.706381
16.12	0.706475
16.11	0.70657
16.1	0.706664
16.09	0.706759
16.08	0.706854
16.07	0.706949
16.06	0.707045
16.05	0.70714
16.04	0.707236
16.03	0.707331
16.02	0.707427
16.01	0.707523
16	0.707619
15.99	0.707716
15.98	0.707812
15.97	0.707909
15.96	0.708005
15.95	0.708102
15.94	0.708199
15.93	0.708296
15.92	0.708394
15.91	0.708491
15.9	0.708589
15.89	0.708686
15.88	0.708784
15.87	0.708882
15.86	0.70898
15.85	0.709079
15.84	0.709177
15.83	0.709276
15.82	0.709375
15.81	0.709473
15.8	0.709572
15.79	0.709672
15.78	0.709771
15.77	0.709871
15.76	0.70997
15.75	0.71007
15.74	0.71017
15.73	0.71027
15.72	0.71037
15.71	0.710471
15.7	0.710571
15.69	0.710672
15.68	0.710773
15.67	0.710874
15.66	0.710975
15.65	0.711076
15.64	0.711178
15.63	0.71128
15.62	0.711381
15.61	0.711483
15.6	0.711585
15.59	0.711688
15.58	0.71179
15.57	0.711893
15.56	0.711995
15.55	0.712098
15.54	0.712201
15.53	0.712305
15.52	0.712408
15.51	0.712512
15.5	0.712615
15.49	0.712719
15.48	0.712823
15.47	0.712927
15.46	0.713032
15.45	0.713136
15.44	0.713241
15.43	0.713346
15.42	0.713451
15.41	0.713556
15.4	0.713661
15.39	0.713767
15.38	0.713872
15.37	0.713978
15.36	0.714084
15.35	0.71419
15.34	0.714296
15.33	0.714403
15.32	0.714509
15.31	0.714616
15.3	0.714723
15.29	0.71483
15.28	0.714938
15.27	0.715045
15.26	0.715153
15.25	0.715261
15.24	0.715369
15.23	0.715477
15.22	0.715585
15.21	0.715694
15.2	0.715802
15.19	0.715911
15.18	0.71602
15.17	0.716129
15.16	0.716239
15.15	0.716348
15.14	0.716458
15.13	0.716568
15.12	0.716678
15.11	0.716788
15.1	0.716898
15.09	0.717009
15.08	0.71712
15.07	0.717231
15.06	0.717342
15.05	0.717453
15.04	0.717565
15.03	0.717676
15.02	0.717788
15.01	0.7179
15	0.718012
14.99	0.718125
14.98	0.718237
14.97	0.71835
14.96	0.718463
14.95	0.718576
14.94	0.718689
14.93	0.718803
14.92	0.718916
14.91	0.71903
14.9	0.719144
14.89	0.719258
14.88	0.719373
14.87	0.719487
14.86	0.719602
14.85	0.719717
14.84	0.719832
14.83	0.719947
14.82	0.720063
14.81	0.720178
14.8	0.720294
14.79	0.72041
14.78	0.720526
14.77	0.720643
14.76	0.72076
14.75	0.720876
14.74	0.720993
14.73	0.721111
14.72	0.721228
14.71	0.721346
14.7	0.721463
14.69	0.721581
14.68	0.721699
14.67	0.721818
14.66	0.721936
14.65	0.722055
14.64	0.722174
14.63	0.722293
14.62	0.722413
14.61	0.722532
14.6	0.722652
14.59	0.722772
14.58	0.722892
14.57	0.723012
14.56	0.723133
14.55	0.723253
14.54	0.723374
14.53	0.723496
14.52	0.723617
14.51	0.723738
14.5	0.72386
14.49	0.723982
14.48	0.724104
14.47	0.724227
14.46	0.724349
14.45	0.724472
14.44	0.724595
14.43	0.724718
14.42	0.724842
14.41	0.724965
14.4	0.725089
14.39	0.725213
14.38	0.725337
14.37	0.725462
14.36	0.725586
14.35	0.725711
14.34	0.725836
14.33	0.725962
14.32	0.726087
14.31	0.726213
14.3	0.726339
14.29	0.726465
14.28	0.726591
14.27	0.726718
14.26	0.726844
14.25	0.726971
14.24	0.727099
14.23	0.727226
14.22	0.727354
14.21	0.727482
14.2	0.72761
14.19	0.727738
14.18	0.727866
14.17	0.727995
14.16	0.728124
14.15	0.728253
14.14	0.728383
14.13	0.728512
14.12	0.728642
14.11	0.728772
14.1	0.728903
14.09	0.729033
14.08	0.729164
14.07	0.729295
14.06	0.729426
14.05	0.729558
14.04	0.729689
14.03	0.729821
14.02	0.729953
14.01	0.730086
14	0.730218
13.99	0.730351
13.98	0.730484
13.97	0.730617
13.96	0.730751
13.95	0.730885
13.94	0.731019
13.93	0.731153
13.92	0.731287
13.91	0.731422
13.9	0.731557
13.89	0.731692
13.88	0.731828
13.87	0.731963
13.86	0.732099
13.85	0.732235
13.84	0.732372
13.83	0.732508
13.82	0.732645
13.81	0.732782
13.8	0.732919
13.79	0.733057
13.78	0.733195
13.77	0.733333
13.76	0.733471
13.75	0.73361
13.74	0.733749
13.73	0.733888
13.72	0.734027
13.71	0.734166
13.7	0.734306
13.69	0.734446
13.68	0.734587
13.67	0.734727
13.66	0.734868
13.65	0.735009
13.64	0.73515
13.63	0.735292
13.62	0.735434
13.61	0.735576
13.6	0.735718
13.59	0.735861
13.58	0.736004
13.57	0.736147
13.56	0.73629
13.55	0.736434
13.54	0.736578
13.53	0.736722
13.52	0.736866
13.51	0.737011
13.5	0.737156
13.49	0.737301
13.48	0.737446
13.47	0.737592
13.46	0.737738
13.45	0.737884
13.44	0.738031
13.43	0.738178
13.42	0.738325
13.41	0.738472
13.4	0.73862
13.39	0.738768
13.38	0.738916
13.37	0.739064
13.36	0.739213
13.35	0.739362
13.34	0.739511
13.33	0.739661
13.32	0.739811
13.31	0.739961
13.3	0.740111
13.29	0.740262
13.28	0.740413
13.27	0.740564
13.26	0.740715
13.25	0.740867
13.24	0.741019
13.23	0.741172
13.22	0.741324
13.21	0.741477
13.2	0.74163
13.19	0.741784
13.18	0.741938
13.17	0.742092
13.16	0.742246
13.15	0.742401
13.14	0.742555
13.13	0.742711
13.12	0.742866
13.11	0.743022
13.1	0.743178
13.09	0.743335
13.08	0.743491
13.07	0.743648
13.06	0.743806
13.05	0.743963
13.04	0.744121
13.03	0.744279
13.02	0.744438
13.01	0.744596
13	0.744756
12.99	0.744915
12.98	0.745075
12.97	0.745235
12.96	0.745395
12.95	0.745556
12.94	0.745717
12.93	0.745878
12.92	0.746039
12.91	0.746201
12.9	0.746363
12.89	0.746526
12.88	0.746689
12.87	0.746852
12.86	0.747015
12.85	0.747179
12.84	0.747343
12.83	0.747507
12.82	0.747672
12.81	0.747837
12.8	0.748002
12.79	0.748168
12.78	0.748334
12.77	0.7485
12.76	0.748667
12.75	0.748834
12.74	0.749001
12.73	0.749169
12.72	0.749337
12.71	0.749505
12.7	0.749674
12.69	0.749843
12.68	0.750012
12.67	0.750181
12.66	0.750351
12.65	0.750522
12.64	0.750692
12.63	0.750863
12.62	0.751034
12.61	0.751206
12.6	0.751378
12.59	0.75155
12.58	0.751723
12.57	0.751896
12.56	0.752069
12.55	0.752243
12.54	0.752417
12.53	0.752591
12.52	0.752766
12.51	0.752941
12.5	0.753117
12.49	0.753292
12.48	0.753469
12.47	0.753645
12.46	0.753822
12.45	0.753999
12.44	0.754177
12.43	0.754354
12.42	0.754533
12.41	0.754711
12.4	0.75489
12.39	0.75507
12.38	0.755249
12.37	0.755429
12.36	0.75561
12.35	0.755791
12.34	0.755972
12.33	0.756153
12.32	0.756335
12.31	0.756518
12.3	0.7567
12.29	0.756883
12.28	0.757067
12.27	0.75725
12.26	0.757435
12.25	0.757619
12.24	0.757804
12.23	0.757989
12.22	0.758175
12.21	0.758361
12.2	0.758548
12.19	0.758734
12.18	0.758922
12.17	0.759109
12.16	0.759297
12.15	0.759486
12.14	0.759674
12.13	0.759864
12.12	0.760053
12.11	0.760243
12.1	0.760433
12.09	0.760624
12.08	0.760815
12.07	0.761007
12.06	0.761199
12.05	0.761391
12.04	0.761584
12.03	0.761777
12.02	0.761971
12.01	0.762165
12	0.762359
11.99	0.762554
11.98	0.762749
11.97	0.762945
11.96	0.763141
11.95	0.763337
11.94	0.763534
11.93	0.763731
11.92	0.763929
11.91	0.764127
11.9	0.764325
11.89	0.764524
11.88	0.764724
11.87	0.764924
11.86	0.765124
11.85	0.765325
11.84	0.765526
11.83	0.765727
11.82	0.765929
11.81	0.766132
11.8	0.766334
11.79	0.766538
11.78	0.766741
11.77	0.766945
11.76	0.76715
11.75	0.767355
11.74	0.767561
11.73	0.767766
11.72	0.767973
11.71	0.76818
11.7	0.768387
11.69	0.768595
11.68	0.768803
11.67	0.769011
11.66	0.769221
11.65	0.76943
11.64	0.76964
11.63	0.76985
11.62	0.770061
11.61	0.770273
11.6	0.770485
11.59	0.770697
11.58	0.77091
11.57	0.771123
11.56	0.771337
11.55	0.771551
11.54	0.771765
11.53	0.771981
11.52	0.772196
11.51	0.772412
11.5	0.772629
11.49	0.772846
11.48	0.773063
11.47	0.773282
11.46	0.7735
11.45	0.773719
11.44	0.773938
11.43	0.774158
11.42	0.774379
11.41	0.7746
11.4	0.774821
11.39	0.775043
11.38	0.775266
11.37	0.775489
11.36	0.775712
11.35	0.775936
11.34	0.776161
11.33	0.776386
11.32	0.776611
11.31	0.776837
11.3	0.777064
11.29	0.777291
11.28	0.777518
11.27	0.777746
11.26	0.777975
11.25	0.778204
11.24	0.778434
11.23	0.778664
11.22	0.778894
11.21	0.779126
11.2	0.779357
11.19	0.77959
11.18	0.779823
11.17	0.780056
11.16	0.78029
11.15	0.780524
11.14	0.780759
11.13	0.780995
11.12	0.781231
11.11	0.781467
11.1	0.781705
11.09	0.781942
11.08	0.782181
11.07	0.782419
11.06	0.782659
11.05	0.782899
11.04	0.783139
11.03	0.78338
11.02	0.783622
11.01	0.783864
11	0.784107
10.99	0.78435
10.98	0.784594
10.97	0.784839
10.96	0.785084
10.95	0.785329
10.94	0.785576
10.93	0.785822
10.92	0.78607
10.91	0.786318
10.9	0.786566
10.89	0.786815
10.88	0.787065
10.87	0.787316
10.86	0.787567
10.85	0.787818
10.84	0.78807
10.83	0.788323
10.82	0.788576
10.81	0.78883
10.8	0.789085
10.79	0.78934
10.78	0.789596
10.77	0.789852
10.76	0.790109
10.75	0.790367
10.74	0.790625
10.73	0.790884
10.72	0.791144
10.71	0.791404
10.7	0.791665
10.69	0.791926
10.68	0.792188
10.67	0.792451
10.66	0.792715
10.65	0.792979
10.64	0.793243
10.63	0.793509
10.62	0.793775
10.61	0.794041
10.6	0.794308
10.59	0.794576
10.58	0.794845
10.57	0.795114
10.56	0.795384
10.55	0.795655
10.54	0.795926
10.53	0.796198
10.52	0.796471
10.51	0.796744
10.5	0.797018
10.49	0.797293
10.48	0.797568
10.47	0.797844
10.46	0.798121
10.45	0.798398
10.44	0.798676
10.43	0.798955
10.42	0.799235
10.41	0.799515
10.4	0.799796
10.39	0.800078
10.38	0.80036
10.37	0.800643
10.36	0.800927
10.35	0.801211
10.34	0.801497
10.33	0.801783
10.32	0.802069
10.31	0.802357
10.3	0.802645
10.29	0.802934
10.28	0.803224
10.27	0.803514
10.26	0.803805
10.25	0.804097
10.24	0.80439
10.23	0.804683
10.22	0.804977
10.21	0.805272
10.2	0.805568
10.19	0.805864
10.18	0.806162
10.17	0.80646
10.16	0.806758
10.15	0.807058
10.14	0.807358
10.13	0.807659
10.12	0.807961
10.11	0.808264
10.1	0.808567
10.09	0.808872
10.08	0.809177
10.07	0.809483
10.06	0.809789
10.05	0.810097
10.04	0.810405
10.03	0.810714
10.02	0.811024
10.01	0.811335
10	0.811647
9.99	0.811959
9.98	0.812272
9.97	0.812587
9.96	0.812901
9.95	0.813217
9.94	0.813534
9.93	0.813851
9.92	0.81417
9.91	0.814489
9.9	0.814809
9.89	0.81513
9.88	0.815452
9.87	0.815774
9.86	0.816098
9.85	0.816422
9.84	0.816748
9.83	0.817074
9.82	0.817401
9.81	0.817729
9.8	0.818058
9.79	0.818387
9.78	0.818718
9.77	0.819049
9.76	0.819382
9.75	0.819715
9.74	0.82005
9.73	0.820385
9.72	0.820721
9.71	0.821058
9.7	0.821396
9.69	0.821735
9.68	0.822075
9.67	0.822416
9.66	0.822757
9.65	0.8231
9.64	0.823444
9.63	0.823788
9.62	0.824134
9.61	0.82448
9.6	0.824828
9.59	0.825176
9.58	0.825526
9.57	0.825876
9.56	0.826228
9.55	0.82658
9.54	0.826934
9.53	0.827288
9.52	0.827644
9.51	0.828
9.5	0.828358
9.49	0.828716
9.48	0.829076
9.47	0.829436
9.46	0.829798
9.45	0.83016
9.44	0.830524
9.43	0.830889
9.42	0.831254
9.41	0.831621
9.4	0.831989
9.39	0.832358
9.38	0.832728
9.37	0.833099
9.36	0.833471
9.35	0.833844
9.34	0.834218
9.33	0.834594
9.32	0.83497
9.31	0.835348
9.3	0.835726
9.29	0.836106
9.28	0.836487
9.27	0.836869
9.26	0.837252
9.25	0.837637
9.24	0.838022
9.23	0.838409
9.22	0.838796
9.21	0.839185
9.2	0.839575
9.19	0.839966
9.18	0.840358
9.17	0.840752
9.16	0.841147
9.15	0.841542
9.14	0.841939
9.13	0.842338
9.12	0.842737
9.11	0.843138
9.1	0.843539
9.09	0.843942
9.08	0.844347
9.07	0.844752
9.06	0.845159
9.05	0.845567
9.04	0.845976
9.03	0.846386
9.02	0.846798
9.01	0.847211
9	0.847625
8.99	0.84804
8.98	0.848457
8.97	0.848875
8.96	0.849294
8.95	0.849715
8.94	0.850137
8.93	0.85056
8.92	0.850984
8.91	0.85141
8.9	0.851837
8.89	0.852266
8.88	0.852695
8.87	0.853126
8.86	0.853559
8.85	0.853993
8.84	0.854428
8.83	0.854864
8.82	0.855302
8.81	0.855741
8.8	0.856182
8.79	0.856624
8.78	0.857068
8.77	0.857512
8.76	0.857959
8.75	0.858406
8.74	0.858855
8.73	0.859306
8.72	0.859758
8.71	0.860211
8.7	0.860666
8.69	0.861122
8.68	0.86158
8.67	0.862039
8.66	0.8625
8.65	0.862962
8.64	0.863426
8.63	0.863891
8.62	0.864358
8.61	0.864826
8.6	0.865296
8.59	0.865767
8.58	0.86624
8.57	0.866714
8.56	0.86719
8.55	0.867667
8.54	0.868146
8.53	0.868627
8.52	0.869109
8.51	0.869593
8.5	0.870078
8.49	0.870565
8.48	0.871054
8.47	0.871544
8.46	0.872036
8.45	0.872529
8.44	0.873024
8.43	0.873521
8.42	0.874019
8.41	0.874519
8.4	0.875021
8.39	0.875525
8.38	0.87603
8.37	0.876536
8.36	0.877045
8.35	0.877555
8.34	0.878067
8.33	0.878581
8.32	0.879097
8.31	0.879614
8.3	0.880133
8.29	0.880654
8.28	0.881176
8.27	0.8817
8.26	0.882227
8.25	0.882755
8.24	0.883284
8.23	0.883816
8.22	0.884349
8.21	0.884885
8.2	0.885422
8.19	0.885961
8.18	0.886502
8.17	0.887044
8.16	0.887589
8.15	0.888136
8.14	0.888684
8.13	0.889234
8.12	0.889787
8.11	0.890341
8.1	0.890897
8.09	0.891456
8.08	0.892016
8.07	0.892578
8.06	0.893142
8.05	0.893708
8.04	0.894276
8.03	0.894847
8.02	0.895419
8.01	0.895993
8	0.896569
7.99	0.897148
7.98	0.897728
7.97	0.898311
7.96	0.898896
7.95	0.899483
7.94	0.900072
7.93	0.900663
7.92	0.901256
7.91	0.901851
7.9	0.902449
7.89	0.903049
7.88	0.903651
7.87	0.904255
7.86	0.904861
7.85	0.90547
7.84	0.906081
7.83	0.906694
7.82	0.907309
7.81	0.907927
7.8	0.908547
7.79	0.909169
7.78	0.909794
7.77	0.910421
7.76	0.91105
7.75	0.911682
7.74	0.912316
7.73	0.912952
7.72	0.913591
7.71	0.914233
7.7	0.914876
7.69	0.915522
7.68	0.916171
7.67	0.916822
7.66	0.917476
7.65	0.918132
7.64	0.91879
7.63	0.919451
7.62	0.920115
7.61	0.920781
7.6	0.92145
7.59	0.922121
7.58	0.922795
7.57	0.923471
7.56	0.924151
7.55	0.924832
7.54	0.925517
7.53	0.926204
7.52	0.926894
7.51	0.927586
7.5	0.928281
7.49	0.928979
7.48	0.92968
7.47	0.930384
7.46	0.93109
7.45	0.931799
7.44	0.932511
7.43	0.933226
7.42	0.933943
7.41	0.934664
7.4	0.935387
7.39	0.936113
7.38	0.936843
7.37	0.937575
7.36	0.93831
7.35	0.939048
7.34	0.939789
7.33	0.940533
7.32	0.94128
7.31	0.94203
7.3	0.942783
7.29	0.94354
7.28	0.944299
7.27	0.945062
7.26	0.945827
7.25	0.946596
7.24	0.947368
7.23	0.948143
7.22	0.948922
7.21	0.949703
7.2	0.950488
7.19	0.951276
7.18	0.952068
7.17	0.952862
7.16	0.95366
7.15	0.954462
7.14	0.955267
7.13	0.956075
7.12	0.956887
7.11	0.957702
7.1	0.95852
7.09	0.959343
7.08	0.960168
7.07	0.960997
7.06	0.96183
7.05	0.962666
7.04	0.963506
7.03	0.964349
7.02	0.965197
7.01	0.966047
7	0.966902
6.99	0.96776
6.98	0.968622
6.97	0.969488
6.96	0.970357
6.95	0.971231
6.94	0.972108
6.93	0.972989
6.92	0.973874
6.91	0.974762
6.9	0.975655
6.89	0.976552
6.88	0.977453
6.87	0.978357
6.86	0.979266
6.85	0.980179
6.84	0.981096
6.83	0.982017
6.82	0.982942
6.81	0.983872
6.8	0.984805
6.79	0.985743
6.78	0.986685
6.77	0.987632
6.76	0.988583
6.75	0.989538
6.74	0.990497
6.73	0.991461
6.72	0.992429
6.71	0.993402
6.7	0.99438
6.69	0.995362
6.68	0.996348
6.67	0.997339
6.66	0.998335
6.65	0.999335
6.64	1.00034
6.63	1.00135
6.62	1.00236
6.61	1.00338
6.6	1.00441
6.59	1.00544
6.58	1.00647
6.57	1.00751
6.56	1.00855
6.55	1.0096
6.54	1.01066
6.53	1.01171
6.52	1.01278
6.51	1.01385
6.5	1.01492
6.49	1.016
6.48	1.01709
6.47	1.01818
6.46	1.01927
6.45	1.02037
6.44	1.02148
6.43	1.02259
6.42	1.02371
6.41	1.02483
6.4	1.02596
6.39	1.02709
6.38	1.02823
6.37	1.02938
6.36	1.03053
6.35	1.03169
6.34	1.03285
6.33	1.03402
6.32	1.03519
6.31	1.03637
6.3	1.03756
6.29	1.03875
6.28	1.03995
6.27	1.04115
6.26	1.04236
6.25	1.04358
6.24	1.0448
6.23	1.04603
6.22	1.04727
6.21	1.04851
6.2	1.04976
6.19	1.05101
6.18	1.05228
6.17	1.05355
6.16	1.05482
6.15	1.0561
6.14	1.05739
6.13	1.05869
6.12	1.05999
6.11	1.0613
6.1	1.06261
6.09	1.06394
6.08	1.06527
6.07	1.06661
6.06	1.06795
6.05	1.0693
6.04	1.07066
6.03	1.07203
6.02	1.0734
6.01	1.07479
6	1.07617
5.99	1.07757
5.98	1.07898
5.97	1.08039
5.96	1.08181
5.95	1.08324
5.94	1.08467
5.93	1.08612
5.92	1.08757
5.91	1.08903
5.9	1.0905
5.89	1.09197
5.88	1.09346
5.87	1.09495
5.86	1.09646
5.85	1.09797
5.84	1.09949
5.83	1.10101
5.82	1.10255
5.81	1.1041
5.8	1.10565
5.79	1.10721
5.78	1.10879
5.77	1.11037
5.76	1.11196
5.75	1.11356
5.74	1.11517
5.73	1.11679
5.72	1.11842
5.71	1.12006
5.7	1.12171
5.69	1.12336
5.68	1.12503
5.67	1.12671
5.66	1.1284
5.65	1.1301
5.64	1.1318
5.63	1.13352
5.62	1.13525
5.61	1.13699
5.6	1.13874
5.59	1.1405
5.58	1.14228
5.57	1.14406
5.56	1.14585
5.55	1.14766
5.54	1.14947
5.53	1.1513
5.52	1.15314
5.51	1.15499
5.5	1.15685
5.49	1.15873
5.48	1.16061
5.47	1.16251
5.46	1.16442
5.45	1.16634
5.44	1.16828
5.43	1.17023
5.42	1.17219
5.41	1.17416
5.4	1.17614
5.39	1.17814
5.38	1.18015
5.37	1.18218
5.36	1.18421
5.35	1.18626
5.34	1.18833
5.33	1.19041
5.32	1.1925
5.31	1.1946
5.3	1.19673
5.29	1.19886
5.28	1.20101
5.27	1.20317
5.26	1.20535
5.25	1.20754
5.24	1.20975
5.23	1.21197
5.22	1.21421
5.21	1.21646
5.2	1.21873
5.19	1.22102
5.18	1.22332
5.17	1.22563
5.16	1.22797
5.15	1.23032
5.14	1.23268
5.13	1.23506
5.12	1.23746
5.11	1.23988
5.1	1.24231
5.09	1.24476
5.08	1.24723
5.07	1.24972
5.06	1.25223
5.05	1.25475
5.04	1.25729
5.03	1.25985
5.02	1.26243
5.01	1.26503
5	1.26764
4.99	1.27028
4.98	1.27293
4.97	1.27561
4.96	1.27831
4.95	1.28102
4.94	1.28376
4.93	1.28651
4.92	1.28929
4.91	1.29209
4.9	1.29491
4.89	1.29776
4.88	1.30062
4.87	1.30351
4.86	1.30642
4.85	1.30935
4.84	1.3123
4.83	1.31528
4.82	1.31828
4.81	1.32131
4.8	1.32436
4.79	1.32743
4.78	1.33053
4.77	1.33365
4.76	1.3368
4.75	1.33997
4.74	1.34317
4.73	1.3464
4.72	1.34965
4.71	1.35293
4.7	1.35623
4.69	1.35956
4.68	1.36292
4.67	1.36631
4.66	1.36973
4.65	1.37318
4.64	1.37665
4.63	1.38015
4.62	1.38369
4.61	1.38725
4.6	1.39085
4.59	1.39447
4.58	1.39813
4.57	1.40182
4.56	1.40554
4.55	1.4093
4.54	1.41308
4.53	1.4169
4.52	1.42076
4.51	1.42464
4.5	1.42857
4.49	1.43253
4.48	1.43652
4.47	1.44055
4.46	1.44462
4.45	1.44872
4.44	1.45286
4.43	1.45704
4.42	1.46126
4.41	1.46552
4.4	1.46982
4.39	1.47415
4.38	1.47853
4.37	1.48295
4.36	1.48741
4.35	1.49192
4.34	1.49647
4.33	1.50106
4.32	1.50569
4.31	1.51037
4.3	1.5151
4.29	1.51987
4.28	1.52469
4.27	1.52956
4.26	1.53448
4.25	1.53944
4.24	1.54446
4.23	1.54952
4.22	1.55464
4.21	1.55981
4.2	1.56503
4.19	1.5703
4.18	1.57563
4.17	1.58102
4.16	1.58646
4.15	1.59196
4.14	1.59752
4.13	1.60313
4.12	1.60881
4.11	1.61454
4.1	1.62034
4.09	1.6262
4.08	1.63212
4.07	1.63811
4.06	1.64417
4.05	1.65029
4.04	1.65648
4.03	1.66274
4.02	1.66906
4.01	1.67546
4	1.68194
3.99	1.68848
3.98	1.6951
3.97	1.7018
3.96	1.70857
3.95	1.71543
3.94	1.72236
3.93	1.72938
3.92	1.73648
3.91	1.74366
3.9	1.75093
3.89	1.75829
3.88	1.76573
3.87	1.77327
3.86	1.7809
3.85	1.78862
3.84	1.79644
3.83	1.80436
3.82	1.81238
3.81	1.8205
3.8	1.82872
3.79	1.83705
3.78	1.84548
3.77	1.85403
3.76	1.86268
3.75	1.87145
3.74	1.88034
3.73	1.88934
3.72	1.89847
3.71	1.90771
3.7	1.91709
3.69	1.92659
3.68	1.93622
3.67	1.94599
3.66	1.95589
3.65	1.96593
3.64	1.97612
3.63	1.98645
3.62	1.99692
3.61	2.00755
3.6	2.01834
3.59	2.02928
3.58	2.04038
3.57	2.05166
3.56	2.0631
3.55	2.07471
3.54	2.0865
3.53	2.09847
3.52	2.11063
3.51	2.12298
3.5	2.13552
3.49	2.14826
3.48	2.16121
3.47	2.17436
3.46	2.18773
3.45	2.20132
3.44	2.21514
3.43	2.22919
3.42	2.24347
3.41	2.258
3.4	2.27278
3.39	2.28781
3.38	2.30311
3.37	2.31868
3.36	2.33453
3.35	2.35067
3.34	2.3671
3.33	2.38383
3.32	2.40087
3.31	2.41824
3.3	2.43593
3.29	2.45397
3.28	2.47235
3.27	2.4911
3.26	2.51022
3.25	2.52973
3.24	2.54963
3.23	2.56994
3.22	2.59068
3.21	2.61186
3.2	2.63349
3.19	2.65558
3.18	2.67816
3.17	2.70125
3.16	2.72485
3.15	2.749
3.14	2.77371
3.13	2.79899
3.12	2.82488
3.11	2.85141
3.1	2.87858
3.09	2.90643
3.08	2.935
3.07	2.9643
3.06	2.99437
3.05	3.02525
3.04	3.05697
3.03	3.08957
3.02	3.1231
3.01	3.15759
3	3.1931
2.99	3.22968
2.98	3.26738
2.97	3.30626
2.96	3.34639
2.95	3.38783
2.94	3.43068
2.93	3.47499
2.92	3.52088
2.91	3.56843
2.9	3.61776
2.89	3.66899
2.88	3.72224
2.87	3.77766
2.86	3.83542
2.85	3.8957
2.84	3.95869
2.83	4.02464
2.82	4.0938
2.81	4.16646
2.8	4.24296
2.79	4.32368
2.78	4.40908
2.77	4.49969
2.76	4.59612
2.75	4.69911
2.74	4.80954
2.73	4.9285
2.72	5.05732
2.71	5.19767
2.7	5.35168
2.69	5.52215
2.68	5.71282
2.67	5.9289
2.66	6.17787
2.65	6.47115
2.64	6.82735
2.63	7.28001
2.62	7.89969
2.61	8.88231
2.6	11.4092
-2.6	11.4092
-2.61	8.88231
-2.62	7.89969
-2.63	7.28001
-2.64	6.82735
-2.65	6.47115
-2.66	6.17787
-2.67	5.9289
-2.68	5.71282
-2.69	5.52215
-2.7	5.35168
-2.71	5.19767
-2.72	5.05732
-2.73	4.9285
-2.74	4.80954
-2.75	4.69911
-2.76	4.59612
-2.77	4.49969
-2.78	4.40908
-2.79	4.32368
-2.8	4.24296
-2.81	4.16646
-2.82	4.0938
-2.83	4.02464
-2.84	3.95869
-2.85	3.8957
-2.86	3.83542
-2.87	3.77766
-2.88	3.72224
-2.89	3.66899
-2.9	3.61776
-2.91	3.56843
-2.92	3.52088
-2.93	3.47499
-2.94	3.43068
-2.95	3.38783
-2.96	3.34639
-2.97	3.30626
-2.98	3.26738
-2.99	3.22968
-3	3.1931
-3.01	3.15759
-3.02	3.1231
-3.03	3.08957
-3.04	3.05697
-3.05	3.02525
-3.06	2.99437
-3.07	2.9643
-3.08	2.935
-3.09	2.90643
-3.1	2.87858
-3.11	2.85141
-3.12	2.82488
-3.13	2.79899
-3.14	2.77371
-3.15	2.749
-3.16	2.72485
-3.17	2.70125
-3.18	2.67816
-3.19	2.65558
-3.2	2.63349
-3.21	2.61186
-3.22	2.59068
-3.23	2.56994
-3.24	2.54963
-3.25	2.52973
-3.26	2.51022
-3.27	2.4911
-3.28	2.47235
-3.29	2.45397
-3.3	2.43593
-3.31	2.41824
-3.32	2.40087
-3.33	2.38383
-3.34	2.3671
-3.35	2.35067
-3.36	2.33453
-3.37	2.31868
-3.38	2.30311
-3.39	2.28781
-3.4	2.27278
-3.41	2.258
-3.42	2.24347
-3.43	2.22919
-3.44	2.21514
-3.45	2.20132
-3.46	2.18773
-3.47	2.17436
-3.48	2.16121
-3.49	2.14826
-3.5	2.13552
-3.51	2.12298
-3.52	2.11063
-3.53	2.09847
-3.54	2.0865
-3.55	2.07471
-3.56	2.0631
-3.57	2.05166
-3.58	2.04038
-3.59	2.02928
-3.6	2.01834
-3.61	2.00755
-3.62	1.99692
-3.63	1.98645
-3.64	1.97612
-3.65	1.96593
-3.66	1.95589
-3.67	1.94599
-3.68	1.93622
-3.69	1.92659
-3.7	1.91709
-3.71	1.90771
-3.72	1.89847
-3.73	1.88934
-3.74	1.88034
-3.75	1.87145
-3.76	1.86268
-3.77	1.85403
-3.78	1.84548
-3.79	1.83705
-3.8	1.82872
-3.81	1.8205
-3.82	1.81238
-3.83	1.80436
-3.84	1.79644
-3.85	1.78862
-3.86	1.7809
-3.87	1.77327
-3.88	1.76573
-3.89	1.75829
-3.9	1.75093
-3.91	1.74366
-3.92	1.73648
-3.93	1.72938
-3.94	1.72236
-3.95	1.71543
-3.96	1.70857
-3.97	1.7018
-3.98	1.6951
-3.99	1.68848
-4	1.68194
-4.01	1.67546
-4.02	1.66906
-4.03	1.66274
-4.04	1.65648
-4.05	1.65029
-4.06	1.64417
-4.07	1.63811
-4.08	1.63212
-4.09	1.6262
-4.1	1.62034
-4.11	1.61454
-4.12	1.60881
-4.13	1.60313
-4.14	1.59752
-4.15	1.59196
-4.16	1.58646
-4.17	1.58102
-4.18	1.57563
-4.19	1.5703
-4.2	1.56503
-4.21	1.55981
-4.22	1.55464
-4.23	1.54952
-4.24	1.54446
-4.25	1.53944
-4.26	1.53448
-4.27	1.52956
-4.28	1.52469
-4.29	1.51987
-4.3	1.5151
-4.31	1.51037
-4.32	1.50569
-4.33	1.50106
-4.34	1.49647
-4.35	1.49192
-4.36	1.48741
-4.37	1.48295
-4.38	1.47853
-4.39	1.47415
-4.4	1.46982
-4.41	1.46552
-4.42	1.46126
-4.43	1.45704
-4.44	1.45286
-4.45	1.44872
-4.46	1.44462
-4.47	1.44055
-4.48	1.43652
-4.49	1.43253
-4.5	1.42857
-4.51	1.42464
-4.52	1.42076
-4.53	1.4169
-4.54	1.41308
-4.55	1.4093
-4.56	1.40554
-4.57	1.40182
-4.58	1.39813
-4.59	1.39447
-4.6	1.39085
-4.61	1.38725
-4.62	1.38369
-4.63	1.38015
-4.64	1.37665
-4.65	1.37318
-4.66	1.36973
-4.67	1.36631
-4.68	1.36292
-4.69	1.35956
-4.7	1.35623
-4.71	1.35293
-4.72	1.34965
-4.73	1.3464
-4.74	1.34317
-4.75	1.33997
-4.76	1.3368
-4.77	1.33365
-4.78	1.33053
-4.79	1.32743
-4.8	1.32436
-4.81	1.32131
-4.82	1.31828
-4.83	1.31528
-4.84	1.3123
-4.85	1.30935
-4.86	1.30642
-4.87	1.30351
-4.88	1.30062
-4.89	1.29776
-4.9	1.29491
-4.91	1.29209
-4.92	1.28929
-4.93	1.28651
-4.94	1.28376
-4.95	1.28102
-4.96	1.27831
-4.97	1.27561
-4.98	1.27293
-4.99	1.27028
-5	1.26764
-5.01	1.26503
-5.02	1.26243
-5.03	1.25985
-5.04	1.25729
-5.05	1.25475
-5.06	1.25223
-5.07	1.24972
-5.08	1.24723
-5.09	1.24476
-5.1	1.24231
-5.11	1.23988
-5.12	1.23746
-5.13	1.23506
-5.14	1.23268
-5.15	1.23032
-5.16	1.22797
-5.17	1.22563
-5.18	1.22332
-5.19	1.22102
-5.2	1.21873
-5.21	1.21646
-5.22	1.21421
-5.23	1.21197
-5.24	1.20975
-5.25	1.20754
-5.26	1.20535
-5.27	1.20317
-5.28	1.20101
-5.29	1.19886
-5.3	1.19673
-5.31	1.1946
-5.32	1.1925
-5.33	1.19041
-5.34	1.18833
-5.35	1.18626
-5.36	1.18421
-5.37	1.18218
-5.38	1.18015
-5.39	1.17814
-5.4	1.17614
-5.41	1.17416
-5.42	1.17219
-5.43	1.17023
-5.44	1.16828
-5.45	1.16634
-5.46	1.16442
-5.47	1.16251
-5.48	1.16061
-5.49	1.15873
-5.5	1.15685
-5.51	1.15499
-5.52	1.15314
-5.53	1.1513
-5.54	1.14947
-5.55	1.14766
-5.56	1.14585
-5.57	1.14406
-5.58	1.14228
-5.59	1.1405
-5.6	1.13874
-5.61	1.13699
-5.62	1.13525
-5.63	1.13352
-5.64	1.1318
-5.65	1.1301
-5.66	1.1284
-5.67	1.12671
-5.68	1.12503
-5.69	1.12336
-5.7	1.12171
-5.71	1.12006
-5.72	1.11842
-5.73	1.11679
-5.74	1.11517
-5.75	1.11356
-5.76	1.11196
-5.77	1.11037
-5.78	1.10879
-5.79	1.10721
-5.8	1.10565
-5.81	1.1041
-5.82	1.10255
-5.83	1.10101
-5.84	1.09949
-5.85	1.09797
-5.86	1.09646
-5.87	1.09495
-5.88	1.09346
-5.89	1.09197
-5.9	1.0905
-5.91	1.08903
-5.92	1.08757
-5.93	1.08612
-5.94	1.08467
-5.95	1.08324
-5.96	1.08181
-5.97	1.08039
-5.98	1.07898
-5.99	1.07757
-6	1.07617
-6.01	1.07479
-6.02	1.0734
-6.03	1.07203
-6.04	1.07066
-6.05	1.0693
-6.06	1.06795
-6.07	1.06661
-6.08	1.06527
-6.09	1.06394
-6.1	1.06261
-6.11	1.0613
-6.12	1.05999
-6.13	1.05869
-6.14	1.05739
-6.15	1.0561
-6.16	1.05482
-6.17	1.05355
-6.18	1.05228
-6.19	1.05101
-6.2	1.04976
-6.21	1.04851
-6.22	1.04727
-6.23	1.04603
-6.24	1.0448
-6.25	1.04358
-6.26	1.04236
-6.27	1.04115
-6.28	1.03995
-6.29	1.03875
-6.3	1.03756
-6.31	1.03637
-6.32	1.03519
-6.33	1.03402
-6.34	1.03285
-6.35	1.03169
-6.36	1.03053
-6.37	1.02938
-6.38	1.02823
-6.39	1.02709
-6.4	1.02596
-6.41	1.02483
-6.42	1.02371
-6.43	1.02259
-6.44	1.02148
-6.45	1.02037
-6.46	1.01927
-6.47	1.01818
-6.48	1.01709
-6.49	1.016
-6.5	1.01492
-6.51	1.01385
-6.52	1.01278
-6.53	1.01171
-6.54	1.01066
-6.55	1.0096
-6.56	1.00855
-6.57	1.00751
-6.58	1.00647
-6.59	1.00544
-6.6	1.00441
-6.61	1.00338
-6.62	1.00236
-6.63	1.00135
-6.64	1.00034
-6.65	0.999335
-6.66	0.998335
-6.67	0.997339
-6.68	0.996348
-6.69	0.995362
-6.7	0.99438
-6.71	0.993402
-6.72	0.992429
-6.73	0.991461
-6.74	0.990497
-6.75	0.989538
-6.76	0.988583
-6.77	0.987632
-6.78	0.986685
-6.79	0.985743
-6.8	0.984805
-6.81	0.983872
-6.82	0.982942
-6.83	0.982017
-6.84	0.981096
-6.85	0.980179
-6.86	0.979266
-6.87	0.978357
-6.88	0.977453
-6.89	0.976552
-6.9	0.975655
-6.91	0.974762
-6.92	0.973874
-6.93	0.972989
-6.94	0.972108
-6.95	0.971231
-6.96	0.970357
-6.97	0.969488
-6.98	0.968622
-6.99	0.96776
-7	0.966902
-7.01	0.966047
-7.02	0.965197
-7.03	0.964349
-7.04	0.963506
-7.05	0.962666
-7.06	0.96183
-7.07	0.960997
-7.08	0.960168
-7.09	0.959343
-7.1	0.95852
-7.11	0.957702
-7.12	0.956887
-7.13	0.956075
-7.14	0.955267
-7.15	0.954462
-7.16	0.95366
-7.17	0.952862
-7.18	0.952068
-7.19	0.951276
-7.2	0.950488
-7.21	0.949703
-7.22	0.948922
-7.23	0.948143
-7.24	0.947368
-7.25	0.946596
-7.26	0.945827
-7.27	0.945062
-7.28	0.944299
-7.29	0.94354
-7.3	0.942783
-7.31	0.94203
-7.32	0.94128
-7.33	0.940533
-7.34	0.939789
-7.35	0.939048
-7.36	0.93831
-7.37	0.937575
-7.38	0.936843
-7.39	0.936113
-7.4	0.935387
-7.41	0.934664
-7.42	0.933943
-7.43	0.933226
-7.44	0.932511
-7.45	0.931799
-7.46	0.93109
-7.47	0.930384
-7.48	0.92968
-7.49	0.928979
-7.5	0.928281
-7.51	0.927586
-7.52	0.926894
-7.53	0.926204
-7.54	0.925517
-7.55	0.924832
-7.56	0.924151
-7.57	0.923471
-7.58	0.922795
-7.59	0.922121
-7.6	0.92145
-7.61	0.920781
-7.62	0.920115
-7.63	0.919451
-7.64	0.91879
-7.65	0.918132
-7.66	0.917476
-7.67	0.916822
-7.68	0.916171
-7.69	0.915522
-7.7	0.914876
-7.71	0.914233
-7.72	0.913591
-7.73	0.912952
-7.74	0.912316
-7.75	0.911682
-7.76	0.91105
-7.77	0.910421
-7.78	0.909794
-7.79	0.909169
-7.8	0.908547
-7.81	0.907927
-7.82	0.907309
-7.83	0.906694
-7.84	0.906081
-7.85	0.90547
-7.86	0.904861
-7.87	0.904255
-7.88	0.903651
-7.89	0.903049
-7.9	0.902449
-7.91	0.901851
-7.92	0.901256
-7.93	0.900663
-7.94	0.900072
-7.95	0.899483
-7.96	0.898896
-7.97	0.898311
-7.98	0.897728
-7.99	0.897148
-8	0.896569
-8.01	0.895993
-8.02	0.895419
-8.03	0.894847
-8.04	0.894276
-8.05	0.893708
-8.06	0.893142
-8.07	0.892578
-8.08	0.892016
-8.09	0.891456
-8.1	0.890897
-8.11	0.890341
-8.12	0.889787
-8.13	0.889234
-8.14	0.888684
-8.15	0.888136
-8.16	0.887589
-8.17	0.887044
-8.18	0.886502
-8.19	0.885961
-8.2	0.885422
-8.21	0.884885
-8.22	0.884349
-8.23	0.883816
-8.24	0.883284
-8.25	0.882755
-8.26	0.882227
-8.27	0.8817
-8.28	0.881176
-8.29	0.880654
-8.3	0.880133
-8.31	0.879614
-8.32	0.879097
-8.33	0.878581
-8.34	0.878067
-8.35	0.877555
-8.36	0.877045
-8.37	0.876536
-8.38	0.87603
-8.39	0.875525
-8.4	0.875021
-8.41	0.874519
-8.42	0.874019
-8.43	0.873521
-8.44	0.873024
-8.45	0.872529
-8.46	0.872036
-8.47	0.871544
-8.48	0.871054
-8.49	0.870565
-8.5	0.870078
-8.51	0.869593
-8.52	0.869109
-8.53	0.868627
-8.54	0.868146
-8.55	0.867667
-8.56	0.86719
-8.57	0.866714
-8.58	0.86624
-8.59	0.865767
-8.6	0.865296
-8.61	0.864826
-8.62	0.864358
-8.63	0.863891
-8.64	0.863426
-8.65	0.862962
-8.66	0.8625
-8.67	0.862039
-8.68	0.86158
-8.69	0.861122
-8.7	0.860666
-8.71	0.860211
-8.72	0.859758
-8.73	0.859306
-8.74	0.858855
-8.75	0.858406
-8.76	0.857959
-8.77	0.857512
-8.78	0.857068
-8.79	0.856624
-8.8	0.856182
-8.81	0.855741
-8.82	0.855302
-8.83	0.854864
-8.84	0.854428
-8.85	0.853993
-8.86	0.853559
-8.87	0.853126
-8.88	0.852695
-8.89	0.852266
-8.9	0.851837
-8.91	0.85141
-8.92	0.850984
-8.93	0.85056
-8.94	0.850137
-8.95	0.849715
-8.96	0.849294
-8.97	0.848875
-8.98	0.848457
-8.99	0.84804
-9	0.847625
-9.01	0.847211
-9.02	0.846798
-9.03	0.846386
-9.04	0.845976
-9.05	0.845567
-9.06	0.845159
-9.07	0.844752
-9.08	0.844347
-9.09	0.843942
-9.1	0.843539
-9.11	0.843138
-9.12	0.842737
-9.13	0.842338
-9.14	0.841939
-9.15	0.841542
-9.16	0.841147
-9.17	0.840752
-9.18	0.840358
-9.19	0.839966
-9.2	0.839575
-9.21	0.839185
-9.22	0.838796
-9.23	0.838409
-9.24	0.838022
-9.25	0.837637
-9.26	0.837252
-9.27	0.836869
-9.28	0.836487
-9.29	0.836106
-9.3	0.835726
-9.31	0.835348
-9.32	0.83497
-9.33	0.834594
-9.34	0.834218
-9.35	0.833844
-9.36	0.833471
-9.37	0.833099
-9.38	0.832728
-9.39	0.832358
-9.4	0.831989
-9.41	0.831621
-9.42	0.831254
-9.43	0.830889
-9.44	0.830524
-9.45	0.83016
-9.46	0.829798
-9.47	0.829436
-9.48	0.829076
-9.49	0.828716
-9.5	0.828358
-9.51	0.828
-9.52	0.827644
-9.53	0.827288
-9.54	0.826934
-9.55	0.82658
-9.56	0.826228
-9.57	0.825876
-9.58	0.825526
-9.59	0.825176
-9.6	0.824828
-9.61	0.82448
-9.62	0.824134
-9.63	0.823788
-9.64	0.823444
-9.65	0.8231
-9.66	0.822757
-9.67	0.822416
-9.68	0.822075
-9.69	0.821735
-9.7	0.821396
-9.71	0.821058
-9.72	0.820721
-9.73	0.820385
-9.74	0.82005
-9.75	0.819715
-9.76	0.819382
-9.77	0.819049
-9.78	0.818718
-9.79	0.818387
-9.8	0.818058
-9.81	0.817729
-9.82	0.817401
-9.83	0.817074
-9.84	0.816748
-9.85	0.816422
-9.86	0.816098
-9.87	0.815774
-9.88	0.815452
-9.89	0.81513
-9.9	0.814809
-9.91	0.814489
-9.92	0.81417
-9.93	0.813851
-9.94	0.813534
-9.95	0.813217
-9.96	0.812901
-9.97	0.812587
-9.98	0.812272
-9.99	0.811959
-10	0.811647
-10.01	0.811335
-10.02	0.811024
-10.03	0.810714
-10.04	0.810405
-10.05	0.810097
-10.06	0.809789
-10.07	0.809483
-10.08	0.809177
-10.09	0.808872
-10.1	0.808567
-10.11	0.808264
-10.12	0.807961
-10.13	0.807659
-10.14	0.807358
-10.15	0.807058
-10.16	0.806758
-10.17	0.80646
-10.18	0.806162
-10.19	0.805864
-10.2	0.805568
-10.21	0.805272
-10.22	0.804977
-10.23	0.804683
-10.24	0.80439
-10.25	0.804097
-10.26	0.803805
-10.27	0.803514
-10.28	0.803224
-10.29	0.802934
-10.3	0.802645
-10.31	0.802357
-10.32	0.802069
-10.33	0.801783
-10.34	0.801497
-10.35	0.801211
-10.36	0.800927
-10.37	0.800643
-10.38	0.80036
-10.39	0.800078
-10.4	0.799796
-10.41	0.799515
-10.42	0.799235
-10.43	0.798955
-10.44	0.798676
-10.45	0.798398
-10.46	0.798121
-10.47	0.797844
-10.48	0.797568
-10.49	0.797293
-10.5	0.797018
-10.51	0.796744
-10.52	0.796471
-10.53	0.796198
-10.54	0.795926
-10.55	0.795655
-10.56	0.795384
-10.57	0.795114
-10.58	0.794845
-10.59	0.794576
-10.6	0.794308
-10.61	0.794041
-10.62	0.793775
-10.63	0.793509
-10.64	0.793243
-10.65	0.792979
-10.66	0.792715
-10.67	0.792451
-10.68	0.792188
-10.69	0.791926
-10.7	0.791665
-10.71	0.791404
-10.72	0.791144
-10.73	0.790884
-10.74	0.790625
-10.75	0.790367
-10.76	0.790109
-10.77	0.789852
-10.78	0.789596
-10.79	0.78934
-10.8	0.789085
-10.81	0.78883
-10.82	0.788576
-10.83	0.788323
-10.84	0.78807
-10.85	0.787818
-10.86	0.787567
-10.87	0.787316
-10.88	0.787065
-10.89	0.786815
-10.9	0.786566
-10.91	0.786318
-10.92	0.78607
-10.93	0.785822
-10.94	0.785576
-10.95	0.785329
-10.96	0.785084
-10.97	0.784839
-10.98	0.784594
-10.99	0.78435
-11	0.784107
-11.01	0.783864
-11.02	0.783622
-11.03	0.78338
-11.04	0.783139
-11.05	0.782899
-11.06	0.782659
-11.07	0.782419
-11.08	0.782181
-11.09	0.781942
-11.1	0.781705
-11.11	0.781467
-11.12	0.781231
-11.13	0.780995
-11.14	0.780759
-11.15	0.780524
-11.16	0.78029
-11.17	0.780056
-11.18	0.779823
-11.19	0.77959
-11.2	0.779357
-11.21	0.779126
-11.22	0.778894
-11.23	0.778664
-11.24	0.778434
-11.25	0.778204
-11.26	0.777975
-11.27	0.777746
-11.28	0.777518
-11.29	0.777291
-11.3	0.777064
-11.31	0.776837
-11.32	0.776611
-11.33	0.776386
-11.34	0.776161
-11.35	0.775936
-11.36	0.775712
-11.37	0.775489
-11.38	0.775266
-11.39	0.775043
-11.4	0.774821
-11.41	0.7746
-11.42	0.774379
-11.43	0.774158
-11.44	0.773938
-11.45	0.773719
-11.46	0.7735
-11.47	0.773282
-11.48	0.773063
-11.49	0.772846
-11.5	0.772629
-11.51	0.772412
-11.52	0.772196
-11.53	0.771981
-11.54	0.771765
-11.55	0.771551
-11.56	0.771337
-11.57	0.771123
-11.58	0.77091
-11.59	0.770697
-11.6	0.770485
-11.61	0.770273
-11.62	0.770061
-11.63	0.76985
-11.64	0.76964
-11.65	0.76943
-11.66	0.769221
-11.67	0.769011
-11.68	0.768803
-11.69	0.768595
-11.7	0.768387
-11.71	0.76818
-11.72	0.767973
-11.73	0.767766
-11.74	0.767561
-11.75	0.767355
-11.76	0.76715
-11.77	0.766945
-11.78	0.766741
-11.79	0.766538
-11.8	0.766334
-11.81	0.766132
-11.82	0.765929
-11.83	0.765727
-11.84	0.765526
-11.85	0.765325
-11.86	0.765124
-11.87	0.764924
-11.88	0.764724
-11.89	0.764524
-11.9	0.764325
-11.91	0.764127
-11.92	0.763929
-11.93	0.763731
-11.94	0.763534
-11.95	0.763337
-11.96	0.763141
-11.97	0.762945
-11.98	0.762749
-11.99	0.762554
-12	0.762359
-12.01	0.762165
-12.02	0.761971
-12.03	0.761777
-12.04	0.761584
-12.05	0.761391
-12.06	0.761199
-12.07	0.761007
-12.08	0.760815
-12.09	0.760624
-12.1	0.760433
-12.11	0.760243
-12.12	0.760053
-12.13	0.759864
-12.14	0.759674
-12.15	0.759486
-12.16	0.759297
-12.17	0.759109
-12.18	0.758922
-12.19	0.758734
-12.2	0.758548
-12.21	0.758361
-12.22	0.758175
-12.23	0.757989
-12.24	0.757804
-12.25	0.757619
-12.26	0.757435
-12.27	0.75725
-12.28	0.757067
-12.29	0.756883
-12.3	0.7567
-12.31	0.756518
-12.32	0.756335
-12.33	0.756153
-12.34	0.755972
-12.35	0.755791
-12.36	0.75561
-12.37	0.755429
-12.38	0.755249
-12.39	0.75507
-12.4	0.75489
-12.41	0.754711
-12.42	0.754533
-12.43	0.754354
-12.44	0.754177
-12.45	0.753999
-12.46	0.753822
-12.47	0.753645
-12.48	0.753469
-12.49	0.753292
-12.5	0.753117
-12.51	0.752941
-12.52	0.752766
-12.53	0.752591
-12.54	0.752417
-12.55	0.752243
-12.56	0.752069
-12.57	0.751896
-12.58	0.751723
-12.59	0.75155
-12.6	0.751378
-12.61	0.751206
-12.62	0.751034
-12.63	0.750863
-12.64	0.750692
-12.65	0.750522
-12.66	0.750351
-12.67	0.750181
-12.68	0.750012
-12.69	0.749843
-12.7	0.749674
-12.71	0.749505
-12.72	0.749337
-12.73	0.749169
-12.74	0.749001
-12.75	0.748834
-12.76	0.748667
-12.77	0.7485
-12.78	0.748334
-12.79	0.748168
-12.8	0.748002
-12.81	0.747837
-12.82	0.747672
-12.83	0.747507
-12.84	0.747343
-12.85	0.747179
-12.86	0.747015
-12.87	0.746852
-12.88	0.746689
-12.89	0.746526
-12.9	0.746363
-12.91	0.746201
-12.92	0.746039
-12.93	0.745878
-12.94	0.745717
-12.95	0.745556
-12.96	0.745395
-12.97	0.745235
-12.98	0.745075
-12.99	0.744915
-13	0.744756
-13.01	0.744596
-13.02	0.744438
-13.03	0.744279
-13.04	0.744121
-13.05	0.743963
-13.06	0.743806
-13.07	0.743648
-13.08	0.743491
-13.09	0.743335
-13.1	0.743178
-13.11	0.743022
-13.12	0.742866
-13.13	0.742711
-13.14	0.742555
-13.15	0.742401
-13.16	0.742246
-13.17	0.742092
-13.18	0.741938
-13.19	0.741784
-13.2	0.74163
-13.21	0.741477
-13.22	0.741324
-13.23	0.741172
-13.24	0.741019
-13.25	0.740867
-13.26	0.740715
-13.27	0.740564
-13.28	0.740413
-13.29	0.740262
-13.3	0.740111
-13.31	0.739961
-13.32	0.739811
-13.33	0.739661
-13.34	0.739511
-13.35	0.739362
-13.36	0.739213
-13.37	0.739064
-13.38	0.738916
-13.39	0.738768
-13.4	0.73862
-13.41	0.738472
-13.42	0.738325
-13.43	0.738178
-13.44	0.738031
-13.45	0.737884
-13.46	0.737738
-13.47	0.737592
-13.48	0.737446
-13.49	0.737301
-13.5	0.737156
-13.51	0.737011
-13.52	0.736866
-13.53	0.736722
-13.54	0.736578
-13.55	0.736434
-13.56	0.73629
-13.57	0.736147
-13.58	0.736004
-13.59	0.735861
-13.6	0.735718
-13.61	0.735576
-13.62	0.735434
-13.63	0.735292
-13.64	0.73515
-13.65	0.735009
-13.66	0.734868
-13.67	0.734727
-13.68	0.734587
-13.69	0.734446
-13.7	0.734306
-13.71	0.734166
-13.72	0.734027
-13.73	0.733888
-13.74	0.733749
-13.75	0.73361
-13.76	0.733471
-13.77	0.733333
-13.78	0.733195
-13.79	0.733057
-13.8	0.732919
-13.81	0.732782
-13.82	0.732645
-13.83	0.732508
-13.84	0.732372
-13.85	0.732235
-13.86	0.732099
-13.87	0.731963
-13.88	0.731828
-13.89	0.731692
-13.9	0.731557
-13.91	0.731422
-13.92	0.731287
-13.93	0.731153
-13.94	0.731019
-13.95	0.730885
-13.96	0.730751
-13.97	0.730617
-13.98	0.730484
-13.99	0.730351
-14	0.730218
-14.01	0.730086
-14.02	0.729953
-14.03	0.729821
-14.04	0.729689
-14.05	0.729558
-14.06	0.729426
-14.07	0.729295
-14.08	0.729164
-14.09	0.729033
-14.1	0.728903
-14.11	0.728772
-14.12	0.728642
-14.13	0.728512
-14.14	0.728383
-14.15	0.728253
-14.16	0.728124
-14.17	0.727995
-14.18	0.727866
-14.19	0.727738
-14.2	0.72761
-14.21	0.727482
-14.22	0.727354
-14.23	0.727226
-14.24	0.727099
-14.25	0.726971
-14.26	0.726844
-14.27	0.726718
-14.28	0.726591
-14.29	0.726465
-14.3	0.726339
-14.31	0.726213
-14.32	0.726087
-14.33	0.725962
-14.34	0.725836
-14.35	0.725711
-14.36	0.725586
-14.37	0.725462
-14.38	0.725337
-14.39	0.725213
-14.4	0.725089
-14.41	0.724965
-14.42	0.724842
-14.43	0.724718
-14.44	0.724595
-14.45	0.724472
-14.46	0.724349
-14.47	0.724227
-14.48	0.724104
-14.49	0.723982
-14.5	0.72386
-14.51	0.723738
-14.52	0.723617
-14.53	0.723496
-14.54	0.723374
-14.55	0.723253
-14.56	0.723133
-14.57	0.723012
-14.58	0.722892
-14.59	0.722772
-14.6	0.722652
-14.61	0.722532
-14.62	0.722413
-14.63	0.722293
-14.64	0.722174
-14.65	0.722055
-14.66	0.721936
-14.67	0.721818
-14.68	0.721699
-14.69	0.721581
-14.7	0.721463
-14.71	0.721346
-14.72	0.721228
-14.73	0.721111
-14.74	0.720993
-14.75	0.720876
-14.76	0.72076
-14.77	0.720643
-14.78	0.720526
-14.79	0.72041
-14.8	0.720294
-14.81	0.720178
-14.82	0.720063
-14.83	0.719947
-14.84	0.719832
-14.85	0.719717
-14.86	0.719602
-14.87	0.719487
-14.88	0.719373
-14.89	0.719258
-14.9	0.719144
-14.91	0.71903
-14.92	0.718916
-14.93	0.718803
-14.94	0.718689
-14.95	0.718576
-14.96	0.718463
-14.97	0.71835
-14.98	0.718237
-14.99	0.718125
-15	0.718012
-15.01	0.7179
-15.02	0.717788
-15.03	0.717676
-15.04	0.717565
-15.05	0.717453
-15.06	0.717342
-15.07	0.717231
-15.08	0.71712
-15.09	0.717009
-15.1	0.716898
-15.11	0.716788
-15.12	0.716678
-15.13	0.716568
-15.14	0.716458
-15.15	0.716348
-15.16	0.716239
-15.17	0.716129
-15.18	0.71602
-15.19	0.715911
-15.2	0.715802
-15.21	0.715694
-15.22	0.715585
-15.23	0.715477
-15.24	0.715369
-15.25	0.715261
-15.26	0.715153
-15.27	0.715045
-15.28	0.714938
-15.29	0.71483
-15.3	0.714723
-15.31	0.714616
-15.32	0.714509
-15.33	0.714403
-15.34	0.714296
-15.35	0.71419
-15.36	0.714084
-15.37	0.713978
-15.38	0.713872
-15.39	0.713767
-15.4	0.713661
-15.41	0.713556
-15.42	0.713451
-15.43	0.713346
-15.44	0.713241
-15.45	0.713136
-15.46	0.713032
-15.47	0.712927
-15.48	0.712823
-15.49	0.712719
-15.5	0.712615
-15.51	0.712512
-15.52	0.712408
-15.53	0.712305
-15.54	0.712201
-15.55	0.712098
-15.56	0.711995
-15.57	0.711893
-15.58	0.71179
-15.59	0.711688
-15.6	0.711585
-15.61	0.711483
-15.62	0.711381
-15.63	0.71128
-15.64	0.711178
-15.65	0.711076
-15.66	0.710975
-15.67	0.710874
-15.68	0.710773
-15.69	0.710672
-15.7	0.710571
-15.71	0.710471
-15.72	0.71037
-15.73	0.71027
-15.74	0.71017
-15.75	0.71007
-15.76	0.70997
-15.77	0.709871
-15.78	0.709771
-15.79	0.709672
-15.8	0.709572
-15.81	0.709473
-15.82	0.709375
-15.83	0.709276
-15.84	0.709177
-15.85	0.709079
-15.86	0.70898
-15.87	0.708882
-15.88	0.708784
-15.89	0.708686
-15.9	0.708589
-15.91	0.708491
-15.92	0.708394
-15.93	0.708296
-15.94	0.708199
-15.95	0.708102
-15.96	0.708005
-15.97	0.707909
-15.98	0.707812
-15.99	0.707716
-16	0.707619
-16.01	0.707523
-16.02	0.707427
-16.03	0.707331
-16.04	0.707236
-16.05	0.70714
-16.06	0.707045
-16.07	0.706949
-16.08	0.706854
-16.09	0.706759
-16.1	0.706664
-16.11	0.70657
-16.12	0.706475
-16.13	0.706381
-16.14	0.706286
-16.15	0.706192
-16.16	0.706098
-16.17	0.706004
-16.18	0.705911
-16.19	0.705817
-16.2	0.705723
-16.21	0.70563
-16.22	0.705537
-16.23	0.705444
-16.24	0.705351
-16.25	0.705258
-16.26	0.705166
-16.27	0.705073
-16.28	0.704981
-16.29	0.704888
-16.3	0.704796
-16.31	0.704704
-16.32	0.704612
-16.33	0.704521
-16.34	0.704429
-16.35	0.704338
-16.36	0.704246
-16.37	0.704155
-16.38	0.704064
-16.39	0.703973
-16.4	0.703882
-16.41	0.703792
-16.42	0.703701
-16.43	0.703611
-16.44	0.70352
-16.45	0.70343
-16.46	0.70334
-16.47	0.70325
-16.48	0.703161
-16.49	0.703071
-16.5	0.702982
-16.51	0.702892
-16.52	0.702803
-16.53	0.702714
-16.54	0.702625
-16.55	0.702536
-16.56	0.702447
-16.57	0.702359
-16.58	0.70227
-16.59	0.702182
-16.6	0.702094
-16.61	0.702005
-16.62	0.701917
-16.63	0.70183
-16.64	0.701742
-16.65	0.701654
-16.66	0.701567
-16.67	0.701479
-16.68	0.701392
-16.69	0.701305
-16.7	0.701218
-16.71	0.701131
-16.72	0.701044
-16.73	0.700958
-16.74	0.700871
-16.75	0.700785
-16.76	0.700699
-16.77	0.700613
-16.78	0.700527
-16.79	0.700441
-16.8	0.700355
-16.81	0.700269
-16.82	0.700184
-16.83	0.700098
-16.84	0.700013
-16.85	0.699928
-16.86	0.699843
-16.87	0.699758
-16.88	0.699673
-16.89	0.699588
-16.9	0.699504
-16.91	0.699419
-16.92	0.699335
-16.93	0.699251
-16.94	0.699167
-16.95	0.699083
-16.96	0.698999
-16.97	0.698915
-16.98	0.698831
-16.99	0.698748
-17	0.698665
-17.01	0.698581
-17.02	0.698498
-17.03	0.698415
-17.04	0.698332
-17.05	0.698249
-17.06	0.698167
-17.07	0.698084
-17.08	0.698001
-17.09	0.697919
-17.1	0.697837
-17.11	0.697755
-17.12	0.697673
-17.13	0.697591
-17.14	0.697509
-17.15	0.697427
-17.16	0.697346
-17.17	0.697264
-17.18	0.697183
-17.19	0.697101
-17.2	0.69702
-17.21	0.696939
-17.22	0.696858
-17.23	0.696778
-17.24	0.696697
-17.25	0.696616
-17.26	0.696536
-17.27	0.696455
-17.28	0.696375
-17.29	0.696295
-17.3	0.696215
-17.31	0.696135
-17.32	0.696055
-17.33	0.695975
-17.34	0.695896
-17.35	0.695816
-17.36	0.695737
-17.37	0.695658
-17.38	0.695578
-17.39	0.695499
-17.4	0.69542
-17.41	0.695342
-17.42	0.695263
-17.43	0.695184
-17.44	0.695106
-17.45	0.695027
-17.46	0.694949
-17.47	0.694871
-17.48	0.694792
-17.49	0.694714
-17.5	0.694636
-17.51	0.694559
-17.52	0.694481
-17.53	0.694403
-17.54	0.694326
-17.55	0.694248
-17.56	0.694171
-17.57	0.694094
-17.58	0.694017
-17.59	0.69394
-17.6	0.693863
-17.61	0.693786
-17.62	0.693709
-17.63	0.693633
-17.64	0.693556
-17.65	0.69348
-17.66	0.693404
-17.67	0.693328
-17.68	0.693251
-17.69	0.693176
-17.7	0.6931
-17.71	0.693024
-17.72	0.692948
-17.73	0.692873
-17.74	0.692797
-17.75	0.692722
-17.76	0.692647
-17.77	0.692571
-17.78	0.692496
-17.79	0.692421
-17.8	0.692346
-17.81	0.692272
-17.82	0.692197
-17.83	0.692122
-17.84	0.692048
-17.85	0.691973
-17.86	0.691899
-17.87	0.691825
-17.88	0.691751
-17.89	0.691677
-17.9	0.691603
-17.91	0.691529
-17.92	0.691455
-17.93	0.691382
-17.94	0.691308
-17.95	0.691235
-17.96	0.691162
-17.97	0.691088
-17.98	0.691015
-17.99	0.690942
-18	0.690869
-18.01	0.690796
-18.02	0.690723
-18.03	0.690651
-18.04	0.690578
-18.05	0.690506
-18.06	0.690433
-18.07	0.690361
-18.08	0.690289
-18.09	0.690217
-18.1	0.690145
-18.11	0.690073
-18.12	0.690001
-18.13	0.689929
-18.14	0.689858
-18.15	0.689786
-18.16	0.689715
-18.17	0.689643
-18.18	0.689572
-18.19	0.689501
-18.2	0.68943
-18.21	0.689359
-18.22	0.689288
-18.23	0.689217
-18.24	0.689146
-18.25	0.689076
-18.26	0.689005
-18.27	0.688935
-18.28	0.688864
-18.29	0.688794
-18.3	0.688724
-18.31	0.688654
-18.32	0.688583
-18.33	0.688514
-18.34	0.688444
-18.35	0.688374
-18.36	0.688304
-18.37	0.688235
-18.38	0.688165
-18.39	0.688096
-18.4	0.688026
-18.41	0.687957
-18.42	0.687888
-18.43	0.687819
-18.44	0.68775
-18.45	0.687681
-18.46	0.687612
-18.47	0.687544
-18.48	0.687475
-18.49	0.687407
-18.5	0.687338
-18.51	0.68727
-18.52	0.687201
-18.53	0.687133
-18.54	0.687065
-18.55	0.686997
-18.56	0.686929
-18.57	0.686861
-18.58	0.686794
-18.59	0.686726
-18.6	0.686658
-18.61	0.686591
-18.62	0.686523
-18.63	0.686456
-18.64	0.686389
-18.65	0.686322
-18.66	0.686255
-18.67	0.686188
-18.68	0.686121
-18.69	0.686054
-18.7	0.685987
-18.71	0.68592
-18.72	0.685854
-18.73	0.685787
-18.74	0.685721
-18.75	0.685654
-18.76	0.685588
-18.77	0.685522
-18.78	0.685456
-18.79	0.68539
-18.8	0.685324
-18.81	0.685258
-18.82	0.685192
-18.83	0.685127
-18.84	0.685061
-18.85	0.684995
-18.86	0.68493
-18.87	0.684865
-18.88	0.684799
-18.89	0.684734
-18.9	0.684669
-18.91	0.684604
-18.92	0.684539
-18.93	0.684474
-18.94	0.684409
-18.95	0.684344
-18.96	0.68428
-18.97	0.684215
-18.98	0.684151
-18.99	0.684086
-19	0.684022
-19.01	0.683958
-19.02	0.683894
-19.03	0.683829
-19.04	0.683765
-19.05	0.683701
-19.06	0.683637
-19.07	0.683574
-19.08	0.68351
-19.09	0.683446
-19.1	0.683383
-19.11	0.683319
-19.12	0.683256
-19.13	0.683192
-19.14	0.683129
-19.15	0.683066
-19.16	0.683003
-19.17	0.68294
-19.18	0.682877
-19.19	0.682814
-19.2	0.682751
-19.21	0.682689
-19.22	0.682626
-19.23	0.682563
-19.24	0.682501
-19.25	0.682438
-19.26	0.682376
-19.27	0.682314
-19.28	0.682252
-19.29	0.682189
-19.3	0.682127
-19.31	0.682065
-19.32	0.682003
-19.33	0.681942
-19.34	0.68188
-19.35	0.681818
-19.36	0.681757
-19.37	0.681695
-19.38	0.681634
-19.39	0.681572
-19.4	0.681511
-19.41	0.68145
-19.42	0.681388
-19.43	0.681327
-19.44	0.681266
-19.45	0.681205
-19.46	0.681144
-19.47	0.681084
-19.48	0.681023
-19.49	0.680962
-19.5	0.680902
-19.51	0.680841
-19.52	0.680781
-19.53	0.68072
-19.54	0.68066
-19.55	0.6806
-19.56	0.680539
-19.57	0.680479
-19.58	0.680419
-19.59	0.680359
-19.6	0.680299
-19.61	0.68024
-19.62	0.68018
-19.63	0.68012
-19.64	0.680061
-19.65	0.680001
-19.66	0.679942
-19.67	0.679882
-19.68	0.679823
-19.69	0.679764
-19.7	0.679704
-19.71	0.679645
-19.72	0.679586
-19.73	0.679527
-19.74	0.679468
-19.75	0.679409
-19.76	0.679351
-19.77	0.679292
-19.78	0.679233
-19.79	0.679175
-19.8	0.679116
-19.81	0.679058
-19.82	0.678999
-19.83	0.678941
-19.84	0.678883
-19.85	0.678825
-19.86	0.678767
-19.87	0.678709
-19.88	0.678651
-19.89	0.678593
-19.9	0.678535
-19.91	0.678477
-19.92	0.678419
-19.93	0.678362
-19.94	0.678304
-19.95	0.678247
-19.96	0.678189
-19.97	0.678132
-19.98	0.678075
-19.99	0.678017
-20	0.67796
-20.01	0.677903
-20.02	0.677846
-20.03	0.677789
-20.04	0.677732
-20.05	0.677675
-20.06	0.677619
-20.07	0.677562
-20.08	0.677505
-20.09	0.677449
-20.1	0.677392
-20.11	0.677336
-20.12	0.677279
-20.13	0.677223
-20.14	0.677167
-20.15	0.67711
-20.16	0.677054
-20.17	0.676998
-20.18	0.676942
-20.19	0.676886
-20.2	0.67683
-20.21	0.676775
-20.22	0.676719
-20.23	0.676663
-20.24	0.676607
-20.25	0.676552
-20.26	0.676496
-20.27	0.676441
-20.28	0.676386
-20.29	0.67633
-20.3	0.676275
-20.31	0.67622
-20.32	0.676165
-20.33	0.67611
-20.34	0.676055
-20.35	0.676
-20.36	0.675945
-20.37	0.67589
-20.38	0.675835
-20.39	0.67578
-20.4	0.675726
-20.41	0.675671
-20.42	0.675617
-20.43	0.675562
-20.44	0.675508
-20.45	0.675454
-20.46	0.675399
-20.47	0.675345
-20.48	0.675291
-20.49	0.675237
-20.5	0.675183
-20.51	0.675129
-20.52	0.675075
-20.53	0.675021
-20.54	0.674967
-20.55	0.674914
-20.56	0.67486
-20.57	0.674806
-20.58	0.674753
-20.59	0.674699
-20.6	0.674646
-20.61	0.674592
-20.62	0.674539
-20.63	0.674486
-20.64	0.674433
-20.65	0.67438
-20.66	0.674326
-20.67	0.674273
-20.68	0.674221
-20.69	0.674168
-20.7	0.674115
-20.71	0.674062
-20.72	0.674009
-20.73	0.673957
-20.74	0.673904
-20.75	0.673851
-20.76	0.673799
-20.77	0.673746
-20.78	0.673694
-20.79	0.673642
-20.8	0.67359
-20.81	0.673537
-20.82	0.673485
-20.83	0.673433
-20.84	0.673381
-20.85	0.673329
-20.86	0.673277
-20.87	0.673225
-20.88	0.673173
-20.89	0.673122
-20.9	0.67307
-20.91	0.673018
-20.92	0.672967
-20.93	0.672915
-20.94	0.672864
-20.95	0.672812
-20.96	0.672761
-20.97	0.67271
-20.98	0.672659
-20.99	0.672607
-21	0.672556
-21.01	0.672505
-21.02	0.672454
-21.03	0.672403
-21.04	0.672352
-21.05	0.672301
-21.06	0.672251
-21.07	0.6722
-21.08	0.672149
-21.09	0.672098
-21.1	0.672048
-21.11	0.671997
-21.12	0.671947
-21.13	0.671896
-21.14	0.671846
-21.15	0.671796
-21.16	0.671745
-21.17	0.671695
-21.18	0.671645
-21.19	0.671595
-21.2	0.671545
-21.21	0.671495
-21.22	0.671445
-21.23	0.671395
-21.24	0.671345
-21.25	0.671296
-21.26	0.671246
-21.27	0.671196
-21.28	0.671147
-21.29	0.671097
-21.3	0.671048
-21.31	0.670998
-21.32	0.670949
-21.33	0.670899
-21.34	0.67085
-21.35	0.670801
-21.36	0.670752
-21.37	0.670702
-21.38	0.670653
-21.39	0.670604
-21.4	0.670555
-21.41	0.670506
-21.42	0.670457
-21.43	0.670409
-21.44	0.67036
-21.45	0.670311
-21.46	0.670262
-21.47	0.670214
-21.48	0.670165
-21.49	0.670117
-21.5	0.670068
-21.51	0.67002
-21.52	0.669971
-21.53	0.669923
-21.54	0.669875
-21.55	0.669827
-21.56	0.669779
-21.57	0.66973
-21.58	0.669682
-21.59	0.669634
-21.6	0.669586
-21.61	0.669538
-21.62	0.669491
-21.63	0.669443
-21.64	0.669395
-21.65	0.669347
-21.66	0.6693
-21.67	0.669252
-21.68	0.669205
-21.69	0.669157
-21.7	0.66911
-21.71	0.669062
-21.72	0.669015
-21.73	0.668967
-21.74	0.66892
-21.75	0.668873
-21.76	0.668826
-21.77	0.668779
-21.78	0.668732
-21.79	0.668685
-21.8	0.668638
-21.81	0.668591
-21.82	0.668544
-21.83	0.668497
-21.84	0.66845
-21.85	0.668404
-21.86	0.668357
-21.87	0.66831
-21.88	0.668264
-21.89	0.668217
-21.9	0.668171
-21.91	0.668124
-21.92	0.668078
-21.93	0.668032
-21.94	0.667985
-21.95	0.667939
-21.96	0.667893
-21.97	0.667847
-21.98	0.667801
-21.99	0.667754
-22	0.667709
-22.01	0.667663
-22.02	0.667617
-22.03	0.667571
-22.04	0.667525
-22.05	0.667479
-22.06	0.667433
-22.07	0.667388
-22.08	0.667342
-22.09	0.667297
-22.1	0.667251
-22.11	0.667206
-22.12	0.66716
-22.13	0.667115
-22.14	0.667069
-22.15	0.667024
-22.16	0.666979
-22.17	0.666934
-22.18	0.666888
-22.19	0.666843
-22.2	0.666798
-22.21	0.666753
-22.22	0.666708
-22.23	0.666663
-22.24	0.666618
-22.25	0.666574
-22.26	0.666529
-22.27	0.666484
-22.28	0.666439
-22.29	0.666395
-22.3	0.66635
-22.31	0.666305
-22.32	0.666261
-22.33	0.666216
-22.34	0.666172
-22.35	0.666128
-22.36	0.666083
-22.37	0.666039
-22.38	0.665995
-22.39	0.665951
-22.4	0.665906
-22.41	0.665862
-22.42	0.665818
-22.43	0.665774
-22.44	0.66573
-22.45	0.665686
-22.46	0.665642
-22.47	0.665598
-22.48	0.665555
-22.49	0.665511
-22.5	0.665467
-22.51	0.665423
-22.52	0.66538
-22.53	0.665336
-22.54	0.665293
-22.55	0.665249
-22.56	0.665206
-22.57	0.665162
-22.58	0.665119
-22.59	0.665076
-22.6	0.665032
-22.61	0.664989
-22.62	0.664946
-22.63	0.664903
-22.64	0.66486
-22.65	0.664816
-22.66	0.664773
-22.67	0.66473
-22.68	0.664688
-22.69	0.664645
-22.7	0.664602
-22.71	0.664559
-22.72	0.664516
-22.73	0.664473
-22.74	0.664431
-22.75	0.664388
-22.76	0.664346
-22.77	0.664303
-22.78	0.66426
-22.79	0.664218
-22.8	0.664176
-22.81	0.664133
-22.82	0.664091
-22.83	0.664048
-22.84	0.664006
-22.85	0.663964
-22.86	0.663922
-22.87	0.66388
-22.88	0.663838
-22.89	0.663796
-22.9	0.663754
-22.91	0.663711
-22.92	0.66367
-22.93	0.663628
-22.94	0.663586
-22.95	0.663544
-22.96	0.663502
-22.97	0.66346
-22.98	0.663419
-22.99	0.663377
-23	0.663336
-23.01	0.663294
-23.02	0.663252
-23.03	0.663211
-23.04	0.66317
-23.05	0.663128
-23.06	0.663087
-23.07	0.663045
-23.08	0.663004
-23.09	0.662963
-23.1	0.662922
-23.11	0.662881
-23.12	0.662839
-23.13	0.662798
-23.14	0.662757
-23.15	0.662716
-23.16	0.662675
-23.17	0.662634
-23.18	0.662594
-23.19	0.662553
-23.2	0.662512
-23.21	0.662471
-23.22	0.66243
-23.23	0.66239
-23.24	0.662349
-23.25	0.662308
-23.26	0.662268
-23.27	0.662227
-23.28	0.662187
-23.29	0.662146
-23.3	0.662106
-23.31	0.662066
-23.32	0.662025
-23.33	0.661985
-23.34	0.661945
-23.35	0.661905
-23.36	0.661864
-23.37	0.661824
-23.38	0.661784
-23.39	0.661744
-23.4	0.661704
-23.41	0.661664
-23.42	0.661624
-23.43	0.661584
-23.44	0.661544
-23.45	0.661504
-23.46	0.661465
-23.47	0.661425
-23.48	0.661385
-23.49	0.661346
-23.5	0.661306
-23.51	0.661266
-23.52	0.661227
-23.53	0.661187
-23.54	0.661148
-23.55	0.661108
-23.56	0.661069
-23.57	0.661029
-23.58	0.66099
-23.59	0.660951
-23.6	0.660912
-23.61	0.660872
-23.62	0.660833
-23.63	0.660794
-23.64	0.660755
-23.65	0.660716
-23.66	0.660677
-23.67	0.660638
-23.68	0.660599
-23.69	0.66056
-23.7	0.660521
-23.71	0.660482
-23.72	0.660443
-23.73	0.660404
-23.74	0.660366
-23.75	0.660327
-23.76	0.660288
-23.77	0.66025
-23.78	0.660211
-23.79	0.660173
-23.8	0.660134
-23.81	0.660096
-23.82	0.660057
-23.83	0.660019
-23.84	0.65998
-23.85	0.659942
-23.86	0.659904
-23.87	0.659865
-23.88	0.659827
-23.89	0.659789
-23.9	0.659751
-23.91	0.659713
-23.92	0.659674
-23.93	0.659636
-23.94	0.659598
-23.95	0.65956
-23.96	0.659522
-23.97	0.659485
-23.98	0.659447
-23.99	0.659409
-24	0.659371
-24.01	0.659333
-24.02	0.659295
-24.03	0.659258
-24.04	0.65922
-24.05	0.659182
-24.06	0.659145
-24.07	0.659107
-24.08	0.65907
-24.09	0.659032
-24.1	0.658995
-24.11	0.658957
-24.12	0.65892
-24.13	0.658883
-24.14	0.658845
-24.15	0.658808
-24.16	0.658771
-24.17	0.658733
-24.18	0.658696
-24.19	0.658659
-24.2	0.658622
-24.21	0.658585
-24.22	0.658548
-24.23	0.658511
-24.24	0.658474
-24.25	0.658437
-24.26	0.6584
-24.27	0.658363
-24.28	0.658326
-24.29	0.65829
-24.3	0.658253
-24.31	0.658216
-24.32	0.658179
-24.33	0.658143
-24.34	0.658106
-24.35	0.658069
-24.36	0.658033
-24.37	0.657996
-24.38	0.65796
-24.39	0.657923
-24.4	0.657887
-24.41	0.657851
-24.42	0.657814
-24.43	0.657778
-24.44	0.657741
-24.45	0.657705
-24.46	0.657669
-24.47	0.657633
-24.48	0.657597
-24.49	0.65756
-24.5	0.657524
-24.51	0.657488
-24.52	0.657452
-24.53	0.657416
-24.54	0.65738
-24.55	0.657344
-24.56	0.657308
-24.57	0.657273
-24.58	0.657237
-24.59	0.657201
-24.6	0.657165
-24.61	0.657129
-24.62	0.657094
-24.63	0.657058
-24.64	0.657022
-24.65	0.656987
-24.66	0.656951
-24.67	0.656916
-24.68	0.65688
-24.69	0.656844
-24.7	0.656809
-24.71	0.656774
-24.72	0.656738
-24.73	0.656703
-24.74	0.656668
-24.75	0.656632
-24.76	0.656597
-24.77	0.656562
-24.78	0.656527
-24.79	0.656491
-24.8	0.656456
-24.81	0.656421
-24.82	0.656386
-24.83	0.656351
-24.84	0.656316
-24.85	0.656281
-24.86	0.656246
-24.87	0.656211
-24.88	0.656176
-24.89	0.656141
-24.9	0.656107
-24.91	0.656072
-24.92	0.656037
-24.93	0.656002
-24.94	0.655968
-24.95	0.655933
-24.96	0.655898
-24.97	0.655864
-24.98	0.655829
-24.99	0.655795
-25	0.65576
-25.01	0.655726
-25.02	0.655691
-25.03	0.655657
-25.04	0.655622
-25.05	0.655588
-25.06	0.655554
-25.07	0.655519
-25.08	0.655485
-25.09	0.655451
-25.1	0.655417
-25.11	0.655382
-25.12	0.655348
-25.13	0.655314
-25.14	0.65528
-25.15	0.655246
-25.16	0.655212
-25.17	0.655178
-25.18	0.655144
-25.19	0.65511
-25.2	0.655076
-25.21	0.655042
-25.22	0.655009
-25.23	0.654975
-25.24	0.654941
-25.25	0.654907
-25.26	0.654873
-25.27	0.65484
-25.28	0.654806
-25.29	0.654772
-25.3	0.654739
-25.31	0.654705
-25.32	0.654672
-25.33	0.654638
-25.34	0.654605
-25.35	0.654571
-25.36	0.654538
-25.37	0.654504
-25.38	0.654471
-25.39	0.654438
-25.4	0.654404
-25.41	0.654371
-25.42	0.654338
-25.43	0.654305
-25.44	0.654271
-25.45	0.654238
-25.46	0.654205
-25.47	0.654172
-25.48	0.654139
-25.49	0.654106
-25.5	0.654073
-25.51	0.65404
-25.52	0.654007
-25.53	0.653974
-25.54	0.653941
-25.55	0.653908
-25.56	0.653875
-25.57	0.653843
-25.58	0.65381
-25.59	0.653777
-25.6	0.653744
-25.61	0.653711
-25.62	0.653679
-25.63	0.653646
-25.64	0.653614
-25.65	0.653581
-25.66	0.653548
-25.67	0.653516
-25.68	0.653483
-25.69	0.653451
-25.7	0.653418
-25.71	0.653386
-25.72	0.653354
-25.73	0.653321
-25.74	0.653289
-25.75	0.653257
-25.76	0.653224
-25.77	0.653192
-25.78	0.65316
-25.79	0.653128
-25.8	0.653095
-25.81	0.653063
-25.82	0.653031
-25.83	0.652999
-25.84	0.652967
-25.85	0.652935
-25.86	0.652903
-25.87	0.652871
-25.88	0.652839
-25.89	0.652807
-25.9	0.652775
-25.91	0.652743
-25.92	0.652711
-25.93	0.65268
-25.94	0.652648
-25.95	0.652616
-25.96	0.652584
-25.97	0.652553
-25.98	0.652521
-25.99	0.652489
-26	0.652458
-26.01	0.652426
-26.02	0.652395
-26.03	0.652363
-26.04	0.652331
-26.05	0.6523
-26.06	0.652268
-26.07	0.652237
-26.08	0.652206
-26.09	0.652174
-26.1	0.652143
-26.11	0.652112
-26.12	0.65208
-26.13	0.652049
-26.14	0.652018
-26.15	0.651986
-26.16	0.651955
-26.17	0.651924
-26.18	0.651893
-26.19	0.651862
-26.2	0.651831
-26.21	0.6518
-26.22	0.651769
-26.23	0.651738
-26.24	0.651707
-26.25	0.651676
-26.26	0.651645
-26.27	0.651614
-26.28	0.651583
-26.29	0.651552
-26.3	0.651521
-26.31	0.651491
-26.32	0.65146
-26.33	0.651429
-26.34	0.651398
-26.35	0.651368
-26.36	0.651337
-26.37	0.651306
-26.38	0.651276
-26.39	0.651245
-26.4	0.651214
-26.41	0.651184
-26.42	0.651153
-26.43	0.651123
-26.44	0.651092
-26.45	0.651062
-26.46	0.651031
-26.47	0.651001
-26.48	0.650971
-26.49	0.65094
-26.5	0.65091
-26.51	0.65088
-26.52	0.65085
-26.53	0.650819
-26.54	0.650789
-26.55	0.650759
-26.56	0.650729
-26.57	0.650699
-26.58	0.650668
-26.59	0.650638
-26.6	0.650608
-26.61	0.650578
-26.62	0.650548
-26.63	0.650518
-26.64	0.650488
-26.65	0.650458
-26.66	0.650428
-26.67	0.650399
-26.68	0.650369
-26.69	0.650339
-26.7	0.650309
-26.71	0.650279
-26.72	0.650249
-26.73	0.65022
-26.74	0.65019
-26.75	0.65016
-26.76	0.650131
-26.77	0.650101
-26.78	0.650071
-26.79	0.650042
-26.8	0.650012
-26.81	0.649983
-26.82	0.649953
-26.83	0.649924
-26.84	0.649894
-26.85	0.649865
-26.86	0.649835
-26.87	0.649806
-26.88	0.649777
-26.89	0.649747
-26.9	0.649718
-26.91	0.649689
-26.92	0.649659
-26.93	0.64963
-26.94	0.649601
-26.95	0.649572
-26.96	0.649542
-26.97	0.649513
-26.98	0.649484
-26.99	0.649455
-27	0.649426
-27.01	0.649397
-27.02	0.649368
-27.03	0.649339
-27.04	0.64931
-27.05	0.649281
-27.06	0.649252
-27.07	0.649223
-27.08	0.649194
-27.09	0.649165
-27.1	0.649136
-27.11	0.649107
-27.12	0.649079
-27.13	0.64905
-27.14	0.649021
-27.15	0.648992
-27.16	0.648964
-27.17	0.648935
-27.18	0.648906
-27.19	0.648878
-27.2	0.648849
-27.21	0.64882
-27.22	0.648792
-27.23	0.648763
-27.24	0.648735
-27.25	0.648706
-27.26	0.648678
-27.27	0.648649
-27.28	0.648621
-27.29	0.648593
-27.3	0.648564
-27.31	0.648536
-27.32	0.648507
-27.33	0.648479
-27.34	0.648451
-27.35	0.648423
-27.36	0.648394
-27.37	0.648366
-27.38	0.648338
-27.39	0.64831
-27.4	0.648282
-27.41	0.648253
-27.42	0.648225
-27.43	0.648197
-27.44	0.648169
-27.45	0.648141
-27.46	0.648113
-27.47	0.648085
-27.48	0.648057
-27.49	0.648029
-27.5	0.648001
-27.51	0.647973
-27.52	0.647945
-27.53	0.647918
-27.54	0.64789
-27.55	0.647862
-27.56	0.647834
-27.57	0.647806
-27.58	0.647779
-27.59	0.647751
-27.6	0.647723
-27.61	0.647695
-27.62	0.647668
-27.63	0.64764
-27.64	0.647613
-27.65	0.647585
-27.66	0.647557
-27.67	0.64753
-27.68	0.647502
-27.69	0.647475
-27.7	0.647447
-27.71	0.64742
-27.72	0.647392
-27.73	0.647365
-27.74	0.647338
-27.75	0.64731
-27.76	0.647283
-27.77	0.647255
-27.78	0.647228
-27.79	0.647201
-27.8	0.647174
-27.81	0.647146
-27.82	0.647119
-27.83	0.647092
-27.84	0.647065
-27.85	0.647038
-27.86	0.64701
-27.87	0.646983
-27.88	0.646956
-27.89	0.646929
-27.9	0.646902
-27.91	0.646875
-27.92	0.646848
-27.93	0.646821
-27.94	0.646794
-27.95	0.646767
-27.96	0.64674
-27.97	0.646713
-27.98	0.646686
-27.99	0.64666
-28	0.646633
-28.01	0.646606
-28.02	0.646579
-28.03	0.646552
-28.04	0.646526
-28.05	0.646499
-28.06	0.646472
-28.07	0.646445
-28.08	0.646419
-28.09	0.646392
-28.1	0.646365
-28.11	0.646339
-28.12	0.646312
-28.13	0.646286
-28.14	0.646259
-28.15	0.646233
-28.16	0.646206
-28.17	0.64618
-28.18	0.646153
-28.19	0.646127
-28.2	0.6461
-28.21	0.646074
-28.22	0.646047
-28.23	0.646021
-28.24	0.645995
-28.25	0.645968
-28.26	0.645942
-28.27	0.645916
-28.28	0.64589
-28.29	0.645863
-28.3	0.645837
-28.31	0.645811
-28.32	0.645785
-28.33	0.645759
-28.34	0.645732
-28.35	0.645706
-28.36	0.64568
-28.37	0.645654
-28.38	0.645628
-28.39	0.645602
-28.4	0.645576
-28.41	0.64555
-28.42	0.645524
-28.43	0.645498
-28.44	0.645472
-28.45	0.645446
-28.46	0.64542
-28.47	0.645395
-28.48	0.645369
-28.49	0.645343
-28.5	0.645317
-28.51	0.645291
-28.52	0.645265
-28.53	0.64524
-28.54	0.645214
-28.55	0.645188
-28.56	0.645163
-28.57	0.645137
-28.58	0.645111
-28.59	0.645086
-28.6	0.64506
-28.61	0.645034
-28.62	0.645009
-28.63	0.644983
-28.64	0.644958
-28.65	0.644932
-28.66	0.644907
-28.67	0.644881
-28.68	0.644856
-28.69	0.64483
-28.7	0.644805
-28.71	0.644779
-28.72	0.644754
-28.73	0.644729
-28.74	0.644703
-28.75	0.644678
-28.76	0.644653
-28.77	0.644627
-28.78	0.644602
-28.79	0.644577
-28.8	0.644552
-28.81	0.644526
-28.82	0.644501
-28.83	0.644476
-28.84	0.644451
-28.85	0.644426
-28.86	0.644401
-28.87	0.644376
-28.88	0.644351
-28.89	0.644325
-28.9	0.6443
-28.91	0.644275
-28.92	0.64425
-28.93	0.644225
-28.94	0.644201
-28.95	0.644176
-28.96	0.644151
-28.97	0.644126
-28.98	0.644101
-28.99	0.644076
-29	0.644051
-29.01	0.644026
-29.02	0.644001
-29.03	0.643977
-29.04	0.643952
-29.05	0.643927
-29.06	0.643902
-29.07	0.643878
-29.08	0.643853
-29.09	0.643828
-29.1	0.643804
-29.11	0.643779
-29.12	0.643754
-29.13	0.64373
-29.14	0.643705
-29.15	0.643681
-29.16	0.643656
-29.17	0.643632
-29.18	0.643607
-29.19	0.643583
-29.2	0.643558
-29.21	0.643534
-29.22	0.643509
-29.23	0.643485
-29.24	0.64346
-29.25	0.643436
-29.26	0.643412
-29.27	0.643387
-29.28	0.643363
-29.29	0.643339
-29.3	0.643314
-29.31	0.64329
-29.32	0.643266
-29.33	0.643242
-29.34	0.643217
-29.35	0.643193
-29.36	0.643169
-29.37	0.643145
-29.38	0.643121
-29.39	0.643097
-29.4	0.643072
-29.41	0.643048
-29.42	0.643024
-29.43	0.643
-29.44	0.642976
-29.45	0.642952
-29.46	0.642928
-29.47	0.642904
-29.48	0.64288
-29.49	0.642856
-29.5	0.642832
-29.51	0.642808
-29.52	0.642784
-29.53	0.642761
-29.54	0.642737
-29.55	0.642713
-29.56	0.642689
-29.57	0.642665
-29.58	0.642641
-29.59	0.642618
-29.6	0.642594
-29.61	0.64257
-29.62	0.642546
-29.63	0.642523
-29.64	0.642499
-29.65	0.642475
-29.66	0.642452
-29.67	0.642428
-29.68	0.642404
-29.69	0.642381
-29.7	0.642357
-29.71	0.642334
-29.72	0.64231
-29.73	0.642287
-29.74	0.642263
-29.75	0.64224
-29.76	0.642216
-29.77	0.642193
-29.78	0.642169
-29.79	0.642146
-29.8	0.642122
-29.81	0.642099
-29.82	0.642076
-29.83	0.642052
-29.84	0.642029
-29.85	0.642006
-29.86	0.641982
-29.87	0.641959
-29.88	0.641936
-29.89	0.641913
-29.9	0.641889
-29.91	0.641866
-29.92	0.641843
-29.93	0.64182
-29.94	0.641797
-29.95	0.641773
-29.96	0.64175
-29.97	0.641727
-29.98	0.641704
-29.99	0.641681
-30	0.641658
