x	y
30	0.637715
29.99	0.637738
29.98	0.637761
29.97	0.637784
29.96	0.637807
29.95	0.63783
29.94	0.637852
29.93	0.637875
29.92	0.637898
29.91	0.637921
29.9	0.637944
29.89	0.637967
29.88	0.63799
29.87	0.638013
29.86	0.638036
29.85	0.638059
29.84	0.638082
29.83	0.638106
29.82	0.638129
29.81	0.638152
29.8	0.638175
29.79	0.638198
29.78	0.638221
29.77	0.638244
29.76	0.638268
29.75	0.638291
29.74	0.638314
29.73	0.638337
29.72	0.638361
29.71	0.638384
29.7	0.638407
29.69	0.638431
29.68	0.638454
29.67	0.638477
29.66	0.638501
29.65	0.638524
29.64	0.638547
29.63	0.638571
29.62	0.638594
29.61	0.638618
29.6	0.638641
29.59	0.638665
29.58	0.638688
29.57	0.638712
29.56	0.638735
29.55	0.638759
29.54	0.638783
29.53	0.638806
29.52	0.63883
29.51	0.638853
29.5	0.638877
29.49	0.638901
29.48	0.638924
29.47	0.638948
29.46	0.638972
29.45	0.638996
29.44	0.639019
29.43	0.639043
29.42	0.639067
29.41	0.639091
29.4	0.639114
29.39	0.639138
29.38	0.639162
29.37	0.639186
29.36	0.63921
29.35	0.639234
29.34	0.639258
29.33	0.639282
29.32	0.639306
29.31	0.63933
29.3	0.639354
29.29	0.639378
29.28	0.639402
29.27	0.639426
29.26	0.63945
29.25	0.639474
29.24	0.639498
29.23	0.639522
29.22	0.639547
29.21	0.639571
29.2	0.639595
29.19	0.639619
29.18	0.639643
29.17	0.639668
29.16	0.639692
29.15	0.639716
29.14	0.63974
29.13	0.639765
29.12	0.639789
29.11	0.639813
29.1	0.639838
29.09	0.639862
29.08	0.639887
29.07	0.639911
29.06	0.639936
29.05	0.63996
29.04	0.639984
29.03	0.640009
29.02	0.640034
29.01	0.640058
29	0.640083
28.99	0.640107
28.98	0.640132
28.97	0.640156
28.96	0.640181
28.95	0.640206
28.94	0.64023
28.93	0.640255
28.92	0.64028
28.91	0.640305
28.9	0.640329
28.89	0.640354
28.88	0.640379
28.87	0.640404
28.86	0.640428
28.85	0.640453
28.84	0.640478
28.83	0.640503
28.82	0.640528
28.81	0.640553
28.8	0.640578
28.79	0.640603
28.78	0.640628
28.77	0.640653
28.76	0.640678
28.75	0.640703
28.74	0.640728
28.73	0.640753
28.72	0.640778
28.71	0.640803
28.7	0.640828
28.69	0.640853
28.68	0.640878
28.67	0.640904
28.66	0.640929
28.65	0.640954
28.64	0.640979
28.63	0.641005
28.62	0.64103
28.61	0.641055
28.6	0.641081
28.59	0.641106
28.58	0.641131
28.57	0.641157
28.56	0.641182
28.55	0.641207
28.54	0.641233
28.53	0.641258
28.52	0.641284
28.51	0.641309
28.5	0.641335
28.49	0.64136
28.48	0.641386
28.47	0.641411
28.46	0.641437
28.45	0.641463
28.44	0.641488
28.43	0.641514
28.42	0.64154
28.41	0.641565
28.4	0.641591
28.39	0.641617
28.38	0.641643
28.37	0.641668
28.36	0.641694
28.35	0.64172
28.34	0.641746
28.33	0.641772
28.32	0.641797
28.31	0.641823
28.3	0.641849
28.29	0.641875
28.28	0.641901
28.27	0.641927
28.26	0.641953
28.25	0.641979
28.24	0.642005
28.23	0.642031
28.22	0.642057
28.21	0.642083
28.2	0.64211
28.19	0.642136
28.18	0.642162
28.17	0.642188
28.16	0.642214
28.15	0.64224
28.14	0.642267
28.13	0.642293
28.12	0.642319
28.11	0.642346
28.1	0.642372
28.09	0.642398
28.08	0.642425
28.07	0.642451
28.06	0.642477
28.05	0.642504
28.04	0.64253
28.03	0.642557
28.02	0.642583
28.01	0.64261
28	0.642636
27.99	0.642663
27.98	0.642689
27.97	0.642716
27.96	0.642743
27.95	0.642769
27.94	0.642796
27.93	0.642823
27.92	0.642849
27.91	0.642876
27.9	0.642903
27.89	0.642929
27.88	0.642956
27.87	0.642983
27.86	0.64301
27.85	0.643037
27.84	0.643064
27.83	0.643091
27.82	0.643117
27.81	0.643144
27.8	0.643171
27.79	0.643198
27.78	0.643225
27.77	0.643252
27.76	0.643279
27.75	0.643306
27.74	0.643333
27.73	0.643361
27.72	0.643388
27.71	0.643415
27.7	0.643442
27.69	0.643469
27.68	0.643496
27.67	0.643524
27.66	0.643551
27.65	0.643578
27.64	0.643606
27.63	0.643633
27.62	0.64366
27.61	0.643688
27.6	0.643715
27.59	0.643742
27.58	0.64377
27.57	0.643797
27.56	0.643825
27.55	0.643852
27.54	0.64388
27.53	0.643907
27.52	0.643935
27.51	0.643962
27.5	0.64399
27.49	0.644018
27.48	0.644045
27.47	0.644073
27.46	0.644101
27.45	0.644128
27.44	0.644156
27.43	0.644184
27.42	0.644212
27.41	0.644239
27.4	0.644267
27.39	0.644295
27.38	0.644323
27.37	0.644351
27.36	0.644379
27.35	0.644407
27.34	0.644435
27.33	0.644463
27.32	0.644491
27.31	0.644519
27.3	0.644547
27.29	0.644575
27.28	0.644603
27.27	0.644631
27.26	0.644659
27.25	0.644687
27.24	0.644716
27.23	0.644744
27.22	0.644772
27.21	0.6448
27.2	0.644829
27.19	0.644857
27.18	0.644885
27.17	0.644914
27.16	0.644942
27.15	0.64497
27.14	0.644999
27.13	0.645027
27.12	0.645056
27.11	0.645084
27.1	0.645113
27.09	0.645141
27.08	0.64517
27.07	0.645198
27.06	0.645227
27.05	0.645256
27.04	0.645284
27.03	0.645313
27.02	0.645342
27.01	0.64537
27	0.645399
26.99	0.645428
26.98	0.645457
26.97	0.645486
26.96	0.645514
26.95	0.645543
26.94	0.645572
26.93	0.645601
26.92	0.64563
26.91	0.645659
26.9	0.645688
26.89	0.645717
26.88	0.645746
26.87	0.645775
26.86	0.645804
26.85	0.645833
26.84	0.645862
26.83	0.645891
26.82	0.645921
26.81	0.64595
26.8	0.645979
26.79	0.646008
26.78	0.646038
26.77	0.646067
26.76	0.646096
26.75	0.646126
26.74	0.646155
26.73	0.646184
26.72	0.646214
26.71	0.646243
26.7	0.646273
26.69	0.646302
26.68	0.646332
26.67	0.646361
26.66	0.646391
26.65	0.64642
26.64	0.64645
26.63	0.64648
26.62	0.646509
26.61	0.646539
26.6	0.646569
26.59	0.646598
26.58	0.646628
26.57	0.646658
26.56	0.646688
26.55	0.646718
26.54	0.646747
26.53	0.646777
26.52	0.646807
26.51	0.646837
26.5	0.646867
26.49	0.646897
26.48	0.646927
26.47	0.646957
26.46	0.646987
26.45	0.647017
26.44	0.647047
26.43	0.647078
26.42	0.647108
26.41	0.647138
26.4	0.647168
26.39	0.647198
26.38	0.647229
26.37	0.647259
26.36	0.647289
26.35	0.64732
26.34	0.64735
26.33	0.64738
26.32	0.647411
26.31	0.647441
26.3	0.647472
26.29	0.647502
26.28	0.647533
26.27	0.647563
26.26	0.647594
26.25	0.647624
26.24	0.647655
26.23	0.647686
26.22	0.647716
26.21	0.647747
26.2	0.647778
26.19	0.647809
26.18	0.647839
26.17	0.64787
26.16	0.647901
26.15	0.647932
26.14	0.647963
26.13	0.647994
26.12	0.648025
26.11	0.648056
26.1	0.648087
26.09	0.648118
26.08	0.648149
26.07	0.64818
26.06	0.648211
26.05	0.648242
26.04	0.648273
26.03	0.648304
26.02	0.648335
26.01	0.648367
26	0.648398
25.99	0.648429
25.98	0.648461
25.97	0.648492
25.96	0.648523
25.95	0.648555
25.94	0.648586
25.93	0.648617
25.92	0.648649
25.91	0.64868
25.9	0.648712
25.89	0.648744
25.88	0.648775
25.87	0.648807
25.86	0.648838
25.85	0.64887
25.84	0.648902
25.83	0.648933
25.82	0.648965
25.81	0.648997
25.8	0.649029
25.79	0.64906
25.78	0.649092
25.77	0.649124
25.76	0.649156
25.75	0.649188
25.74	0.64922
25.73	0.649252
25.72	0.649284
25.71	0.649316
25.7	0.649348
25.69	0.64938
25.68	0.649412
25.67	0.649445
25.66	0.649477
25.65	0.649509
25.64	0.649541
25.63	0.649573
25.62	0.649606
25.61	0.649638
25.6	0.64967
25.59	0.649703
25.58	0.649735
25.57	0.649768
25.56	0.6498
25.55	0.649833
25.54	0.649865
25.53	0.649898
25.52	0.64993
25.51	0.649963
25.5	0.649995
25.49	0.650028
25.48	0.650061
25.47	0.650093
25.46	0.650126
25.45	0.650159
25.44	0.650192
25.43	0.650225
25.42	0.650258
25.41	0.65029
25.4	0.650323
25.39	0.650356
25.38	0.650389
25.37	0.650422
25.36	0.650455
25.35	0.650488
25.34	0.650521
25.33	0.650555
25.32	0.650588
25.31	0.650621
25.3	0.650654
25.29	0.650687
25.28	0.650721
25.27	0.650754
25.26	0.650787
25.25	0.650821
25.24	0.650854
25.23	0.650887
25.22	0.650921
25.21	0.650954
25.2	0.650988
25.19	0.651021
25.18	0.651055
25.17	0.651089
25.16	0.651122
25.15	0.651156
25.14	0.65119
25.13	0.651223
25.12	0.651257
25.11	0.651291
25.1	0.651325
25.09	0.651358
25.08	0.651392
25.07	0.651426
25.06	0.65146
25.05	0.651494
25.04	0.651528
25.03	0.651562
25.02	0.651596
25.01	0.65163
25	0.651664
24.99	0.651698
24.98	0.651733
24.97	0.651767
24.96	0.651801
24.95	0.651835
24.94	0.65187
24.93	0.651904
24.92	0.651938
24.91	0.651973
24.9	0.652007
24.89	0.652041
24.88	0.652076
24.87	0.65211
24.86	0.652145
24.85	0.652179
24.84	0.652214
24.83	0.652249
24.82	0.652283
24.81	0.652318
24.8	0.652353
24.79	0.652388
24.78	0.652422
24.77	0.652457
24.76	0.652492
24.75	0.652527
24.74	0.652562
24.73	0.652597
24.72	0.652632
24.71	0.652667
24.7	0.652702
24.69	0.652737
24.68	0.652772
24.67	0.652807
24.66	0.652842
24.65	0.652877
24.64	0.652913
24.63	0.652948
24.62	0.652983
24.61	0.653018
24.6	0.653054
24.59	0.653089
24.58	0.653125
24.57	0.65316
24.56	0.653196
24.55	0.653231
24.54	0.653267
24.53	0.653302
24.52	0.653338
24.51	0.653373
24.5	0.653409
24.49	0.653445
24.48	0.653481
24.47	0.653516
24.46	0.653552
24.45	0.653588
24.44	0.653624
24.43	0.65366
24.42	0.653696
24.41	0.653732
24.4	0.653768
24.39	0.653804
24.38	0.65384
24.37	0.653876
24.36	0.653912
24.35	0.653948
24.34	0.653984
24.33	0.654021
24.32	0.654057
24.31	0.654093
24.3	0.65413
24.29	0.654166
24.28	0.654202
24.27	0.654239
24.26	0.654275
24.25	0.654312
24.24	0.654348
24.23	0.654385
24.22	0.654422
24.21	0.654458
24.2	0.654495
24.19	0.654532
24.18	0.654568
24.17	0.654605
24.16	0.654642
24.15	0.654679
24.14	0.654716
24.13	0.654752
24.12	0.654789
24.11	0.654826
24.1	0.654863
24.09	0.6549
24.08	0.654938
24.07	0.654975
24.06	0.655012
24.05	0.655049
24.04	0.655086
24.03	0.655124
24.02	0.655161
24.01	0.655198
24	0.655236
23.99	0.655273
23.98	0.65531
23.97	0.655348
23.96	0.655385
23.95	0.655423
23.94	0.65546
23.93	0.655498
23.92	0.655536
23.91	0.655573
23.9	0.655611
23.89	0.655649
23.88	0.655687
23.87	0.655724
23.86	0.655762
23.85	0.6558
23.84	0.655838
23.83	0.655876
23.82	0.655914
23.81	0.655952
23.8	0.65599
23.79	0.656028
23.78	0.656066
23.77	0.656105
23.76	0.656143
23.75	0.656181
23.74	0.656219
23.73	0.656258
23.72	0.656296
23.71	0.656334
23.7	0.656373
23.69	0.656411
23.68	0.65645
23.67	0.656488
23.66	0.656527
23.65	0.656566
23.64	0.656604
23.63	0.656643
23.62	0.656682
23.61	0.65672
23.6	0.656759
23.59	0.656798
23.58	0.656837
23.57	0.656876
23.56	0.656915
23.55	0.656954
23.54	0.656993
23.53	0.657032
23.52	0.657071
23.51	0.65711
23.5	0.657149
23.49	0.657188
23.48	0.657228
23.47	0.657267
23.46	0.657306
23.45	0.657346
23.44	0.657385
23.43	0.657424
23.42	0.657464
23.41	0.657503
23.4	0.657543
23.39	0.657583
23.38	0.657622
23.37	0.657662
23.36	0.657701
23.35	0.657741
23.34	0.657781
23.33	0.657821
23.32	0.657861
23.31	0.657901
23.3	0.65794
23.29	0.65798
23.28	0.65802
23.27	0.65806
23.26	0.658101
23.25	0.658141
23.24	0.658181
23.23	0.658221
23.22	0.658261
23.21	0.658302
23.2	0.658342
23.19	0.658382
23.18	0.658423
23.17	0.658463
23.16	0.658504
23.15	0.658544
23.14	0.658585
23.13	0.658625
23.12	0.658666
23.11	0.658706
23.1	0.658747
23.09	0.658788
23.08	0.658829
23.07	0.65887
23.06	0.65891
23.05	0.658951
23.04	0.658992
23.03	0.659033
23.02	0.659074
23.01	0.659115
23	0.659157
22.99	0.659198
22.98	0.659239
22.97	0.65928
22.96	0.659321
22.95	0.659363
22.94	0.659404
22.93	0.659445
22.92	0.659487
22.91	0.659528
22.9	0.65957
22.89	0.659611
22.88	0.659653
22.87	0.659695
22.86	0.659736
22.85	0.659778
22.84	0.65982
22.83	0.659862
22.82	0.659903
22.81	0.659945
22.8	0.659987
22.79	0.660029
22.78	0.660071
22.77	0.660113
22.76	0.660155
22.75	0.660197
22.74	0.66024
22.73	0.660282
22.72	0.660324
22.71	0.660366
22.7	0.660409
22.69	0.660451
22.68	0.660494
22.67	0.660536
22.66	0.660579
22.65	0.660621
22.64	0.660664
22.63	0.660706
22.62	0.660749
22.61	0.660792
22.6	0.660834
22.59	0.660877
22.58	0.66092
22.57	0.660963
22.56	0.661006
22.55	0.661049
22.54	0.661092
22.53	0.661135
22.52	0.661178
22.51	0.661221
22.5	0.661265
22.49	0.661308
22.48	0.661351
22.47	0.661394
22.46	0.661438
22.45	0.661481
22.44	0.661525
22.43	0.661568
22.42	0.661612
22.41	0.661655
22.4	0.661699
22.39	0.661743
22.38	0.661786
22.37	0.66183
22.36	0.661874
22.35	0.661918
22.34	0.661962
22.33	0.662006
22.32	0.66205
22.31	0.662094
22.3	0.662138
22.29	0.662182
22.28	0.662226
22.27	0.66227
22.26	0.662314
22.25	0.662359
22.24	0.662403
22.23	0.662448
22.22	0.662492
22.21	0.662536
22.2	0.662581
22.19	0.662625
22.18	0.66267
22.17	0.662715
22.16	0.662759
22.15	0.662804
22.14	0.662849
22.13	0.662894
22.12	0.662939
22.11	0.662984
22.1	0.663029
22.09	0.663074
22.08	0.663119
22.07	0.663164
22.06	0.663209
22.05	0.663254
22.04	0.6633
22.03	0.663345
22.02	0.66339
22.01	0.663436
22	0.663481
21.99	0.663527
21.98	0.663572
21.97	0.663618
21.96	0.663663
21.95	0.663709
21.94	0.663755
21.93	0.663801
21.92	0.663846
21.91	0.663892
21.9	0.663938
21.89	0.663984
21.88	0.66403
21.87	0.664076
21.86	0.664122
21.85	0.664168
21.84	0.664215
21.83	0.664261
21.82	0.664307
21.81	0.664354
21.8	0.6644
21.79	0.664446
21.78	0.664493
21.77	0.66454
21.76	0.664586
21.75	0.664633
21.74	0.664679
21.73	0.664726
21.72	0.664773
21.71	0.66482
21.7	0.664867
21.69	0.664914
21.68	0.664961
21.67	0.665008
21.66	0.665055
21.65	0.665102
21.64	0.665149
21.63	0.665196
21.62	0.665244
21.61	0.665291
21.6	0.665338
21.59	0.665386
21.58	0.665433
21.57	0.665481
21.56	0.665528
21.55	0.665576
21.54	0.665624
21.53	0.665671
21.52	0.665719
21.51	0.665767
21.5	0.665815
21.49	0.665863
21.48	0.665911
21.47	0.665959
21.46	0.666007
21.45	0.666055
21.44	0.666103
21.43	0.666151
21.42	0.6662
21.41	0.666248
21.4	0.666296
21.39	0.666345
21.38	0.666393
21.37	0.666442
21.36	0.66649
21.35	0.666539
21.34	0.666588
21.33	0.666637
21.32	0.666685
21.31	0.666734
21.3	0.666783
21.29	0.666832
21.28	0.666881
21.27	0.66693
21.26	0.666979
21.25	0.667028
21.24	0.667078
21.23	0.667127
21.22	0.667176
21.21	0.667226
21.2	0.667275
21.19	0.667325
21.18	0.667374
21.17	0.667424
21.16	0.667473
21.15	0.667523
21.14	0.667573
21.13	0.667623
21.12	0.667672
21.11	0.667722
21.1	0.667772
21.09	0.667822
21.08	0.667872
21.07	0.667923
21.06	0.667973
21.05	0.668023
21.04	0.668073
21.03	0.668124
21.02	0.668174
21.01	0.668224
21	0.668275
20.99	0.668326
20.98	0.668376
20.97	0.668427
20.96	0.668478
20.95	0.668528
20.94	0.668579
20.93	0.66863
20.92	0.668681
20.91	0.668732
20.9	0.668783
20.89	0.668834
20.88	0.668885
20.87	0.668937
20.86	0.668988
20.85	0.669039
20.84	0.669091
20.83	0.669142
20.82	0.669194
20.81	0.669245
20.8	0.669297
20.79	0.669349
20.78	0.6694
20.77	0.669452
20.76	0.669504
20.75	0.669556
20.74	0.669608
20.73	0.66966
20.72	0.669712
20.71	0.669764
20.7	0.669816
20.69	0.669868
20.68	0.669921
20.67	0.669973
20.66	0.670026
20.65	0.670078
20.64	0.670131
20.63	0.670183
20.62	0.670236
20.61	0.670289
20.6	0.670341
20.59	0.670394
20.58	0.670447
20.57	0.6705
20.56	0.670553
20.55	0.670606
20.54	0.670659
20.53	0.670712
20.52	0.670766
20.51	0.670819
20.5	0.670872
20.49	0.670926
20.48	0.670979
20.47	0.671033
20.46	0.671086
20.45	0.67114
20.44	0.671194
20.43	0.671248
20.42	0.671301
20.41	0.671355
20.4	0.671409
20.39	0.671463
20.38	0.671517
20.37	0.671572
20.36	0.671626
20.35	0.67168
20.34	0.671734
20.33	0.671789
20.32	0.671843
20.31	0.671898
20.3	0.671952
20.29	0.672007
20.28	0.672062
20.27	0.672116
20.26	0.672171
20.25	0.672226
20.24	0.672281
20.23	0.672336
20.22	0.672391
20.21	0.672446
20.2	0.672502
20.19	0.672557
20.18	0.672612
20.17	0.672668
20.16	0.672723
20.15	0.672778
20.14	0.672834
20.13	0.67289
20.12	0.672945
20.11	0.673001
20.1	0.673057
20.09	0.673113
20.08	0.673169
20.07	0.673225
20.06	0.673281
20.05	0.673337
20.04	0.673393
20.03	0.67345
20.02	0.673506
20.01	0.673562
20	0.673619
19.99	0.673675
19.98	0.673732
19.97	0.673789
19.96	0.673845
19.95	0.673902
19.94	0.673959
19.93	0.674016
19.92	0.674073
19.91	0.67413
19.9	0.674187
19.89	0.674244
19.88	0.674301
19.87	0.674359
19.86	0.674416
19.85	0.674474
19.84	0.674531
19.83	0.674589
19.82	0.674646
19.81	0.674704
19.8	0.674762
19.79	0.67482
19.78	0.674878
19.77	0.674936
19.76	0.674994
19.75	0.675052
19.74	0.67511
19.73	0.675168
19.72	0.675227
19.71	0.675285
19.7	0.675343
19.69	0.675402
19.68	0.675461
19.67	0.675519
19.66	0.675578
19.65	0.675637
19.64	0.675696
19.63	0.675755
19.62	0.675814
19.61	0.675873
19.6	0.675932
19.59	0.675991
19.58	0.67605
19.57	0.67611
19.56	0.676169
19.55	0.676229
19.54	0.676288
19.53	0.676348
19.52	0.676408
19.51	0.676467
19.5	0.676527
19.49	0.676587
19.48	0.676647
19.47	0.676707
19.46	0.676767
19.45	0.676828
19.44	0.676888
19.43	0.676948
19.42	0.677009
19.41	0.677069
19.4	0.67713
19.39	0.67719
19.38	0.677251
19.37	0.677312
19.36	0.677373
19.35	0.677434
19.34	0.677495
19.33	0.677556
19.32	0.677617
19.31	0.677678
19.3	0.677739
19.29	0.677801
19.28	0.677862
19.27	0.677924
19.26	0.677985
19.25	0.678047
19.24	0.678109
19.23	0.67817
19.22	0.678232
19.21	0.678294
19.2	0.678356
19.19	0.678418
19.18	0.678481
19.17	0.678543
19.16	0.678605
19.15	0.678667
19.14	0.67873
19.13	0.678792
19.12	0.678855
19.11	0.678918
19.1	0.678981
19.09	0.679043
19.08	0.679106
19.07	0.679169
19.06	0.679232
19.05	0.679296
19.04	0.679359
19.03	0.679422
19.02	0.679486
19.01	0.679549
19	0.679613
18.99	0.679676
18.98	0.67974
18.97	0.679804
18.96	0.679868
18.95	0.679932
18.94	0.679996
18.93	0.68006
18.92	0.680124
18.91	0.680188
18.9	0.680252
18.89	0.680317
18.88	0.680381
18.87	0.680446
18.86	0.68051
18.85	0.680575
18.84	0.68064
18.83	0.680705
18.82	0.68077
18.81	0.680835
18.8	0.6809
18.79	0.680965
18.78	0.68103
18.77	0.681096
18.76	0.681161
18.75	0.681227
18.74	0.681292
18.73	0.681358
18.72	0.681424
18.71	0.68149
18.7	0.681556
18.69	0.681622
18.68	0.681688
18.67	0.681754
18.66	0.68182
18.65	0.681886
18.64	0.681953
18.63	0.682019
18.62	0.682086
18.61	0.682153
18.6	0.682219
18.59	0.682286
18.58	0.682353
18.57	0.68242
18.56	0.682487
18.55	0.682554
18.54	0.682622
18.53	0.682689
18.52	0.682756
18.51	0.682824
18.5	0.682891
18.49	0.682959
18.48	0.683027
18.47	0.683095
18.46	0.683163
18.45	0.683231
18.44	0.683299
18.43	0.683367
18.42	0.683435
18.41	0.683504
18.4	0.683572
18.39	0.683641
18.38	0.683709
18.37	0.683778
18.36	0.683847
18.35	0.683916
18.34	0.683985
18.33	0.684054
18.32	0.684123
18.31	0.684192
18.3	0.684261
18.29	0.684331
18.28	0.6844
18.27	0.68447
18.26	0.684539
18.25	0.684609
18.24	0.684679
18.23	0.684749
18.22	0.684819
18.21	0.684889
18.2	0.684959
18.19	0.68503
18.18	0.6851
18.17	0.685171
18.16	0.685241
18.15	0.685312
18.14	0.685383
18.13	0.685453
18.12	0.685524
18.11	0.685595
18.1	0.685666
18.09	0.685738
18.08	0.685809
18.07	0.68588
18.06	0.685952
18.05	0.686023
18.04	0.686095
18.03	0.686167
18.02	0.686239
18.01	0.686311
18	0.686383
17.99	0.686455
17.98	0.686527
17.97	0.686599
17.96	0.686672
17.95	0.686744
17.94	0.686817
17.93	0.686889
17.92	0.686962
17.91	0.687035
17.9	0.687108
17.89	0.687181
17.88	0.687254
17.87	0.687328
17.86	0.687401
17.85	0.687474
17.84	0.687548
17.83	0.687622
17.82	0.687695
17.81	0.687769
17.8	0.687843
17.79	0.687917
17.78	0.687991
17.77	0.688066
17.76	0.68814
17.75	0.688214
17.74	0.688289
17.73	0.688363
17.72	0.688438
17.71	0.688513
17.7	0.688588
17.69	0.688663
17.68	0.688738
17.67	0.688813
17.66	0.688889
17.65	0.688964
17.64	0.689039
17.63	0.689115
17.62	0.689191
17.61	0.689267
17.6	0.689343
17.59	0.689419
17.58	0.689495
17.57	0.689571
17.56	0.689647
17.55	0.689724
17.54	0.6898
17.53	0.689877
17.52	0.689954
17.51	0.69003
17.5	0.690107
17.49	0.690184
17.48	0.690261
17.47	0.690339
17.46	0.690416
17.45	0.690493
17.44	0.690571
17.43	0.690649
17.42	0.690726
17.41	0.690804
17.4	0.690882
17.39	0.69096
17.38	0.691039
17.37	0.691117
17.36	0.691195
17.35	0.691274
17.34	0.691352
17.33	0.691431
17.32	0.69151
17.31	0.691589
17.3	0.691668
17.29	0.691747
17.28	0.691826
17.27	0.691906
17.26	0.691985
17.25	0.692065
17.24	0.692144
17.23	0.692224
17.22	0.692304
17.21	0.692384
17.2	0.692464
17.19	0.692544
17.18	0.692625
17.17	0.692705
17.16	0.692786
17.15	0.692866
17.14	0.692947
17.13	0.693028
17.12	0.693109
17.11	0.69319
17.1	0.693271
17.09	0.693353
17.08	0.693434
17.07	0.693516
17.06	0.693597
17.05	0.693679
17.04	0.693761
17.03	0.693843
17.02	0.693925
17.01	0.694007
17	0.69409
16.99	0.694172
16.98	0.694255
16.97	0.694337
16.96	0.69442
16.95	0.694503
16.94	0.694586
16.93	0.694669
16.92	0.694753
16.91	0.694836
16.9	0.694919
16.89	0.695003
16.88	0.695087
16.87	0.695171
16.86	0.695255
16.85	0.695339
16.84	0.695423
16.83	0.695507
16.82	0.695592
16.81	0.695676
16.8	0.695761
16.79	0.695846
16.78	0.69593
16.77	0.696015
16.76	0.696101
16.75	0.696186
16.74	0.696271
16.73	0.696357
16.72	0.696442
16.71	0.696528
16.7	0.696614
16.69	0.6967
16.68	0.696786
16.67	0.696872
16.66	0.696959
16.65	0.697045
16.64	0.697132
16.63	0.697219
16.62	0.697305
16.61	0.697392
16.6	0.697479
16.59	0.697567
16.58	0.697654
16.57	0.697742
16.56	0.697829
16.55	0.697917
16.54	0.698005
16.53	0.698093
16.52	0.698181
16.51	0.698269
16.5	0.698357
16.49	0.698446
16.48	0.698534
16.47	0.698623
16.46	0.698712
16.45	0.698801
16.44	0.69889
16.43	0.698979
16.42	0.699069
16.41	0.699158
16.4	0.699248
16.39	0.699338
16.38	0.699427
16.37	0.699517
16.36	0.699608
16.35	0.699698
16.34	0.699788
16.33	0.699879
16.32	0.699969
16.31	0.70006
16.3	0.700151
16.29	0.700242
16.28	0.700333
16.27	0.700425
16.26	0.700516
16.25	0.700608
16.24	0.7007
16.23	0.700791
16.22	0.700884
16.21	0.700976
16.2	0.701068
16.19	0.70116
16.18	0.701253
16.17	0.701346
16.16	0.701438
16.15	0.701531
16.14	0.701624
16.13	0.701718
16.12	0.701811
16.11	0.701904
16.1	0.701998
16.09	0.702092
16.08	0.702186
16.07	0.70228
16.06	0.702374
16.05	0.702468
16.04	0.702563
16.03	0.702657
16.02	0.702752
16.01	0.702847
16	0.702942
15.99	0.703037
15.98	0.703133
15.97	0.703228
15.96	0.703324
15.95	0.703419
15.94	0.703515
15.93	0.703611
15.92	0.703707
15.91	0.703804
15.9	0.7039
15.89	0.703997
15.88	0.704094
15.87	0.70419
15.86	0.704287
15.85	0.704385
15.84	0.704482
15.83	0.704579
15.82	0.704677
15.81	0.704775
15.8	0.704873
15.79	0.704971
15.78	0.705069
15.77	0.705167
15.76	0.705266
15.75	0.705365
15.74	0.705463
15.73	0.705562
15.72	0.705661
15.71	0.705761
15.7	0.70586
15.69	0.70596
15.68	0.706059
15.67	0.706159
15.66	0.706259
15.65	0.706359
15.64	0.70646
15.63	0.70656
15.62	0.706661
15.61	0.706762
15.6	0.706863
15.59	0.706964
15.58	0.707065
15.57	0.707166
15.56	0.707268
15.55	0.70737
15.54	0.707471
15.53	0.707573
15.52	0.707676
15.51	0.707778
15.5	0.70788
15.49	0.707983
15.48	0.708086
15.47	0.708189
15.46	0.708292
15.45	0.708395
15.44	0.708499
15.43	0.708602
15.42	0.708706
15.41	0.70881
15.4	0.708914
15.39	0.709019
15.38	0.709123
15.37	0.709228
15.36	0.709332
15.35	0.709437
15.34	0.709542
15.33	0.709647
15.32	0.709753
15.31	0.709858
15.3	0.709964
15.29	0.71007
15.28	0.710176
15.27	0.710282
15.26	0.710389
15.25	0.710495
15.24	0.710602
15.23	0.710709
15.22	0.710816
15.21	0.710923
15.2	0.711031
15.19	0.711138
15.18	0.711246
15.17	0.711354
15.16	0.711462
15.15	0.71157
15.14	0.711679
15.13	0.711787
15.12	0.711896
15.11	0.712005
15.1	0.712114
15.09	0.712223
15.08	0.712333
15.07	0.712443
15.06	0.712552
15.05	0.712662
15.04	0.712773
15.03	0.712883
15.02	0.712994
15.01	0.713104
15	0.713215
14.99	0.713326
14.98	0.713437
14.97	0.713549
14.96	0.71366
14.95	0.713772
14.94	0.713884
14.93	0.713996
14.92	0.714109
14.91	0.714221
14.9	0.714334
14.89	0.714447
14.88	0.71456
14.87	0.714673
14.86	0.714786
14.85	0.7149
14.84	0.715014
14.83	0.715128
14.82	0.715242
14.81	0.715356
14.8	0.715471
14.79	0.715585
14.78	0.7157
14.77	0.715815
14.76	0.715931
14.75	0.716046
14.74	0.716162
14.73	0.716278
14.72	0.716394
14.71	0.71651
14.7	0.716626
14.69	0.716743
14.68	0.71686
14.67	0.716977
14.66	0.717094
14.65	0.717211
14.64	0.717329
14.63	0.717446
14.62	0.717564
14.61	0.717683
14.6	0.717801
14.59	0.717919
14.58	0.718038
14.57	0.718157
14.56	0.718276
14.55	0.718396
14.54	0.718515
14.53	0.718635
14.52	0.718755
14.51	0.718875
14.5	0.718995
14.49	0.719116
14.48	0.719236
14.47	0.719357
14.46	0.719479
14.45	0.7196
14.44	0.719721
14.43	0.719843
14.42	0.719965
14.41	0.720087
14.4	0.72021
14.39	0.720332
14.38	0.720455
14.37	0.720578
14.36	0.720701
14.35	0.720825
14.34	0.720948
14.33	0.721072
14.32	0.721196
14.31	0.72132
14.3	0.721445
14.29	0.721569
14.28	0.721694
14.27	0.721819
14.26	0.721945
14.25	0.72207
14.24	0.722196
14.23	0.722322
14.22	0.722448
14.21	0.722574
14.2	0.722701
14.19	0.722828
14.18	0.722955
14.17	0.723082
14.16	0.72321
14.15	0.723337
14.14	0.723465
14.13	0.723593
14.12	0.723722
14.11	0.72385
14.1	0.723979
14.09	0.724108
14.08	0.724237
14.07	0.724367
14.06	0.724496
14.05	0.724626
14.04	0.724756
14.03	0.724887
14.02	0.725017
14.01	0.725148
14	0.725279
13.99	0.72541
13.98	0.725542
13.97	0.725674
13.96	0.725806
13.95	0.725938
13.94	0.72607
13.93	0.726203
13.92	0.726336
13.91	0.726469
13.9	0.726602
13.89	0.726736
13.88	0.72687
13.87	0.727004
13.86	0.727138
13.85	0.727272
13.84	0.727407
13.83	0.727542
13.82	0.727677
13.81	0.727813
13.8	0.727949
13.79	0.728085
13.78	0.728221
13.77	0.728357
13.76	0.728494
13.75	0.728631
13.74	0.728768
13.73	0.728905
13.72	0.729043
13.71	0.729181
13.7	0.729319
13.69	0.729458
13.68	0.729596
13.67	0.729735
13.66	0.729874
13.65	0.730014
13.64	0.730153
13.63	0.730293
13.62	0.730433
13.61	0.730574
13.6	0.730715
13.59	0.730855
13.58	0.730997
13.57	0.731138
13.56	0.73128
13.55	0.731422
13.54	0.731564
13.53	0.731706
13.52	0.731849
13.51	0.731992
13.5	0.732135
13.49	0.732279
13.48	0.732423
13.47	0.732567
13.46	0.732711
13.45	0.732855
13.44	0.733
13.43	0.733145
13.42	0.733291
13.41	0.733436
13.4	0.733582
13.39	0.733728
13.38	0.733875
13.37	0.734021
13.36	0.734168
13.35	0.734316
13.34	0.734463
13.33	0.734611
13.32	0.734759
13.31	0.734907
13.3	0.735056
13.29	0.735205
13.28	0.735354
13.27	0.735503
13.26	0.735653
13.25	0.735803
13.24	0.735953
13.23	0.736104
13.22	0.736255
13.21	0.736406
13.2	0.736557
13.19	0.736709
13.18	0.736861
13.17	0.737013
13.16	0.737165
13.15	0.737318
13.14	0.737471
13.13	0.737625
13.12	0.737778
13.11	0.737932
13.1	0.738087
13.09	0.738241
13.08	0.738396
13.07	0.738551
13.06	0.738707
13.05	0.738862
13.04	0.739018
13.03	0.739175
13.02	0.739331
13.01	0.739488
13	0.739645
12.99	0.739803
12.98	0.739961
12.97	0.740119
12.96	0.740277
12.95	0.740436
12.94	0.740595
12.93	0.740754
12.92	0.740914
12.91	0.741074
12.9	0.741234
12.89	0.741395
12.88	0.741556
12.87	0.741717
12.86	0.741878
12.85	0.74204
12.84	0.742202
12.83	0.742365
12.82	0.742527
12.81	0.74269
12.8	0.742854
12.79	0.743017
12.78	0.743181
12.77	0.743346
12.76	0.74351
12.75	0.743675
12.74	0.743841
12.73	0.744006
12.72	0.744172
12.71	0.744339
12.7	0.744505
12.69	0.744672
12.68	0.744839
12.67	0.745007
12.66	0.745175
12.65	0.745343
12.64	0.745512
12.63	0.745681
12.62	0.74585
12.61	0.746019
12.6	0.746189
12.59	0.74636
12.58	0.74653
12.57	0.746701
12.56	0.746872
12.55	0.747044
12.54	0.747216
12.53	0.747388
12.52	0.747561
12.51	0.747734
12.5	0.747907
12.49	0.748081
12.48	0.748255
12.47	0.748429
12.46	0.748604
12.45	0.748779
12.44	0.748954
12.43	0.74913
12.42	0.749306
12.41	0.749483
12.4	0.74966
12.39	0.749837
12.38	0.750014
12.37	0.750192
12.36	0.750371
12.35	0.750549
12.34	0.750728
12.33	0.750908
12.32	0.751087
12.31	0.751268
12.3	0.751448
12.29	0.751629
12.28	0.75181
12.27	0.751992
12.26	0.752174
12.25	0.752356
12.24	0.752539
12.23	0.752722
12.22	0.752905
12.21	0.753089
12.2	0.753273
12.19	0.753458
12.18	0.753643
12.17	0.753828
12.16	0.754014
12.15	0.7542
12.14	0.754387
12.13	0.754573
12.12	0.754761
12.11	0.754948
12.1	0.755136
12.09	0.755325
12.08	0.755514
12.07	0.755703
12.06	0.755893
12.05	0.756083
12.04	0.756273
12.03	0.756464
12.02	0.756655
12.01	0.756847
12	0.757039
11.99	0.757231
11.98	0.757424
11.97	0.757618
11.96	0.757811
11.95	0.758005
11.94	0.7582
11.93	0.758395
11.92	0.75859
11.91	0.758786
11.9	0.758982
11.89	0.759178
11.88	0.759375
11.87	0.759573
11.86	0.759771
11.85	0.759969
11.84	0.760168
11.83	0.760367
11.82	0.760566
11.81	0.760766
11.8	0.760967
11.79	0.761167
11.78	0.761369
11.77	0.76157
11.76	0.761772
11.75	0.761975
11.74	0.762178
11.73	0.762381
11.72	0.762585
11.71	0.76279
11.7	0.762994
11.69	0.7632
11.68	0.763405
11.67	0.763611
11.66	0.763818
11.65	0.764025
11.64	0.764232
11.63	0.76444
11.62	0.764649
11.61	0.764857
11.6	0.765067
11.59	0.765276
11.58	0.765487
11.57	0.765697
11.56	0.765908
11.55	0.76612
11.54	0.766332
11.53	0.766545
11.52	0.766758
11.51	0.766971
11.5	0.767185
11.49	0.7674
11.48	0.767614
11.47	0.76783
11.46	0.768046
11.45	0.768262
11.44	0.768479
11.43	0.768696
11.42	0.768914
11.41	0.769132
11.4	0.769351
11.39	0.76957
11.38	0.76979
11.37	0.77001
11.36	0.770231
11.35	0.770452
11.34	0.770674
11.33	0.770896
11.32	0.771119
11.31	0.771342
11.3	0.771566
11.29	0.77179
11.28	0.772015
11.27	0.77224
11.26	0.772466
11.25	0.772693
11.24	0.772919
11.23	0.773147
11.22	0.773375
11.21	0.773603
11.2	0.773832
11.19	0.774062
11.18	0.774292
11.17	0.774522
11.16	0.774753
11.15	0.774985
11.14	0.775217
11.13	0.775449
11.12	0.775683
11.11	0.775916
11.1	0.776151
11.09	0.776385
11.08	0.776621
11.07	0.776857
11.06	0.777093
11.05	0.77733
11.04	0.777568
11.03	0.777806
11.02	0.778045
11.01	0.778284
11	0.778524
10.99	0.778764
10.98	0.779005
10.97	0.779246
10.96	0.779489
10.95	0.779731
10.94	0.779974
10.93	0.780218
10.92	0.780463
10.91	0.780707
10.9	0.780953
10.89	0.781199
10.88	0.781446
10.87	0.781693
10.86	0.781941
10.85	0.782189
10.84	0.782439
10.83	0.782688
10.82	0.782938
10.81	0.783189
10.8	0.783441
10.79	0.783693
10.78	0.783946
10.77	0.784199
10.76	0.784453
10.75	0.784707
10.74	0.784962
10.73	0.785218
10.72	0.785475
10.71	0.785732
10.7	0.785989
10.69	0.786247
10.68	0.786506
10.67	0.786766
10.66	0.787026
10.65	0.787287
10.64	0.787548
10.63	0.78781
10.62	0.788073
10.61	0.788336
10.6	0.7886
10.59	0.788865
10.58	0.78913
10.57	0.789396
10.56	0.789663
10.55	0.78993
10.54	0.790198
10.53	0.790467
10.52	0.790736
10.51	0.791006
10.5	0.791276
10.49	0.791548
10.48	0.79182
10.47	0.792092
10.46	0.792366
10.45	0.79264
10.44	0.792914
10.43	0.79319
10.42	0.793466
10.41	0.793743
10.4	0.79402
10.39	0.794298
10.38	0.794577
10.37	0.794857
10.36	0.795137
10.35	0.795418
10.34	0.7957
10.33	0.795982
10.32	0.796265
10.31	0.796549
10.3	0.796834
10.29	0.797119
10.28	0.797405
10.27	0.797692
10.26	0.79798
10.25	0.798268
10.24	0.798557
10.23	0.798847
10.22	0.799137
10.21	0.799429
10.2	0.799721
10.19	0.800013
10.18	0.800307
10.17	0.800601
10.16	0.800896
10.15	0.801192
10.14	0.801489
10.13	0.801786
10.12	0.802084
10.11	0.802383
10.1	0.802683
10.09	0.802983
10.08	0.803285
10.07	0.803587
10.06	0.80389
10.05	0.804193
10.04	0.804498
10.03	0.804803
10.02	0.805109
10.01	0.805416
10	0.805724
9.99	0.806032
9.98	0.806342
9.97	0.806652
9.96	0.806963
9.95	0.807275
9.94	0.807588
9.93	0.807901
9.92	0.808215
9.91	0.808531
9.9	0.808847
9.89	0.809164
9.88	0.809481
9.87	0.8098
9.86	0.81012
9.85	0.81044
9.84	0.810761
9.83	0.811083
9.82	0.811406
9.81	0.81173
9.8	0.812055
9.79	0.81238
9.78	0.812707
9.77	0.813034
9.76	0.813362
9.75	0.813692
9.74	0.814022
9.73	0.814353
9.72	0.814685
9.71	0.815018
9.7	0.815351
9.69	0.815686
9.68	0.816022
9.67	0.816358
9.66	0.816696
9.65	0.817034
9.64	0.817373
9.63	0.817714
9.62	0.818055
9.61	0.818397
9.6	0.81874
9.59	0.819084
9.58	0.819429
9.57	0.819775
9.56	0.820122
9.55	0.82047
9.54	0.820819
9.53	0.821169
9.52	0.82152
9.51	0.821872
9.5	0.822225
9.49	0.822579
9.48	0.822934
9.47	0.82329
9.46	0.823647
9.45	0.824005
9.44	0.824364
9.43	0.824724
9.42	0.825086
9.41	0.825448
9.4	0.825811
9.39	0.826175
9.38	0.82654
9.37	0.826907
9.36	0.827274
9.35	0.827643
9.34	0.828012
9.33	0.828383
9.32	0.828755
9.31	0.829127
9.3	0.829501
9.29	0.829876
9.28	0.830252
9.27	0.830629
9.26	0.831008
9.25	0.831387
9.24	0.831768
9.23	0.832149
9.22	0.832532
9.21	0.832916
9.2	0.833301
9.19	0.833687
9.18	0.834074
9.17	0.834463
9.16	0.834852
9.15	0.835243
9.14	0.835635
9.13	0.836028
9.12	0.836423
9.11	0.836818
9.1	0.837215
9.09	0.837613
9.08	0.838012
9.07	0.838412
9.06	0.838814
9.05	0.839216
9.04	0.83962
9.03	0.840025
9.02	0.840432
9.01	0.840839
9	0.841248
8.99	0.841658
8.98	0.84207
8.97	0.842482
8.96	0.842896
8.95	0.843311
8.94	0.843728
8.93	0.844146
8.92	0.844565
8.91	0.844985
8.9	0.845407
8.89	0.84583
8.88	0.846254
8.87	0.846679
8.86	0.847106
8.85	0.847534
8.84	0.847964
8.83	0.848395
8.82	0.848827
8.81	0.849261
8.8	0.849696
8.79	0.850132
8.78	0.85057
8.77	0.851009
8.76	0.851449
8.75	0.851891
8.74	0.852335
8.73	0.852779
8.72	0.853226
8.71	0.853673
8.7	0.854122
8.69	0.854572
8.68	0.855024
8.67	0.855478
8.66	0.855932
8.65	0.856389
8.64	0.856846
8.63	0.857305
8.62	0.857766
8.61	0.858228
8.6	0.858692
8.59	0.859157
8.58	0.859624
8.57	0.860092
8.56	0.860562
8.55	0.861033
8.54	0.861506
8.53	0.86198
8.52	0.862456
8.51	0.862934
8.5	0.863413
8.49	0.863893
8.48	0.864375
8.47	0.864859
8.46	0.865345
8.45	0.865832
8.44	0.86632
8.43	0.866811
8.42	0.867303
8.41	0.867796
8.4	0.868291
8.39	0.868788
8.38	0.869287
8.37	0.869787
8.36	0.870289
8.35	0.870793
8.34	0.871298
8.33	0.871805
8.32	0.872314
8.31	0.872824
8.3	0.873336
8.29	0.87385
8.28	0.874366
8.27	0.874884
8.26	0.875403
8.25	0.875924
8.24	0.876447
8.23	0.876971
8.22	0.877498
8.21	0.878026
8.2	0.878556
8.19	0.879088
8.18	0.879622
8.17	0.880158
8.16	0.880695
8.15	0.881235
8.14	0.881776
8.13	0.882319
8.12	0.882864
8.11	0.883411
8.1	0.88396
8.09	0.884511
8.08	0.885064
8.07	0.885619
8.06	0.886175
8.05	0.886734
8.04	0.887295
8.03	0.887857
8.02	0.888422
8.01	0.888989
8	0.889558
7.99	0.890128
7.98	0.890701
7.97	0.891276
7.96	0.891853
7.95	0.892432
7.94	0.893013
7.93	0.893597
7.92	0.894182
7.91	0.89477
7.9	0.895359
7.89	0.895951
7.88	0.896545
7.87	0.897141
7.86	0.89774
7.85	0.89834
7.84	0.898943
7.83	0.899548
7.82	0.900155
7.81	0.900765
7.8	0.901377
7.79	0.901991
7.78	0.902607
7.77	0.903226
7.76	0.903847
7.75	0.90447
7.74	0.905095
7.73	0.905723
7.72	0.906354
7.71	0.906986
7.7	0.907622
7.69	0.908259
7.68	0.908899
7.67	0.909541
7.66	0.910186
7.65	0.910833
7.64	0.911483
7.63	0.912135
7.62	0.91279
7.61	0.913447
7.6	0.914107
7.59	0.914769
7.58	0.915434
7.57	0.916102
7.56	0.916772
7.55	0.917444
7.54	0.91812
7.53	0.918797
7.52	0.919478
7.51	0.920161
7.5	0.920847
7.49	0.921536
7.48	0.922227
7.47	0.922921
7.46	0.923618
7.45	0.924317
7.44	0.92502
7.43	0.925725
7.42	0.926433
7.41	0.927144
7.4	0.927857
7.39	0.928574
7.38	0.929293
7.37	0.930015
7.36	0.93074
7.35	0.931468
7.34	0.932199
7.33	0.932933
7.32	0.93367
7.31	0.93441
7.3	0.935153
7.29	0.935899
7.28	0.936648
7.27	0.9374
7.26	0.938156
7.25	0.938914
7.24	0.939675
7.23	0.94044
7.22	0.941208
7.21	0.941979
7.2	0.942753
7.19	0.94353
7.18	0.944311
7.17	0.945095
7.16	0.945882
7.15	0.946673
7.14	0.947467
7.13	0.948264
7.12	0.949064
7.11	0.949868
7.1	0.950676
7.09	0.951487
7.08	0.952301
7.07	0.953119
7.06	0.95394
7.05	0.954765
7.04	0.955593
7.03	0.956425
7.02	0.95726
7.01	0.958099
7	0.958942
6.99	0.959789
6.98	0.960639
6.97	0.961492
6.96	0.96235
6.95	0.963211
6.94	0.964076
6.93	0.964945
6.92	0.965818
6.91	0.966694
6.9	0.967575
6.89	0.968459
6.88	0.969347
6.87	0.970239
6.86	0.971136
6.85	0.972036
6.84	0.97294
6.83	0.973848
6.82	0.974761
6.81	0.975677
6.8	0.976598
6.79	0.977523
6.78	0.978452
6.77	0.979385
6.76	0.980323
6.75	0.981264
6.74	0.982211
6.73	0.983161
6.72	0.984116
6.71	0.985075
6.7	0.986039
6.69	0.987007
6.68	0.98798
6.67	0.988957
6.66	0.989938
6.65	0.990925
6.64	0.991916
6.63	0.992911
6.62	0.993912
6.61	0.994917
6.6	0.995926
6.59	0.996941
6.58	0.99796
6.57	0.998984
6.56	1.00001
6.55	1.00105
6.54	1.00209
6.53	1.00313
6.52	1.00418
6.51	1.00523
6.5	1.00629
6.49	1.00736
6.48	1.00843
6.47	1.0095
6.46	1.01058
6.45	1.01167
6.44	1.01276
6.43	1.01385
6.42	1.01495
6.41	1.01606
6.4	1.01717
6.39	1.01829
6.38	1.01941
6.37	1.02054
6.36	1.02168
6.35	1.02282
6.34	1.02396
6.33	1.02512
6.32	1.02627
6.31	1.02744
6.3	1.02861
6.29	1.02978
6.28	1.03096
6.27	1.03215
6.26	1.03334
6.25	1.03454
6.24	1.03575
6.23	1.03696
6.22	1.03818
6.21	1.0394
6.2	1.04063
6.19	1.04187
6.18	1.04311
6.17	1.04436
6.16	1.04562
6.15	1.04688
6.14	1.04815
6.13	1.04943
6.12	1.05071
6.11	1.052
6.1	1.0533
6.09	1.05461
6.08	1.05592
6.07	1.05724
6.06	1.05856
6.05	1.05989
6.04	1.06123
6.03	1.06258
6.02	1.06393
6.01	1.0653
6	1.06666
5.99	1.06804
5.98	1.06943
5.97	1.07082
5.96	1.07222
5.95	1.07362
5.94	1.07504
5.93	1.07646
5.92	1.07789
5.91	1.07933
5.9	1.08078
5.89	1.08223
5.88	1.0837
5.87	1.08517
5.86	1.08665
5.85	1.08814
5.84	1.08963
5.83	1.09114
5.82	1.09265
5.81	1.09418
5.8	1.09571
5.79	1.09725
5.78	1.0988
5.77	1.10036
5.76	1.10192
5.75	1.1035
5.74	1.10509
5.73	1.10668
5.72	1.10828
5.71	1.1099
5.7	1.11152
5.69	1.11316
5.68	1.1148
5.67	1.11645
5.66	1.11811
5.65	1.11979
5.64	1.12147
5.63	1.12316
5.62	1.12487
5.61	1.12658
5.6	1.1283
5.59	1.13004
5.58	1.13178
5.57	1.13354
5.56	1.13531
5.55	1.13709
5.54	1.13887
5.53	1.14067
5.52	1.14249
5.51	1.14431
5.5	1.14614
5.49	1.14799
5.48	1.14984
5.47	1.15171
5.46	1.15359
5.45	1.15549
5.44	1.15739
5.43	1.15931
5.42	1.16124
5.41	1.16318
5.4	1.16514
5.39	1.1671
5.38	1.16908
5.37	1.17108
5.36	1.17308
5.35	1.1751
5.34	1.17713
5.33	1.17918
5.32	1.18124
5.31	1.18331
5.3	1.1854
5.29	1.1875
5.28	1.18962
5.27	1.19175
5.26	1.19389
5.25	1.19605
5.24	1.19822
5.23	1.20041
5.22	1.20261
5.21	1.20483
5.2	1.20706
5.19	1.20931
5.18	1.21158
5.17	1.21386
5.16	1.21615
5.15	1.21847
5.14	1.2208
5.13	1.22314
5.12	1.2255
5.11	1.22788
5.1	1.23028
5.09	1.23269
5.08	1.23512
5.07	1.23756
5.06	1.24003
5.05	1.24251
5.04	1.24501
5.03	1.24753
5.02	1.25007
5.01	1.25263
5	1.2552
4.99	1.25779
4.98	1.26041
4.97	1.26304
4.96	1.26569
4.95	1.26836
4.94	1.27106
4.93	1.27377
4.92	1.2765
4.91	1.27926
4.9	1.28203
4.89	1.28483
4.88	1.28765
4.87	1.29049
4.86	1.29335
4.85	1.29623
4.84	1.29914
4.83	1.30207
4.82	1.30502
4.81	1.308
4.8	1.31099
4.79	1.31402
4.78	1.31706
4.77	1.32014
4.76	1.32323
4.75	1.32635
4.74	1.3295
4.73	1.33267
4.72	1.33587
4.71	1.33909
4.7	1.34234
4.69	1.34562
4.68	1.34892
4.67	1.35226
4.66	1.35562
4.65	1.359
4.64	1.36242
4.63	1.36587
4.62	1.36934
4.61	1.37285
4.6	1.37638
4.59	1.37994
4.58	1.38354
4.57	1.38717
4.56	1.39082
4.55	1.39451
4.54	1.39824
4.53	1.40199
4.52	1.40578
4.51	1.4096
4.5	1.41346
4.49	1.41735
4.48	1.42127
4.47	1.42523
4.46	1.42923
4.45	1.43326
4.44	1.43733
4.43	1.44144
4.42	1.44558
4.41	1.44977
4.4	1.45399
4.39	1.45825
4.38	1.46255
4.37	1.4669
4.36	1.47128
4.35	1.4757
4.34	1.48017
4.33	1.48468
4.32	1.48924
4.31	1.49383
4.3	1.49848
4.29	1.50316
4.28	1.5079
4.27	1.51268
4.26	1.51751
4.25	1.52238
4.24	1.52731
4.23	1.53228
4.22	1.5373
4.21	1.54238
4.2	1.54751
4.19	1.55269
4.18	1.55792
4.17	1.56321
4.16	1.56855
4.15	1.57394
4.14	1.5794
4.13	1.58491
4.12	1.59048
4.11	1.59611
4.1	1.6018
4.09	1.60755
4.08	1.61336
4.07	1.61924
4.06	1.62518
4.05	1.63119
4.04	1.63726
4.03	1.6434
4.02	1.64961
4.01	1.65589
4	1.66223
3.99	1.66865
3.98	1.67515
3.97	1.68172
3.96	1.68836
3.95	1.69508
3.94	1.70188
3.93	1.70876
3.92	1.71572
3.91	1.72276
3.9	1.72989
3.89	1.7371
3.88	1.7444
3.87	1.75179
3.86	1.75927
3.85	1.76684
3.84	1.7745
3.83	1.78226
3.82	1.79012
3.81	1.79807
3.8	1.80613
3.79	1.81429
3.78	1.82255
3.77	1.83092
3.76	1.8394
3.75	1.84799
3.74	1.85669
3.73	1.86551
3.72	1.87444
3.71	1.88349
3.7	1.89267
3.69	1.90197
3.68	1.9114
3.67	1.92096
3.66	1.93065
3.65	1.94048
3.64	1.95044
3.63	1.96055
3.62	1.9708
3.61	1.98119
3.6	1.99174
3.59	2.00244
3.58	2.0133
3.57	2.02432
3.56	2.03551
3.55	2.04686
3.54	2.05838
3.53	2.07008
3.52	2.08196
3.51	2.09403
3.5	2.10628
3.49	2.11873
3.48	2.13137
3.47	2.14422
3.46	2.15728
3.45	2.17054
3.44	2.18403
3.43	2.19774
3.42	2.21168
3.41	2.22586
3.4	2.24027
3.39	2.25494
3.38	2.26986
3.37	2.28504
3.36	2.30049
3.35	2.31621
3.34	2.33222
3.33	2.34852
3.32	2.36513
3.31	2.38204
3.3	2.39927
3.29	2.41682
3.28	2.43472
3.27	2.45296
3.26	2.47156
3.25	2.49053
3.24	2.50988
3.23	2.52963
3.22	2.54978
3.21	2.57035
3.2	2.59135
3.19	2.61281
3.18	2.63472
3.17	2.65712
3.16	2.68002
3.15	2.70343
3.14	2.72737
3.13	2.75187
3.12	2.77695
3.11	2.80262
3.1	2.82891
3.09	2.85585
3.08	2.88347
3.07	2.91178
3.06	2.94082
3.05	2.97063
3.04	3.00123
3.03	3.03266
3.02	3.06497
3.01	3.09818
3	3.13235
2.99	3.16752
2.98	3.20374
2.97	3.24107
2.96	3.27957
2.95	3.31929
2.94	3.36031
2.93	3.40271
2.92	3.44655
2.91	3.49194
2.9	3.53897
2.89	3.58774
2.88	3.63837
2.87	3.69099
2.86	3.74574
2.85	3.80278
2.84	3.86228
2.83	3.92444
2.82	3.98949
2.81	4.05767
2.8	4.12926
2.79	4.2046
2.78	4.28405
2.77	4.36804
2.76	4.45708
2.75	4.55175
2.74	4.65277
2.73	4.76096
2.72	4.87735
2.71	5.0032
2.7	5.14006
2.69	5.28993
2.68	5.45539
2.67	5.63988
2.66	5.84812
2.65	6.08684
2.64	6.36611
2.63	6.702
2.62	7.12259
2.61	7.68391
2.6	8.52687
2.59	10.2517
-2.59	10.2517
-2.6	8.52687
-2.61	7.68391
-2.62	7.12259
-2.63	6.702
-2.64	6.36611
-2.65	6.08684
-2.66	5.84812
-2.67	5.63988
-2.68	5.45539
-2.69	5.28993
-2.7	5.14006
-2.71	5.0032
-2.72	4.87735
-2.73	4.76096
-2.74	4.65277
-2.75	4.55175
-2.76	4.45708
-2.77	4.36804
-2.78	4.28405
-2.79	4.2046
-2.8	4.12926
-2.81	4.05767
-2.82	3.98949
-2.83	3.92444
-2.84	3.86228
-2.85	3.80278
-2.86	3.74574
-2.87	3.69099
-2.88	3.63837
-2.89	3.58774
-2.9	3.53897
-2.91	3.49194
-2.92	3.44655
-2.93	3.40271
-2.94	3.36031
-2.95	3.31929
-2.96	3.27957
-2.97	3.24107
-2.98	3.20374
-2.99	3.16752
-3	3.13235
-3.01	3.09818
-3.02	3.06497
-3.03	3.03266
-3.04	3.00123
-3.05	2.97063
-3.06	2.94082
-3.07	2.91178
-3.08	2.88347
-3.09	2.85585
-3.1	2.82891
-3.11	2.80262
-3.12	2.77695
-3.13	2.75187
-3.14	2.72737
-3.15	2.70343
-3.16	2.68002
-3.17	2.65712
-3.18	2.63472
-3.19	2.61281
-3.2	2.59135
-3.21	2.57035
-3.22	2.54978
-3.23	2.52963
-3.24	2.50988
-3.25	2.49053
-3.26	2.47156
-3.27	2.45296
-3.28	2.43472
-3.29	2.41682
-3.3	2.39927
-3.31	2.38204
-3.32	2.36513
-3.33	2.34852
-3.34	2.33222
-3.35	2.31621
-3.36	2.30049
-3.37	2.28504
-3.38	2.26986
-3.39	2.25494
-3.4	2.24027
-3.41	2.22586
-3.42	2.21168
-3.43	2.19774
-3.44	2.18403
-3.45	2.17054
-3.46	2.15728
-3.47	2.14422
-3.48	2.13137
-3.49	2.11873
-3.5	2.10628
-3.51	2.09403
-3.52	2.08196
-3.53	2.07008
-3.54	2.05838
-3.55	2.04686
-3.56	2.03551
-3.57	2.02432
-3.58	2.0133
-3.59	2.00244
-3.6	1.99174
-3.61	1.98119
-3.62	1.9708
-3.63	1.96055
-3.64	1.95044
-3.65	1.94048
-3.66	1.93065
-3.67	1.92096
-3.68	1.9114
-3.69	1.90197
-3.7	1.89267
-3.71	1.88349
-3.72	1.87444
-3.73	1.86551
-3.74	1.85669
-3.75	1.84799
-3.76	1.8394
-3.77	1.83092
-3.78	1.82255
-3.79	1.81429
-3.8	1.80613
-3.81	1.79807
-3.82	1.79012
-3.83	1.78226
-3.84	1.7745
-3.85	1.76684
-3.86	1.75927
-3.87	1.75179
-3.88	1.7444
-3.89	1.7371
-3.9	1.72989
-3.91	1.72276
-3.92	1.71572
-3.93	1.70876
-3.94	1.70188
-3.95	1.69508
-3.96	1.68836
-3.97	1.68172
-3.98	1.67515
-3.99	1.66865
-4	1.66223
-4.01	1.65589
-4.02	1.64961
-4.03	1.6434
-4.04	1.63726
-4.05	1.63119
-4.06	1.62518
-4.07	1.61924
-4.08	1.61336
-4.09	1.60755
-4.1	1.6018
-4.11	1.59611
-4.12	1.59048
-4.13	1.58491
-4.14	1.5794
-4.15	1.57394
-4.16	1.56855
-4.17	1.56321
-4.18	1.55792
-4.19	1.55269
-4.2	1.54751
-4.21	1.54238
-4.22	1.5373
-4.23	1.53228
-4.24	1.52731
-4.25	1.52238
-4.26	1.51751
-4.27	1.51268
-4.28	1.5079
-4.29	1.50316
-4.3	1.49848
-4.31	1.49383
-4.32	1.48924
-4.33	1.48468
-4.34	1.48017
-4.35	1.4757
-4.36	1.47128
-4.37	1.4669
-4.38	1.46255
-4.39	1.45825
-4.4	1.45399
-4.41	1.44977
-4.42	1.44558
-4.43	1.44144
-4.44	1.43733
-4.45	1.43326
-4.46	1.42923
-4.47	1.42523
-4.48	1.42127
-4.49	1.41735
-4.5	1.41346
-4.51	1.4096
-4.52	1.40578
-4.53	1.40199
-4.54	1.39824
-4.55	1.39451
-4.56	1.39082
-4.57	1.38717
-4.58	1.38354
-4.59	1.37994
-4.6	1.37638
-4.61	1.37285
-4.62	1.36934
-4.63	1.36587
-4.64	1.36242
-4.65	1.359
-4.66	1.35562
-4.67	1.35226
-4.68	1.34892
-4.69	1.34562
-4.7	1.34234
-4.71	1.33909
-4.72	1.33587
-4.73	1.33267
-4.74	1.3295
-4.75	1.32635
-4.76	1.32323
-4.77	1.32014
-4.78	1.31706
-4.79	1.31402
-4.8	1.31099
-4.81	1.308
-4.82	1.30502
-4.83	1.30207
-4.84	1.29914
-4.85	1.29623
-4.86	1.29335
-4.87	1.29049
-4.88	1.28765
-4.89	1.28483
-4.9	1.28203
-4.91	1.27926
-4.92	1.2765
-4.93	1.27377
-4.94	1.27106
-4.95	1.26836
-4.96	1.26569
-4.97	1.26304
-4.98	1.26041
-4.99	1.25779
-5	1.2552
-5.01	1.25263
-5.02	1.25007
-5.03	1.24753
-5.04	1.24501
-5.05	1.24251
-5.06	1.24003
-5.07	1.23756
-5.08	1.23512
-5.09	1.23269
-5.1	1.23028
-5.11	1.22788
-5.12	1.2255
-5.13	1.22314
-5.14	1.2208
-5.15	1.21847
-5.16	1.21615
-5.17	1.21386
-5.18	1.21158
-5.19	1.20931
-5.2	1.20706
-5.21	1.20483
-5.22	1.20261
-5.23	1.20041
-5.24	1.19822
-5.25	1.19605
-5.26	1.19389
-5.27	1.19175
-5.28	1.18962
-5.29	1.1875
-5.3	1.1854
-5.31	1.18331
-5.32	1.18124
-5.33	1.17918
-5.34	1.17713
-5.35	1.1751
-5.36	1.17308
-5.37	1.17108
-5.38	1.16908
-5.39	1.1671
-5.4	1.16514
-5.41	1.16318
-5.42	1.16124
-5.43	1.15931
-5.44	1.15739
-5.45	1.15549
-5.46	1.15359
-5.47	1.15171
-5.48	1.14984
-5.49	1.14799
-5.5	1.14614
-5.51	1.14431
-5.52	1.14249
-5.53	1.14067
-5.54	1.13887
-5.55	1.13709
-5.56	1.13531
-5.57	1.13354
-5.58	1.13178
-5.59	1.13004
-5.6	1.1283
-5.61	1.12658
-5.62	1.12487
-5.63	1.12316
-5.64	1.12147
-5.65	1.11979
-5.66	1.11811
-5.67	1.11645
-5.68	1.1148
-5.69	1.11316
-5.7	1.11152
-5.71	1.1099
-5.72	1.10828
-5.73	1.10668
-5.74	1.10509
-5.75	1.1035
-5.76	1.10192
-5.77	1.10036
-5.78	1.0988
-5.79	1.09725
-5.8	1.09571
-5.81	1.09418
-5.82	1.09265
-5.83	1.09114
-5.84	1.08963
-5.85	1.08814
-5.86	1.08665
-5.87	1.08517
-5.88	1.0837
-5.89	1.08223
-5.9	1.08078
-5.91	1.07933
-5.92	1.07789
-5.93	1.07646
-5.94	1.07504
-5.95	1.07362
-5.96	1.07222
-5.97	1.07082
-5.98	1.06943
-5.99	1.06804
-6	1.06666
-6.01	1.0653
-6.02	1.06393
-6.03	1.06258
-6.04	1.06123
-6.05	1.05989
-6.06	1.05856
-6.07	1.05724
-6.08	1.05592
-6.09	1.05461
-6.1	1.0533
-6.11	1.052
-6.12	1.05071
-6.13	1.04943
-6.14	1.04815
-6.15	1.04688
-6.16	1.04562
-6.17	1.04436
-6.18	1.04311
-6.19	1.04187
-6.2	1.04063
-6.21	1.0394
-6.22	1.03818
-6.23	1.03696
-6.24	1.03575
-6.25	1.03454
-6.26	1.03334
-6.27	1.03215
-6.28	1.03096
-6.29	1.02978
-6.3	1.02861
-6.31	1.02744
-6.32	1.02627
-6.33	1.02512
-6.34	1.02396
-6.35	1.02282
-6.36	1.02168
-6.37	1.02054
-6.38	1.01941
-6.39	1.01829
-6.4	1.01717
-6.41	1.01606
-6.42	1.01495
-6.43	1.01385
-6.44	1.01276
-6.45	1.01167
-6.46	1.01058
-6.47	1.0095
-6.48	1.00843
-6.49	1.00736
-6.5	1.00629
-6.51	1.00523
-6.52	1.00418
-6.53	1.00313
-6.54	1.00209
-6.55	1.00105
-6.56	1.00001
-6.57	0.998984
-6.58	0.99796
-6.59	0.996941
-6.6	0.995926
-6.61	0.994917
-6.62	0.993912
-6.63	0.992911
-6.64	0.991916
-6.65	0.990925
-6.66	0.989938
-6.67	0.988957
-6.68	0.98798
-6.69	0.987007
-6.7	0.986039
-6.71	0.985075
-6.72	0.984116
-6.73	0.983161
-6.74	0.982211
-6.75	0.981264
-6.76	0.980323
-6.77	0.979385
-6.78	0.978452
-6.79	0.977523
-6.8	0.976598
-6.81	0.975677
-6.82	0.974761
-6.83	0.973848
-6.84	0.97294
-6.85	0.972036
-6.86	0.971136
-6.87	0.970239
-6.88	0.969347
-6.89	0.968459
-6.9	0.967575
-6.91	0.966694
-6.92	0.965818
-6.93	0.964945
-6.94	0.964076
-6.95	0.963211
-6.96	0.96235
-6.97	0.961492
-6.98	0.960639
-6.99	0.959789
-7	0.958942
-7.01	0.958099
-7.02	0.95726
-7.03	0.956425
-7.04	0.955593
-7.05	0.954765
-7.06	0.95394
-7.07	0.953119
-7.08	0.952301
-7.09	0.951487
-7.1	0.950676
-7.11	0.949868
-7.12	0.949064
-7.13	0.948264
-7.14	0.947467
-7.15	0.946673
-7.16	0.945882
-7.17	0.945095
-7.18	0.944311
-7.19	0.94353
-7.2	0.942753
-7.21	0.941979
-7.22	0.941208
-7.23	0.94044
-7.24	0.939675
-7.25	0.938914
-7.26	0.938156
-7.27	0.9374
-7.28	0.936648
-7.29	0.935899
-7.3	0.935153
-7.31	0.93441
-7.32	0.93367
-7.33	0.932933
-7.34	0.932199
-7.35	0.931468
-7.36	0.93074
-7.37	0.930015
-7.38	0.929293
-7.39	0.928574
-7.4	0.927857
-7.41	0.927144
-7.42	0.926433
-7.43	0.925725
-7.44	0.92502
-7.45	0.924317
-7.46	0.923618
-7.47	0.922921
-7.48	0.922227
-7.49	0.921536
-7.5	0.920847
-7.51	0.920161
-7.52	0.919478
-7.53	0.918797
-7.54	0.91812
-7.55	0.917444
-7.56	0.916772
-7.57	0.916102
-7.58	0.915434
-7.59	0.914769
-7.6	0.914107
-7.61	0.913447
-7.62	0.91279
-7.63	0.912135
-7.64	0.911483
-7.65	0.910833
-7.66	0.910186
-7.67	0.909541
-7.68	0.908899
-7.69	0.908259
-7.7	0.907622
-7.71	0.906986
-7.72	0.906354
-7.73	0.905723
-7.74	0.905095
-7.75	0.90447
-7.76	0.903847
-7.77	0.903226
-7.78	0.902607
-7.79	0.901991
-7.8	0.901377
-7.81	0.900765
-7.82	0.900155
-7.83	0.899548
-7.84	0.898943
-7.85	0.89834
-7.86	0.89774
-7.87	0.897141
-7.88	0.896545
-7.89	0.895951
-7.9	0.895359
-7.91	0.89477
-7.92	0.894182
-7.93	0.893597
-7.94	0.893013
-7.95	0.892432
-7.96	0.891853
-7.97	0.891276
-7.98	0.890701
-7.99	0.890128
-8	0.889558
-8.01	0.888989
-8.02	0.888422
-8.03	0.887857
-8.04	0.887295
-8.05	0.886734
-8.06	0.886175
-8.07	0.885619
-8.08	0.885064
-8.09	0.884511
-8.1	0.88396
-8.11	0.883411
-8.12	0.882864
-8.13	0.882319
-8.14	0.881776
-8.15	0.881235
-8.16	0.880695
-8.17	0.880158
-8.18	0.879622
-8.19	0.879088
-8.2	0.878556
-8.21	0.878026
-8.22	0.877498
-8.23	0.876971
-8.24	0.876447
-8.25	0.875924
-8.26	0.875403
-8.27	0.874884
-8.28	0.874366
-8.29	0.87385
-8.3	0.873336
-8.31	0.872824
-8.32	0.872314
-8.33	0.871805
-8.34	0.871298
-8.35	0.870793
-8.36	0.870289
-8.37	0.869787
-8.38	0.869287
-8.39	0.868788
-8.4	0.868291
-8.41	0.867796
-8.42	0.867303
-8.43	0.866811
-8.44	0.86632
-8.45	0.865832
-8.46	0.865345
-8.47	0.864859
-8.48	0.864375
-8.49	0.863893
-8.5	0.863413
-8.51	0.862934
-8.52	0.862456
-8.53	0.86198
-8.54	0.861506
-8.55	0.861033
-8.56	0.860562
-8.57	0.860092
-8.58	0.859624
-8.59	0.859157
-8.6	0.858692
-8.61	0.858228
-8.62	0.857766
-8.63	0.857305
-8.64	0.856846
-8.65	0.856389
-8.66	0.855932
-8.67	0.855478
-8.68	0.855024
-8.69	0.854572
-8.7	0.854122
-8.71	0.853673
-8.72	0.853226
-8.73	0.852779
-8.74	0.852335
-8.75	0.851891
-8.76	0.851449
-8.77	0.851009
-8.78	0.85057
-8.79	0.850132
-8.8	0.849696
-8.81	0.849261
-8.82	0.848827
-8.83	0.848395
-8.84	0.847964
-8.85	0.847534
-8.86	0.847106
-8.87	0.846679
-8.88	0.846254
-8.89	0.84583
-8.9	0.845407
-8.91	0.844985
-8.92	0.844565
-8.93	0.844146
-8.94	0.843728
-8.95	0.843311
-8.96	0.842896
-8.97	0.842482
-8.98	0.84207
-8.99	0.841658
-9	0.841248
-9.01	0.840839
-9.02	0.840432
-9.03	0.840025
-9.04	0.83962
-9.05	0.839216
-9.06	0.838814
-9.07	0.838412
-9.08	0.838012
-9.09	0.837613
-9.1	0.837215
-9.11	0.836818
-9.12	0.836423
-9.13	0.836028
-9.14	0.835635
-9.15	0.835243
-9.16	0.834852
-9.17	0.834463
-9.18	0.834074
-9.19	0.833687
-9.2	0.833301
-9.21	0.832916
-9.22	0.832532
-9.23	0.832149
-9.24	0.831768
-9.25	0.831387
-9.26	0.831008
-9.27	0.830629
-9.28	0.830252
-9.29	0.829876
-9.3	0.829501
-9.31	0.829127
-9.32	0.828755
-9.33	0.828383
-9.34	0.828012
-9.35	0.827643
-9.36	0.827274
-9.37	0.826907
-9.38	0.82654
-9.39	0.826175
-9.4	0.825811
-9.41	0.825448
-9.42	0.825086
-9.43	0.824724
-9.44	0.824364
-9.45	0.824005
-9.46	0.823647
-9.47	0.82329
-9.48	0.822934
-9.49	0.822579
-9.5	0.822225
-9.51	0.821872
-9.52	0.82152
-9.53	0.821169
-9.54	0.820819
-9.55	0.82047
-9.56	0.820122
-9.57	0.819775
-9.58	0.819429
-9.59	0.819084
-9.6	0.81874
-9.61	0.818397
-9.62	0.818055
-9.63	0.817714
-9.64	0.817373
-9.65	0.817034
-9.66	0.816696
-9.67	0.816358
-9.68	0.816022
-9.69	0.815686
-9.7	0.815351
-9.71	0.815018
-9.72	0.814685
-9.73	0.814353
-9.74	0.814022
-9.75	0.813692
-9.76	0.813362
-9.77	0.813034
-9.78	0.812707
-9.79	0.81238
-9.8	0.812055
-9.81	0.81173
-9.82	0.811406
-9.83	0.811083
-9.84	0.810761
-9.85	0.81044
-9.86	0.81012
-9.87	0.8098
-9.88	0.809481
-9.89	0.809164
-9.9	0.808847
-9.91	0.808531
-9.92	0.808215
-9.93	0.807901
-9.94	0.807588
-9.95	0.807275
-9.96	0.806963
-9.97	0.806652
-9.98	0.806342
-9.99	0.806032
-10	0.805724
-10.01	0.805416
-10.02	0.805109
-10.03	0.804803
-10.04	0.804498
-10.05	0.804193
-10.06	0.80389
-10.07	0.803587
-10.08	0.803285
-10.09	0.802983
-10.1	0.802683
-10.11	0.802383
-10.12	0.802084
-10.13	0.801786
-10.14	0.801489
-10.15	0.801192
-10.16	0.800896
-10.17	0.800601
-10.18	0.800307
-10.19	0.800013
-10.2	0.799721
-10.21	0.799429
-10.22	0.799137
-10.23	0.798847
-10.24	0.798557
-10.25	0.798268
-10.26	0.79798
-10.27	0.797692
-10.28	0.797405
-10.29	0.797119
-10.3	0.796834
-10.31	0.796549
-10.32	0.796265
-10.33	0.795982
-10.34	0.7957
-10.35	0.795418
-10.36	0.795137
-10.37	0.794857
-10.38	0.794577
-10.39	0.794298
-10.4	0.79402
-10.41	0.793743
-10.42	0.793466
-10.43	0.79319
-10.44	0.792914
-10.45	0.79264
-10.46	0.792366
-10.47	0.792092
-10.48	0.79182
-10.49	0.791548
-10.5	0.791276
-10.51	0.791006
-10.52	0.790736
-10.53	0.790467
-10.54	0.790198
-10.55	0.78993
-10.56	0.789663
-10.57	0.789396
-10.58	0.78913
-10.59	0.788865
-10.6	0.7886
-10.61	0.788336
-10.62	0.788073
-10.63	0.78781
-10.64	0.787548
-10.65	0.787287
-10.66	0.787026
-10.67	0.786766
-10.68	0.786506
-10.69	0.786247
-10.7	0.785989
-10.71	0.785732
-10.72	0.785475
-10.73	0.785218
-10.74	0.784962
-10.75	0.784707
-10.76	0.784453
-10.77	0.784199
-10.78	0.783946
-10.79	0.783693
-10.8	0.783441
-10.81	0.783189
-10.82	0.782938
-10.83	0.782688
-10.84	0.782439
-10.85	0.782189
-10.86	0.781941
-10.87	0.781693
-10.88	0.781446
-10.89	0.781199
-10.9	0.780953
-10.91	0.780707
-10.92	0.780463
-10.93	0.780218
-10.94	0.779974
-10.95	0.779731
-10.96	0.779489
-10.97	0.779246
-10.98	0.779005
-10.99	0.778764
-11	0.778524
-11.01	0.778284
-11.02	0.778045
-11.03	0.777806
-11.04	0.777568
-11.05	0.77733
-11.06	0.777093
-11.07	0.776857
-11.08	0.776621
-11.09	0.776385
-11.1	0.776151
-11.11	0.775916
-11.12	0.775683
-11.13	0.775449
-11.14	0.775217
-11.15	0.774985
-11.16	0.774753
-11.17	0.774522
-11.18	0.774292
-11.19	0.774062
-11.2	0.773832
-11.21	0.773603
-11.22	0.773375
-11.23	0.773147
-11.24	0.772919
-11.25	0.772693
-11.26	0.772466
-11.27	0.77224
-11.28	0.772015
-11.29	0.77179
-11.3	0.771566
-11.31	0.771342
-11.32	0.771119
-11.33	0.770896
-11.34	0.770674
-11.35	0.770452
-11.36	0.770231
-11.37	0.77001
-11.38	0.76979
-11.39	0.76957
-11.4	0.769351
-11.41	0.769132
-11.42	0.768914
-11.43	0.768696
-11.44	0.768479
-11.45	0.768262
-11.46	0.768046
-11.47	0.76783
-11.48	0.767614
-11.49	0.7674
-11.5	0.767185
-11.51	0.766971
-11.52	0.766758
-11.53	0.766545
-11.54	0.766332
-11.55	0.76612
-11.56	0.765908
-11.57	0.765697
-11.58	0.765487
-11.59	0.765276
-11.6	0.765067
-11.61	0.764857
-11.62	0.764649
-11.63	0.76444
-11.64	0.764232
-11.65	0.764025
-11.66	0.763818
-11.67	0.763611
-11.68	0.763405
-11.69	0.7632
-11.7	0.762994
-11.71	0.76279
-11.72	0.762585
-11.73	0.762381
-11.74	0.762178
-11.75	0.761975
-11.76	0.761772
-11.77	0.76157
-11.78	0.761369
-11.79	0.761167
-11.8	0.760967
-11.81	0.760766
-11.82	0.760566
-11.83	0.760367
-11.84	0.760168
-11.85	0.759969
-11.86	0.759771
-11.87	0.759573
-11.88	0.759375
-11.89	0.759178
-11.9	0.758982
-11.91	0.758786
-11.92	0.75859
-11.93	0.758395
-11.94	0.7582
-11.95	0.758005
-11.96	0.757811
-11.97	0.757618
-11.98	0.757424
-11.99	0.757231
-12	0.757039
-12.01	0.756847
-12.02	0.756655
-12.03	0.756464
-12.04	0.756273
-12.05	0.756083
-12.06	0.755893
-12.07	0.755703
-12.08	0.755514
-12.09	0.755325
-12.1	0.755136
-12.11	0.754948
-12.12	0.754761
-12.13	0.754573
-12.14	0.754387
-12.15	0.7542
-12.16	0.754014
-12.17	0.753828
-12.18	0.753643
-12.19	0.753458
-12.2	0.753273
-12.21	0.753089
-12.22	0.752905
-12.23	0.752722
-12.24	0.752539
-12.25	0.752356
-12.26	0.752174
-12.27	0.751992
-12.28	0.75181
-12.29	0.751629
-12.3	0.751448
-12.31	0.751268
-12.32	0.751087
-12.33	0.750908
-12.34	0.750728
-12.35	0.750549
-12.36	0.750371
-12.37	0.750192
-12.38	0.750014
-12.39	0.749837
-12.4	0.74966
-12.41	0.749483
-12.42	0.749306
-12.43	0.74913
-12.44	0.748954
-12.45	0.748779
-12.46	0.748604
-12.47	0.748429
-12.48	0.748255
-12.49	0.748081
-12.5	0.747907
-12.51	0.747734
-12.52	0.747561
-12.53	0.747388
-12.54	0.747216
-12.55	0.747044
-12.56	0.746872
-12.57	0.746701
-12.58	0.74653
-12.59	0.74636
-12.6	0.746189
-12.61	0.746019
-12.62	0.74585
-12.63	0.745681
-12.64	0.745512
-12.65	0.745343
-12.66	0.745175
-12.67	0.745007
-12.68	0.744839
-12.69	0.744672
-12.7	0.744505
-12.71	0.744339
-12.72	0.744172
-12.73	0.744006
-12.74	0.743841
-12.75	0.743675
-12.76	0.74351
-12.77	0.743346
-12.78	0.743181
-12.79	0.743017
-12.8	0.742854
-12.81	0.74269
-12.82	0.742527
-12.83	0.742365
-12.84	0.742202
-12.85	0.74204
-12.86	0.741878
-12.87	0.741717
-12.88	0.741556
-12.89	0.741395
-12.9	0.741234
-12.91	0.741074
-12.92	0.740914
-12.93	0.740754
-12.94	0.740595
-12.95	0.740436
-12.96	0.740277
-12.97	0.740119
-12.98	0.739961
-12.99	0.739803
-13	0.739645
-13.01	0.739488
-13.02	0.739331
-13.03	0.739175
-13.04	0.739018
-13.05	0.738862
-13.06	0.738707
-13.07	0.738551
-13.08	0.738396
-13.09	0.738241
-13.1	0.738087
-13.11	0.737932
-13.12	0.737778
-13.13	0.737625
-13.14	0.737471
-13.15	0.737318
-13.16	0.737165
-13.17	0.737013
-13.18	0.736861
-13.19	0.736709
-13.2	0.736557
-13.21	0.736406
-13.22	0.736255
-13.23	0.736104
-13.24	0.735953
-13.25	0.735803
-13.26	0.735653
-13.27	0.735503
-13.28	0.735354
-13.29	0.735205
-13.3	0.735056
-13.31	0.734907
-13.32	0.734759
-13.33	0.734611
-13.34	0.734463
-13.35	0.734316
-13.36	0.734168
-13.37	0.734021
-13.38	0.733875
-13.39	0.733728
-13.4	0.733582
-13.41	0.733436
-13.42	0.733291
-13.43	0.733145
-13.44	0.733
-13.45	0.732855
-13.46	0.732711
-13.47	0.732567
-13.48	0.732423
-13.49	0.732279
-13.5	0.732135
-13.51	0.731992
-13.52	0.731849
-13.53	0.731706
-13.54	0.731564
-13.55	0.731422
-13.56	0.73128
-13.57	0.731138
-13.58	0.730997
-13.59	0.730855
-13.6	0.730715
-13.61	0.730574
-13.62	0.730433
-13.63	0.730293
-13.64	0.730153
-13.65	0.730014
-13.66	0.729874
-13.67	0.729735
-13.68	0.729596
-13.69	0.729458
-13.7	0.729319
-13.71	0.729181
-13.72	0.729043
-13.73	0.728905
-13.74	0.728768
-13.75	0.728631
-13.76	0.728494
-13.77	0.728357
-13.78	0.728221
-13.79	0.728085
-13.8	0.727949
-13.81	0.727813
-13.82	0.727677
-13.83	0.727542
-13.84	0.727407
-13.85	0.727272
-13.86	0.727138
-13.87	0.727004
-13.88	0.72687
-13.89	0.726736
-13.9	0.726602
-13.91	0.726469
-13.92	0.726336
-13.93	0.726203
-13.94	0.72607
-13.95	0.725938
-13.96	0.725806
-13.97	0.725674
-13.98	0.725542
-13.99	0.72541
-14	0.725279
-14.01	0.725148
-14.02	0.725017
-14.03	0.724887
-14.04	0.724756
-14.05	0.724626
-14.06	0.724496
-14.07	0.724367
-14.08	0.724237
-14.09	0.724108
-14.1	0.723979
-14.11	0.72385
-14.12	0.723722
-14.13	0.723593
-14.14	0.723465
-14.15	0.723337
-14.16	0.72321
-14.17	0.723082
-14.18	0.722955
-14.19	0.722828
-14.2	0.722701
-14.21	0.722574
-14.22	0.722448
-14.23	0.722322
-14.24	0.722196
-14.25	0.72207
-14.26	0.721945
-14.27	0.721819
-14.28	0.721694
-14.29	0.721569
-14.3	0.721445
-14.31	0.72132
-14.32	0.721196
-14.33	0.721072
-14.34	0.720948
-14.35	0.720825
-14.36	0.720701
-14.37	0.720578
-14.38	0.720455
-14.39	0.720332
-14.4	0.72021
-14.41	0.720087
-14.42	0.719965
-14.43	0.719843
-14.44	0.719721
-14.45	0.7196
-14.46	0.719479
-14.47	0.719357
-14.48	0.719236
-14.49	0.719116
-14.5	0.718995
-14.51	0.718875
-14.52	0.718755
-14.53	0.718635
-14.54	0.718515
-14.55	0.718396
-14.56	0.718276
-14.57	0.718157
-14.58	0.718038
-14.59	0.717919
-14.6	0.717801
-14.61	0.717683
-14.62	0.717564
-14.63	0.717446
-14.64	0.717329
-14.65	0.717211
-14.66	0.717094
-14.67	0.716977
-14.68	0.71686
-14.69	0.716743
-14.7	0.716626
-14.71	0.71651
-14.72	0.716394
-14.73	0.716278
-14.74	0.716162
-14.75	0.716046
-14.76	0.715931
-14.77	0.715815
-14.78	0.7157
-14.79	0.715585
-14.8	0.715471
-14.81	0.715356
-14.82	0.715242
-14.83	0.715128
-14.84	0.715014
-14.85	0.7149
-14.86	0.714786
-14.87	0.714673
-14.88	0.71456
-14.89	0.714447
-14.9	0.714334
-14.91	0.714221
-14.92	0.714109
-14.93	0.713996
-14.94	0.713884
-14.95	0.713772
-14.96	0.71366
-14.97	0.713549
-14.98	0.713437
-14.99	0.713326
-15	0.713215
-15.01	0.713104
-15.02	0.712994
-15.03	0.712883
-15.04	0.712773
-15.05	0.712662
-15.06	0.712552
-15.07	0.712443
-15.08	0.712333
-15.09	0.712223
-15.1	0.712114
-15.11	0.712005
-15.12	0.711896
-15.13	0.711787
-15.14	0.711679
-15.15	0.71157
-15.16	0.711462
-15.17	0.711354
-15.18	0.711246
-15.19	0.711138
-15.2	0.711031
-15.21	0.710923
-15.22	0.710816
-15.23	0.710709
-15.24	0.710602
-15.25	0.710495
-15.26	0.710389
-15.27	0.710282
-15.28	0.710176
-15.29	0.71007
-15.3	0.709964
-15.31	0.709858
-15.32	0.709753
-15.33	0.709647
-15.34	0.709542
-15.35	0.709437
-15.36	0.709332
-15.37	0.709228
-15.38	0.709123
-15.39	0.709019
-15.4	0.708914
-15.41	0.70881
-15.42	0.708706
-15.43	0.708602
-15.44	0.708499
-15.45	0.708395
-15.46	0.708292
-15.47	0.708189
-15.48	0.708086
-15.49	0.707983
-15.5	0.70788
-15.51	0.707778
-15.52	0.707676
-15.53	0.707573
-15.54	0.707471
-15.55	0.70737
-15.56	0.707268
-15.57	0.707166
-15.58	0.707065
-15.59	0.706964
-15.6	0.706863
-15.61	0.706762
-15.62	0.706661
-15.63	0.70656
-15.64	0.70646
-15.65	0.706359
-15.66	0.706259
-15.67	0.706159
-15.68	0.706059
-15.69	0.70596
-15.7	0.70586
-15.71	0.705761
-15.72	0.705661
-15.73	0.705562
-15.74	0.705463
-15.75	0.705365
-15.76	0.705266
-15.77	0.705167
-15.78	0.705069
-15.79	0.704971
-15.8	0.704873
-15.81	0.704775
-15.82	0.704677
-15.83	0.704579
-15.84	0.704482
-15.85	0.704385
-15.86	0.704287
-15.87	0.70419
-15.88	0.704094
-15.89	0.703997
-15.9	0.7039
-15.91	0.703804
-15.92	0.703707
-15.93	0.703611
-15.94	0.703515
-15.95	0.703419
-15.96	0.703324
-15.97	0.703228
-15.98	0.703133
-15.99	0.703037
-16	0.702942
-16.01	0.702847
-16.02	0.702752
-16.03	0.702657
-16.04	0.702563
-16.05	0.702468
-16.06	0.702374
-16.07	0.70228
-16.08	0.702186
-16.09	0.702092
-16.1	0.701998
-16.11	0.701904
-16.12	0.701811
-16.13	0.701718
-16.14	0.701624
-16.15	0.701531
-16.16	0.701438
-16.17	0.701346
-16.18	0.701253
-16.19	0.70116
-16.2	0.701068
-16.21	0.700976
-16.22	0.700884
-16.23	0.700791
-16.24	0.7007
-16.25	0.700608
-16.26	0.700516
-16.27	0.700425
-16.28	0.700333
-16.29	0.700242
-16.3	0.700151
-16.31	0.70006
-16.32	0.699969
-16.33	0.699879
-16.34	0.699788
-16.35	0.699698
-16.36	0.699608
-16.37	0.699517
-16.38	0.699427
-16.39	0.699338
-16.4	0.699248
-16.41	0.699158
-16.42	0.699069
-16.43	0.698979
-16.44	0.69889
-16.45	0.698801
-16.46	0.698712
-16.47	0.698623
-16.48	0.698534
-16.49	0.698446
-16.5	0.698357
-16.51	0.698269
-16.52	0.698181
-16.53	0.698093
-16.54	0.698005
-16.55	0.697917
-16.56	0.697829
-16.57	0.697742
-16.58	0.697654
-16.59	0.697567
-16.6	0.697479
-16.61	0.697392
-16.62	0.697305
-16.63	0.697219
-16.64	0.697132
-16.65	0.697045
-16.66	0.696959
-16.67	0.696872
-16.68	0.696786
-16.69	0.6967
-16.7	0.696614
-16.71	0.696528
-16.72	0.696442
-16.73	0.696357
-16.74	0.696271
-16.75	0.696186
-16.76	0.696101
-16.77	0.696015
-16.78	0.69593
-16.79	0.695846
-16.8	0.695761
-16.81	0.695676
-16.82	0.695592
-16.83	0.695507
-16.84	0.695423
-16.85	0.695339
-16.86	0.695255
-16.87	0.695171
-16.88	0.695087
-16.89	0.695003
-16.9	0.694919
-16.91	0.694836
-16.92	0.694753
-16.93	0.694669
-16.94	0.694586
-16.95	0.694503
-16.96	0.69442
-16.97	0.694337
-16.98	0.694255
-16.99	0.694172
-17	0.69409
-17.01	0.694007
-17.02	0.693925
-17.03	0.693843
-17.04	0.693761
-17.05	0.693679
-17.06	0.693597
-17.07	0.693516
-17.08	0.693434
-17.09	0.693353
-17.1	0.693271
-17.11	0.69319
-17.12	0.693109
-17.13	0.693028
-17.14	0.692947
-17.15	0.692866
-17.16	0.692786
-17.17	0.692705
-17.18	0.692625
-17.19	0.692544
-17.2	0.692464
-17.21	0.692384
-17.22	0.692304
-17.23	0.692224
-17.24	0.692144
-17.25	0.692065
-17.26	0.691985
-17.27	0.691906
-17.28	0.691826
-17.29	0.691747
-17.3	0.691668
-17.31	0.691589
-17.32	0.69151
-17.33	0.691431
-17.34	0.691352
-17.35	0.691274
-17.36	0.691195
-17.37	0.691117
-17.38	0.691039
-17.39	0.69096
-17.4	0.690882
-17.41	0.690804
-17.42	0.690726
-17.43	0.690649
-17.44	0.690571
-17.45	0.690493
-17.46	0.690416
-17.47	0.690339
-17.48	0.690261
-17.49	0.690184
-17.5	0.690107
-17.51	0.69003
-17.52	0.689954
-17.53	0.689877
-17.54	0.6898
-17.55	0.689724
-17.56	0.689647
-17.57	0.689571
-17.58	0.689495
-17.59	0.689419
-17.6	0.689343
-17.61	0.689267
-17.62	0.689191
-17.63	0.689115
-17.64	0.689039
-17.65	0.688964
-17.66	0.688889
-17.67	0.688813
-17.68	0.688738
-17.69	0.688663
-17.7	0.688588
-17.71	0.688513
-17.72	0.688438
-17.73	0.688363
-17.74	0.688289
-17.75	0.688214
-17.76	0.68814
-17.77	0.688066
-17.78	0.687991
-17.79	0.687917
-17.8	0.687843
-17.81	0.687769
-17.82	0.687695
-17.83	0.687622
-17.84	0.687548
-17.85	0.687474
-17.86	0.687401
-17.87	0.687328
-17.88	0.687254
-17.89	0.687181
-17.9	0.687108
-17.91	0.687035
-17.92	0.686962
-17.93	0.686889
-17.94	0.686817
-17.95	0.686744
-17.96	0.686672
-17.97	0.686599
-17.98	0.686527
-17.99	0.686455
-18	0.686383
-18.01	0.686311
-18.02	0.686239
-18.03	0.686167
-18.04	0.686095
-18.05	0.686023
-18.06	0.685952
-18.07	0.68588
-18.08	0.685809
-18.09	0.685738
-18.1	0.685666
-18.11	0.685595
-18.12	0.685524
-18.13	0.685453
-18.14	0.685383
-18.15	0.685312
-18.16	0.685241
-18.17	0.685171
-18.18	0.6851
-18.19	0.68503
-18.2	0.684959
-18.21	0.684889
-18.22	0.684819
-18.23	0.684749
-18.24	0.684679
-18.25	0.684609
-18.26	0.684539
-18.27	0.68447
-18.28	0.6844
-18.29	0.684331
-18.3	0.684261
-18.31	0.684192
-18.32	0.684123
-18.33	0.684054
-18.34	0.683985
-18.35	0.683916
-18.36	0.683847
-18.37	0.683778
-18.38	0.683709
-18.39	0.683641
-18.4	0.683572
-18.41	0.683504
-18.42	0.683435
-18.43	0.683367
-18.44	0.683299
-18.45	0.683231
-18.46	0.683163
-18.47	0.683095
-18.48	0.683027
-18.49	0.682959
-18.5	0.682891
-18.51	0.682824
-18.52	0.682756
-18.53	0.682689
-18.54	0.682622
-18.55	0.682554
-18.56	0.682487
-18.57	0.68242
-18.58	0.682353
-18.59	0.682286
-18.6	0.682219
-18.61	0.682153
-18.62	0.682086
-18.63	0.682019
-18.64	0.681953
-18.65	0.681886
-18.66	0.68182
-18.67	0.681754
-18.68	0.681688
-18.69	0.681622
-18.7	0.681556
-18.71	0.68149
-18.72	0.681424
-18.73	0.681358
-18.74	0.681292
-18.75	0.681227
-18.76	0.681161
-18.77	0.681096
-18.78	0.68103
-18.79	0.680965
-18.8	0.6809
-18.81	0.680835
-18.82	0.68077
-18.83	0.680705
-18.84	0.68064
-18.85	0.680575
-18.86	0.68051
-18.87	0.680446
-18.88	0.680381
-18.89	0.680317
-18.9	0.680252
-18.91	0.680188
-18.92	0.680124
-18.93	0.68006
-18.94	0.679996
-18.95	0.679932
-18.96	0.679868
-18.97	0.679804
-18.98	0.67974
-18.99	0.679676
-19	0.679613
-19.01	0.679549
-19.02	0.679486
-19.03	0.679422
-19.04	0.679359
-19.05	0.679296
-19.06	0.679232
-19.07	0.679169
-19.08	0.679106
-19.09	0.679043
-19.1	0.678981
-19.11	0.678918
-19.12	0.678855
-19.13	0.678792
-19.14	0.67873
-19.15	0.678667
-19.16	0.678605
-19.17	0.678543
-19.18	0.678481
-19.19	0.678418
-19.2	0.678356
-19.21	0.678294
-19.22	0.678232
-19.23	0.67817
-19.24	0.678109
-19.25	0.678047
-19.26	0.677985
-19.27	0.677924
-19.28	0.677862
-19.29	0.677801
-19.3	0.677739
-19.31	0.677678
-19.32	0.677617
-19.33	0.677556
-19.34	0.677495
-19.35	0.677434
-19.36	0.677373
-19.37	0.677312
-19.38	0.677251
-19.39	0.67719
-19.4	0.67713
-19.41	0.677069
-19.42	0.677009
-19.43	0.676948
-19.44	0.676888
-19.45	0.676828
-19.46	0.676767
-19.47	0.676707
-19.48	0.676647
-19.49	0.676587
-19.5	0.676527
-19.51	0.676467
-19.52	0.676408
-19.53	0.676348
-19.54	0.676288
-19.55	0.676229
-19.56	0.676169
-19.57	0.67611
-19.58	0.67605
-19.59	0.675991
-19.6	0.675932
-19.61	0.675873
-19.62	0.675814
-19.63	0.675755
-19.64	0.675696
-19.65	0.675637
-19.66	0.675578
-19.67	0.675519
-19.68	0.675461
-19.69	0.675402
-19.7	0.675343
-19.71	0.675285
-19.72	0.675227
-19.73	0.675168
-19.74	0.67511
-19.75	0.675052
-19.76	0.674994
-19.77	0.674936
-19.78	0.674878
-19.79	0.67482
-19.8	0.674762
-19.81	0.674704
-19.82	0.674646
-19.83	0.674589
-19.84	0.674531
-19.85	0.674474
-19.86	0.674416
-19.87	0.674359
-19.88	0.674301
-19.89	0.674244
-19.9	0.674187
-19.91	0.67413
-19.92	0.674073
-19.93	0.674016
-19.94	0.673959
-19.95	0.673902
-19.96	0.673845
-19.97	0.673789
-19.98	0.673732
-19.99	0.673675
-20	0.673619
-20.01	0.673562
-20.02	0.673506
-20.03	0.67345
-20.04	0.673393
-20.05	0.673337
-20.06	0.673281
-20.07	0.673225
-20.08	0.673169
-20.09	0.673113
-20.1	0.673057
-20.11	0.673001
-20.12	0.672945
-20.13	0.67289
-20.14	0.672834
-20.15	0.672778
-20.16	0.672723
-20.17	0.672668
-20.18	0.672612
-20.19	0.672557
-20.2	0.672502
-20.21	0.672446
-20.22	0.672391
-20.23	0.672336
-20.24	0.672281
-20.25	0.672226
-20.26	0.672171
-20.27	0.672116
-20.28	0.672062
-20.29	0.672007
-20.3	0.671952
-20.31	0.671898
-20.32	0.671843
-20.33	0.671789
-20.34	0.671734
-20.35	0.67168
-20.36	0.671626
-20.37	0.671572
-20.38	0.671517
-20.39	0.671463
-20.4	0.671409
-20.41	0.671355
-20.42	0.671301
-20.43	0.671248
-20.44	0.671194
-20.45	0.67114
-20.46	0.671086
-20.47	0.671033
-20.48	0.670979
-20.49	0.670926
-20.5	0.670872
-20.51	0.670819
-20.52	0.670766
-20.53	0.670712
-20.54	0.670659
-20.55	0.670606
-20.56	0.670553
-20.57	0.6705
-20.58	0.670447
-20.59	0.670394
-20.6	0.670341
-20.61	0.670289
-20.62	0.670236
-20.63	0.670183
-20.64	0.670131
-20.65	0.670078
-20.66	0.670026
-20.67	0.669973
-20.68	0.669921
-20.69	0.669868
-20.7	0.669816
-20.71	0.669764
-20.72	0.669712
-20.73	0.66966
-20.74	0.669608
-20.75	0.669556
-20.76	0.669504
-20.77	0.669452
-20.78	0.6694
-20.79	0.669349
-20.8	0.669297
-20.81	0.669245
-20.82	0.669194
-20.83	0.669142
-20.84	0.669091
-20.85	0.669039
-20.86	0.668988
-20.87	0.668937
-20.88	0.668885
-20.89	0.668834
-20.9	0.668783
-20.91	0.668732
-20.92	0.668681
-20.93	0.66863
-20.94	0.668579
-20.95	0.668528
-20.96	0.668478
-20.97	0.668427
-20.98	0.668376
-20.99	0.668326
-21	0.668275
-21.01	0.668224
-21.02	0.668174
-21.03	0.668124
-21.04	0.668073
-21.05	0.668023
-21.06	0.667973
-21.07	0.667923
-21.08	0.667872
-21.09	0.667822
-21.1	0.667772
-21.11	0.667722
-21.12	0.667672
-21.13	0.667623
-21.14	0.667573
-21.15	0.667523
-21.16	0.667473
-21.17	0.667424
-21.18	0.667374
-21.19	0.667325
-21.2	0.667275
-21.21	0.667226
-21.22	0.667176
-21.23	0.667127
-21.24	0.667078
-21.25	0.667028
-21.26	0.666979
-21.27	0.66693
-21.28	0.666881
-21.29	0.666832
-21.3	0.666783
-21.31	0.666734
-21.32	0.666685
-21.33	0.666637
-21.34	0.666588
-21.35	0.666539
-21.36	0.66649
-21.37	0.666442
-21.38	0.666393
-21.39	0.666345
-21.4	0.666296
-21.41	0.666248
-21.42	0.6662
-21.43	0.666151
-21.44	0.666103
-21.45	0.666055
-21.46	0.666007
-21.47	0.665959
-21.48	0.665911
-21.49	0.665863
-21.5	0.665815
-21.51	0.665767
-21.52	0.665719
-21.53	0.665671
-21.54	0.665624
-21.55	0.665576
-21.56	0.665528
-21.57	0.665481
-21.58	0.665433
-21.59	0.665386
-21.6	0.665338
-21.61	0.665291
-21.62	0.665244
-21.63	0.665196
-21.64	0.665149
-21.65	0.665102
-21.66	0.665055
-21.67	0.665008
-21.68	0.664961
-21.69	0.664914
-21.7	0.664867
-21.71	0.66482
-21.72	0.664773
-21.73	0.664726
-21.74	0.664679
-21.75	0.664633
-21.76	0.664586
-21.77	0.66454
-21.78	0.664493
-21.79	0.664446
-21.8	0.6644
-21.81	0.664354
-21.82	0.664307
-21.83	0.664261
-21.84	0.664215
-21.85	0.664168
-21.86	0.664122
-21.87	0.664076
-21.88	0.66403
-21.89	0.663984
-21.9	0.663938
-21.91	0.663892
-21.92	0.663846
-21.93	0.663801
-21.94	0.663755
-21.95	0.663709
-21.96	0.663663
-21.97	0.663618
-21.98	0.663572
-21.99	0.663527
-22	0.663481
-22.01	0.663436
-22.02	0.66339
-22.03	0.663345
-22.04	0.6633
-22.05	0.663254
-22.06	0.663209
-22.07	0.663164
-22.08	0.663119
-22.09	0.663074
-22.1	0.663029
-22.11	0.662984
-22.12	0.662939
-22.13	0.662894
-22.14	0.662849
-22.15	0.662804
-22.16	0.662759
-22.17	0.662715
-22.18	0.66267
-22.19	0.662625
-22.2	0.662581
-22.21	0.662536
-22.22	0.662492
-22.23	0.662448
-22.24	0.662403
-22.25	0.662359
-22.26	0.662314
-22.27	0.66227
-22.28	0.662226
-22.29	0.662182
-22.3	0.662138
-22.31	0.662094
-22.32	0.66205
-22.33	0.662006
-22.34	0.661962
-22.35	0.661918
-22.36	0.661874
-22.37	0.66183
-22.38	0.661786
-22.39	0.661743
-22.4	0.661699
-22.41	0.661655
-22.42	0.661612
-22.43	0.661568
-22.44	0.661525
-22.45	0.661481
-22.46	0.661438
-22.47	0.661394
-22.48	0.661351
-22.49	0.661308
-22.5	0.661265
-22.51	0.661221
-22.52	0.661178
-22.53	0.661135
-22.54	0.661092
-22.55	0.661049
-22.56	0.661006
-22.57	0.660963
-22.58	0.66092
-22.59	0.660877
-22.6	0.660834
-22.61	0.660792
-22.62	0.660749
-22.63	0.660706
-22.64	0.660664
-22.65	0.660621
-22.66	0.660579
-22.67	0.660536
-22.68	0.660494
-22.69	0.660451
-22.7	0.660409
-22.71	0.660366
-22.72	0.660324
-22.73	0.660282
-22.74	0.66024
-22.75	0.660197
-22.76	0.660155
-22.77	0.660113
-22.78	0.660071
-22.79	0.660029
-22.8	0.659987
-22.81	0.659945
-22.82	0.659903
-22.83	0.659862
-22.84	0.65982
-22.85	0.659778
-22.86	0.659736
-22.87	0.659695
-22.88	0.659653
-22.89	0.659611
-22.9	0.65957
-22.91	0.659528
-22.92	0.659487
-22.93	0.659445
-22.94	0.659404
-22.95	0.659363
-22.96	0.659321
-22.97	0.65928
-22.98	0.659239
-22.99	0.659198
-23	0.659157
-23.01	0.659115
-23.02	0.659074
-23.03	0.659033
-23.04	0.658992
-23.05	0.658951
-23.06	0.65891
-23.07	0.65887
-23.08	0.658829
-23.09	0.658788
-23.1	0.658747
-23.11	0.658706
-23.12	0.658666
-23.13	0.658625
-23.14	0.658585
-23.15	0.658544
-23.16	0.658504
-23.17	0.658463
-23.18	0.658423
-23.19	0.658382
-23.2	0.658342
-23.21	0.658302
-23.22	0.658261
-23.23	0.658221
-23.24	0.658181
-23.25	0.658141
-23.26	0.658101
-23.27	0.65806
-23.28	0.65802
-23.29	0.65798
-23.3	0.65794
-23.31	0.657901
-23.32	0.657861
-23.33	0.657821
-23.34	0.657781
-23.35	0.657741
-23.36	0.657701
-23.37	0.657662
-23.38	0.657622
-23.39	0.657583
-23.4	0.657543
-23.41	0.657503
-23.42	0.657464
-23.43	0.657424
-23.44	0.657385
-23.45	0.657346
-23.46	0.657306
-23.47	0.657267
-23.48	0.657228
-23.49	0.657188
-23.5	0.657149
-23.51	0.65711
-23.52	0.657071
-23.53	0.657032
-23.54	0.656993
-23.55	0.656954
-23.56	0.656915
-23.57	0.656876
-23.58	0.656837
-23.59	0.656798
-23.6	0.656759
-23.61	0.65672
-23.62	0.656682
-23.63	0.656643
-23.64	0.656604
-23.65	0.656566
-23.66	0.656527
-23.67	0.656488
-23.68	0.65645
-23.69	0.656411
-23.7	0.656373
-23.71	0.656334
-23.72	0.656296
-23.73	0.656258
-23.74	0.656219
-23.75	0.656181
-23.76	0.656143
-23.77	0.656105
-23.78	0.656066
-23.79	0.656028
-23.8	0.65599
-23.81	0.655952
-23.82	0.655914
-23.83	0.655876
-23.84	0.655838
-23.85	0.6558
-23.86	0.655762
-23.87	0.655724
-23.88	0.655687
-23.89	0.655649
-23.9	0.655611
-23.91	0.655573
-23.92	0.655536
-23.93	0.655498
-23.94	0.65546
-23.95	0.655423
-23.96	0.655385
-23.97	0.655348
-23.98	0.65531
-23.99	0.655273
-24	0.655236
-24.01	0.655198
-24.02	0.655161
-24.03	0.655124
-24.04	0.655086
-24.05	0.655049
-24.06	0.655012
-24.07	0.654975
-24.08	0.654938
-24.09	0.6549
-24.1	0.654863
-24.11	0.654826
-24.12	0.654789
-24.13	0.654752
-24.14	0.654716
-24.15	0.654679
-24.16	0.654642
-24.17	0.654605
-24.18	0.654568
-24.19	0.654532
-24.2	0.654495
-24.21	0.654458
-24.22	0.654422
-24.23	0.654385
-24.24	0.654348
-24.25	0.654312
-24.26	0.654275
-24.27	0.654239
-24.28	0.654202
-24.29	0.654166
-24.3	0.65413
-24.31	0.654093
-24.32	0.654057
-24.33	0.654021
-24.34	0.653984
-24.35	0.653948
-24.36	0.653912
-24.37	0.653876
-24.38	0.65384
-24.39	0.653804
-24.4	0.653768
-24.41	0.653732
-24.42	0.653696
-24.43	0.65366
-24.44	0.653624
-24.45	0.653588
-24.46	0.653552
-24.47	0.653516
-24.48	0.653481
-24.49	0.653445
-24.5	0.653409
-24.51	0.653373
-24.52	0.653338
-24.53	0.653302
-24.54	0.653267
-24.55	0.653231
-24.56	0.653196
-24.57	0.65316
-24.58	0.653125
-24.59	0.653089
-24.6	0.653054
-24.61	0.653018
-24.62	0.652983
-24.63	0.652948
-24.64	0.652913
-24.65	0.652877
-24.66	0.652842
-24.67	0.652807
-24.68	0.652772
-24.69	0.652737
-24.7	0.652702
-24.71	0.652667
-24.72	0.652632
-24.73	0.652597
-24.74	0.652562
-24.75	0.652527
-24.76	0.652492
-24.77	0.652457
-24.78	0.652422
-24.79	0.652388
-24.8	0.652353
-24.81	0.652318
-24.82	0.652283
-24.83	0.652249
-24.84	0.652214
-24.85	0.652179
-24.86	0.652145
-24.87	0.65211
-24.88	0.652076
-24.89	0.652041
-24.9	0.652007
-24.91	0.651973
-24.92	0.651938
-24.93	0.651904
-24.94	0.65187
-24.95	0.651835
-24.96	0.651801
-24.97	0.651767
-24.98	0.651733
-24.99	0.651698
-25	0.651664
-25.01	0.65163
-25.02	0.651596
-25.03	0.651562
-25.04	0.651528
-25.05	0.651494
-25.06	0.65146
-25.07	0.651426
-25.08	0.651392
-25.09	0.651358
-25.1	0.651325
-25.11	0.651291
-25.12	0.651257
-25.13	0.651223
-25.14	0.65119
-25.15	0.651156
-25.16	0.651122
-25.17	0.651089
-25.18	0.651055
-25.19	0.651021
-25.2	0.650988
-25.21	0.650954
-25.22	0.650921
-25.23	0.650887
-25.24	0.650854
-25.25	0.650821
-25.26	0.650787
-25.27	0.650754
-25.28	0.650721
-25.29	0.650687
-25.3	0.650654
-25.31	0.650621
-25.32	0.650588
-25.33	0.650555
-25.34	0.650521
-25.35	0.650488
-25.36	0.650455
-25.37	0.650422
-25.38	0.650389
-25.39	0.650356
-25.4	0.650323
-25.41	0.65029
-25.42	0.650258
-25.43	0.650225
-25.44	0.650192
-25.45	0.650159
-25.46	0.650126
-25.47	0.650093
-25.48	0.650061
-25.49	0.650028
-25.5	0.649995
-25.51	0.649963
-25.52	0.64993
-25.53	0.649898
-25.54	0.649865
-25.55	0.649833
-25.56	0.6498
-25.57	0.649768
-25.58	0.649735
-25.59	0.649703
-25.6	0.64967
-25.61	0.649638
-25.62	0.649606
-25.63	0.649573
-25.64	0.649541
-25.65	0.649509
-25.66	0.649477
-25.67	0.649445
-25.68	0.649412
-25.69	0.64938
-25.7	0.649348
-25.71	0.649316
-25.72	0.649284
-25.73	0.649252
-25.74	0.64922
-25.75	0.649188
-25.76	0.649156
-25.77	0.649124
-25.78	0.649092
-25.79	0.64906
-25.8	0.649029
-25.81	0.648997
-25.82	0.648965
-25.83	0.648933
-25.84	0.648902
-25.85	0.64887
-25.86	0.648838
-25.87	0.648807
-25.88	0.648775
-25.89	0.648744
-25.9	0.648712
-25.91	0.64868
-25.92	0.648649
-25.93	0.648617
-25.94	0.648586
-25.95	0.648555
-25.96	0.648523
-25.97	0.648492
-25.98	0.648461
-25.99	0.648429
-26	0.648398
-26.01	0.648367
-26.02	0.648335
-26.03	0.648304
-26.04	0.648273
-26.05	0.648242
-26.06	0.648211
-26.07	0.64818
-26.08	0.648149
-26.09	0.648118
-26.1	0.648087
-26.11	0.648056
-26.12	0.648025
-26.13	0.647994
-26.14	0.647963
-26.15	0.647932
-26.16	0.647901
-26.17	0.64787
-26.18	0.647839
-26.19	0.647809
-26.2	0.647778
-26.21	0.647747
-26.22	0.647716
-26.23	0.647686
-26.24	0.647655
-26.25	0.647624
-26.26	0.647594
-26.27	0.647563
-26.28	0.647533
-26.29	0.647502
-26.3	0.647472
-26.31	0.647441
-26.32	0.647411
-26.33	0.64738
-26.34	0.64735
-26.35	0.64732
-26.36	0.647289
-26.37	0.647259
-26.38	0.647229
-26.39	0.647198
-26.4	0.647168
-26.41	0.647138
-26.42	0.647108
-26.43	0.647078
-26.44	0.647047
-26.45	0.647017
-26.46	0.646987
-26.47	0.646957
-26.48	0.646927
-26.49	0.646897
-26.5	0.646867
-26.51	0.646837
-26.52	0.646807
-26.53	0.646777
-26.54	0.646747
-26.55	0.646718
-26.56	0.646688
-26.57	0.646658
-26.58	0.646628
-26.59	0.646598
-26.6	0.646569
-26.61	0.646539
-26.62	0.646509
-26.63	0.64648
-26.64	0.64645
-26.65	0.64642
-26.66	0.646391
-26.67	0.646361
-26.68	0.646332
-26.69	0.646302
-26.7	0.646273
-26.71	0.646243
-26.72	0.646214
-26.73	0.646184
-26.74	0.646155
-26.75	0.646126
-26.76	0.646096
-26.77	0.646067
-26.78	0.646038
-26.79	0.646008
-26.8	0.645979
-26.81	0.64595
-26.82	0.645921
-26.83	0.645891
-26.84	0.645862
-26.85	0.645833
-26.86	0.645804
-26.87	0.645775
-26.88	0.645746
-26.89	0.645717
-26.9	0.645688
-26.91	0.645659
-26.92	0.64563
-26.93	0.645601
-26.94	0.645572
-26.95	0.645543
-26.96	0.645514
-26.97	0.645486
-26.98	0.645457
-26.99	0.645428
-27	0.645399
-27.01	0.64537
-27.02	0.645342
-27.03	0.645313
-27.04	0.645284
-27.05	0.645256
-27.06	0.645227
-27.07	0.645198
-27.08	0.64517
-27.09	0.645141
-27.1	0.645113
-27.11	0.645084
-27.12	0.645056
-27.13	0.645027
-27.14	0.644999
-27.15	0.64497
-27.16	0.644942
-27.17	0.644914
-27.18	0.644885
-27.19	0.644857
-27.2	0.644829
-27.21	0.6448
-27.22	0.644772
-27.23	0.644744
-27.24	0.644716
-27.25	0.644687
-27.26	0.644659
-27.27	0.644631
-27.28	0.644603
-27.29	0.644575
-27.3	0.644547
-27.31	0.644519
-27.32	0.644491
-27.33	0.644463
-27.34	0.644435
-27.35	0.644407
-27.36	0.644379
-27.37	0.644351
-27.38	0.644323
-27.39	0.644295
-27.4	0.644267
-27.41	0.644239
-27.42	0.644212
-27.43	0.644184
-27.44	0.644156
-27.45	0.644128
-27.46	0.644101
-27.47	0.644073
-27.48	0.644045
-27.49	0.644018
-27.5	0.64399
-27.51	0.643962
-27.52	0.643935
-27.53	0.643907
-27.54	0.64388
-27.55	0.643852
-27.56	0.643825
-27.57	0.643797
-27.58	0.64377
-27.59	0.643742
-27.6	0.643715
-27.61	0.643688
-27.62	0.64366
-27.63	0.643633
-27.64	0.643606
-27.65	0.643578
-27.66	0.643551
-27.67	0.643524
-27.68	0.643496
-27.69	0.643469
-27.7	0.643442
-27.71	0.643415
-27.72	0.643388
-27.73	0.643361
-27.74	0.643333
-27.75	0.643306
-27.76	0.643279
-27.77	0.643252
-27.78	0.643225
-27.79	0.643198
-27.8	0.643171
-27.81	0.643144
-27.82	0.643117
-27.83	0.643091
-27.84	0.643064
-27.85	0.643037
-27.86	0.64301
-27.87	0.642983
-27.88	0.642956
-27.89	0.642929
-27.9	0.642903
-27.91	0.642876
-27.92	0.642849
-27.93	0.642823
-27.94	0.642796
-27.95	0.642769
-27.96	0.642743
-27.97	0.642716
-27.98	0.642689
-27.99	0.642663
-28	0.642636
-28.01	0.64261
-28.02	0.642583
-28.03	0.642557
-28.04	0.64253
-28.05	0.642504
-28.06	0.642477
-28.07	0.642451
-28.08	0.642425
-28.09	0.642398
-28.1	0.642372
-28.11	0.642346
-28.12	0.642319
-28.13	0.642293
-28.14	0.642267
-28.15	0.64224
-28.16	0.642214
-28.17	0.642188
-28.18	0.642162
-28.19	0.642136
-28.2	0.64211
-28.21	0.642083
-28.22	0.642057
-28.23	0.642031
-28.24	0.642005
-28.25	0.641979
-28.26	0.641953
-28.27	0.641927
-28.28	0.641901
-28.29	0.641875
-28.3	0.641849
-28.31	0.641823
-28.32	0.641797
-28.33	0.641772
-28.34	0.641746
-28.35	0.64172
-28.36	0.641694
-28.37	0.641668
-28.38	0.641643
-28.39	0.641617
-28.4	0.641591
-28.41	0.641565
-28.42	0.64154
-28.43	0.641514
-28.44	0.641488
-28.45	0.641463
-28.46	0.641437
-28.47	0.641411
-28.48	0.641386
-28.49	0.64136
-28.5	0.641335
-28.51	0.641309
-28.52	0.641284
-28.53	0.641258
-28.54	0.641233
-28.55	0.641207
-28.56	0.641182
-28.57	0.641157
-28.58	0.641131
-28.59	0.641106
-28.6	0.641081
-28.61	0.641055
-28.62	0.64103
-28.63	0.641005
-28.64	0.640979
-28.65	0.640954
-28.66	0.640929
-28.67	0.640904
-28.68	0.640878
-28.69	0.640853
-28.7	0.640828
-28.71	0.640803
-28.72	0.640778
-28.73	0.640753
-28.74	0.640728
-28.75	0.640703
-28.76	0.640678
-28.77	0.640653
-28.78	0.640628
-28.79	0.640603
-28.8	0.640578
-28.81	0.640553
-28.82	0.640528
-28.83	0.640503
-28.84	0.640478
-28.85	0.640453
-28.86	0.640428
-28.87	0.640404
-28.88	0.640379
-28.89	0.640354
-28.9	0.640329
-28.91	0.640305
-28.92	0.64028
-28.93	0.640255
-28.94	0.64023
-28.95	0.640206
-28.96	0.640181
-28.97	0.640156
-28.98	0.640132
-28.99	0.640107
-29	0.640083
-29.01	0.640058
-29.02	0.640034
-29.03	0.640009
-29.04	0.639984
-29.05	0.63996
-29.06	0.639936
-29.07	0.639911
-29.08	0.639887
-29.09	0.639862
-29.1	0.639838
-29.11	0.639813
-29.12	0.639789
-29.13	0.639765
-29.14	0.63974
-29.15	0.639716
-29.16	0.639692
-29.17	0.639668
-29.18	0.639643
-29.19	0.639619
-29.2	0.639595
-29.21	0.639571
-29.22	0.639547
-29.23	0.639522
-29.24	0.639498
-29.25	0.639474
-29.26	0.63945
-29.27	0.639426
-29.28	0.639402
-29.29	0.639378
-29.3	0.639354
-29.31	0.63933
-29.32	0.639306
-29.33	0.639282
-29.34	0.639258
-29.35	0.639234
-29.36	0.63921
-29.37	0.639186
-29.38	0.639162
-29.39	0.639138
-29.4	0.639114
-29.41	0.639091
-29.42	0.639067
-29.43	0.639043
-29.44	0.639019
-29.45	0.638996
-29.46	0.638972
-29.47	0.638948
-29.48	0.638924
-29.49	0.638901
-29.5	0.638877
-29.51	0.638853
-29.52	0.63883
-29.53	0.638806
-29.54	0.638783
-29.55	0.638759
-29.56	0.638735
-29.57	0.638712
-29.58	0.638688
-29.59	0.638665
-29.6	0.638641
-29.61	0.638618
-29.62	0.638594
-29.63	0.638571
-29.64	0.638547
-29.65	0.638524
-29.66	0.638501
-29.67	0.638477
-29.68	0.638454
-29.69	0.638431
-29.7	0.638407
-29.71	0.638384
-29.72	0.638361
-29.73	0.638337
-29.74	0.638314
-29.75	0.638291
-29.76	0.638268
-29.77	0.638244
-29.78	0.638221
-29.79	0.638198
-29.8	0.638175
-29.81	0.638152
-29.82	0.638129
-29.83	0.638106
-29.84	0.638082
-29.85	0.638059
-29.86	0.638036
-29.87	0.638013
-29.88	0.63799
-29.89	0.637967
-29.9	0.637944
-29.91	0.637921
-29.92	0.637898
-29.93	0.637875
-29.94	0.637852
-29.95	0.63783
-29.96	0.637807
-29.97	0.637784
-29.98	0.637761
-29.99	0.637738
-30	0.637715
