x	y
30	0.690732
29.99	0.690758
29.98	0.690784
29.97	0.69081
29.96	0.690837
29.95	0.690863
29.94	0.690889
29.93	0.690916
29.92	0.690942
29.91	0.690968
29.9	0.690995
29.89	0.691021
29.88	0.691048
29.87	0.691074
29.86	0.691101
29.85	0.691127
29.84	0.691154
29.83	0.69118
29.82	0.691207
29.81	0.691234
29.8	0.69126
29.79	0.691287
29.78	0.691313
29.77	0.69134
29.76	0.691367
29.75	0.691394
29.74	0.69142
29.73	0.691447
29.72	0.691474
29.71	0.691501
29.7	0.691527
29.69	0.691554
29.68	0.691581
29.67	0.691608
29.66	0.691635
29.65	0.691662
29.64	0.691689
29.63	0.691716
29.62	0.691743
29.61	0.69177
29.6	0.691797
29.59	0.691824
29.58	0.691851
29.57	0.691878
29.56	0.691905
29.55	0.691932
29.54	0.691959
29.53	0.691986
29.52	0.692014
29.51	0.692041
29.5	0.692068
29.49	0.692095
29.48	0.692122
29.47	0.69215
29.46	0.692177
29.45	0.692204
29.44	0.692232
29.43	0.692259
29.42	0.692286
29.41	0.692314
29.4	0.692341
29.39	0.692369
29.38	0.692396
29.37	0.692424
29.36	0.692451
29.35	0.692479
29.34	0.692506
29.33	0.692534
29.32	0.692561
29.31	0.692589
29.3	0.692617
29.29	0.692644
29.28	0.692672
29.27	0.692699
29.26	0.692727
29.25	0.692755
29.24	0.692783
29.23	0.69281
29.22	0.692838
29.21	0.692866
29.2	0.692894
29.19	0.692922
29.18	0.69295
29.17	0.692978
29.16	0.693006
29.15	0.693033
29.14	0.693061
29.13	0.693089
29.12	0.693117
29.11	0.693145
29.1	0.693173
29.09	0.693201
29.08	0.69323
29.07	0.693258
29.06	0.693286
29.05	0.693314
29.04	0.693342
29.03	0.69337
29.02	0.693399
29.01	0.693427
29	0.693455
28.99	0.693483
28.98	0.693512
28.97	0.69354
28.96	0.693568
28.95	0.693597
28.94	0.693625
28.93	0.693654
28.92	0.693682
28.91	0.69371
28.9	0.693739
28.89	0.693767
28.88	0.693796
28.87	0.693824
28.86	0.693853
28.85	0.693882
28.84	0.69391
28.83	0.693939
28.82	0.693967
28.81	0.693996
28.8	0.694025
28.79	0.694054
28.78	0.694082
28.77	0.694111
28.76	0.69414
28.75	0.694169
28.74	0.694197
28.73	0.694226
28.72	0.694255
28.71	0.694284
28.7	0.694313
28.69	0.694342
28.68	0.694371
28.67	0.6944
28.66	0.694429
28.65	0.694458
28.64	0.694487
28.63	0.694516
28.62	0.694545
28.61	0.694574
28.6	0.694603
28.59	0.694633
28.58	0.694662
28.57	0.694691
28.56	0.69472
28.55	0.694749
28.54	0.694779
28.53	0.694808
28.52	0.694837
28.51	0.694867
28.5	0.694896
28.49	0.694925
28.48	0.694955
28.47	0.694984
28.46	0.695014
28.45	0.695043
28.44	0.695073
28.43	0.695102
28.42	0.695132
28.41	0.695161
28.4	0.695191
28.39	0.695221
28.38	0.69525
28.37	0.69528
28.36	0.69531
28.35	0.695339
28.34	0.695369
28.33	0.695399
28.32	0.695429
28.31	0.695458
28.3	0.695488
28.29	0.695518
28.28	0.695548
28.27	0.695578
28.26	0.695608
28.25	0.695638
28.24	0.695668
28.23	0.695698
28.22	0.695728
28.21	0.695758
28.2	0.695788
28.19	0.695818
28.18	0.695848
28.17	0.695878
28.16	0.695908
28.15	0.695938
28.14	0.695969
28.13	0.695999
28.12	0.696029
28.11	0.696059
28.1	0.69609
28.09	0.69612
28.08	0.69615
28.07	0.696181
28.06	0.696211
28.05	0.696242
28.04	0.696272
28.03	0.696302
28.02	0.696333
28.01	0.696363
28	0.696394
27.99	0.696425
27.98	0.696455
27.97	0.696486
27.96	0.696516
27.95	0.696547
27.94	0.696578
27.93	0.696608
27.92	0.696639
27.91	0.69667
27.9	0.696701
27.89	0.696732
27.88	0.696762
27.87	0.696793
27.86	0.696824
27.85	0.696855
27.84	0.696886
27.83	0.696917
27.82	0.696948
27.81	0.696979
27.8	0.69701
27.79	0.697041
27.78	0.697072
27.77	0.697103
27.76	0.697134
27.75	0.697165
27.74	0.697197
27.73	0.697228
27.72	0.697259
27.71	0.69729
27.7	0.697322
27.69	0.697353
27.68	0.697384
27.67	0.697416
27.66	0.697447
27.65	0.697478
27.64	0.69751
27.63	0.697541
27.62	0.697573
27.61	0.697604
27.6	0.697636
27.59	0.697667
27.58	0.697699
27.57	0.69773
27.56	0.697762
27.55	0.697794
27.54	0.697825
27.53	0.697857
27.52	0.697889
27.51	0.697921
27.5	0.697952
27.49	0.697984
27.48	0.698016
27.47	0.698048
27.46	0.69808
27.45	0.698112
27.44	0.698144
27.43	0.698176
27.42	0.698208
27.41	0.69824
27.4	0.698272
27.39	0.698304
27.38	0.698336
27.37	0.698368
27.36	0.6984
27.35	0.698432
27.34	0.698464
27.33	0.698497
27.32	0.698529
27.31	0.698561
27.3	0.698593
27.29	0.698626
27.28	0.698658
27.27	0.698691
27.26	0.698723
27.25	0.698755
27.24	0.698788
27.23	0.69882
27.22	0.698853
27.21	0.698885
27.2	0.698918
27.19	0.698951
27.18	0.698983
27.17	0.699016
27.16	0.699048
27.15	0.699081
27.14	0.699114
27.13	0.699147
27.12	0.699179
27.11	0.699212
27.1	0.699245
27.09	0.699278
27.08	0.699311
27.07	0.699344
27.06	0.699377
27.05	0.69941
27.04	0.699443
27.03	0.699476
27.02	0.699509
27.01	0.699542
27	0.699575
26.99	0.699608
26.98	0.699641
26.97	0.699674
26.96	0.699708
26.95	0.699741
26.94	0.699774
26.93	0.699807
26.92	0.699841
26.91	0.699874
26.9	0.699907
26.89	0.699941
26.88	0.699974
26.87	0.700008
26.86	0.700041
26.85	0.700075
26.84	0.700108
26.83	0.700142
26.82	0.700175
26.81	0.700209
26.8	0.700243
26.79	0.700276
26.78	0.70031
26.77	0.700344
26.76	0.700378
26.75	0.700411
26.74	0.700445
26.73	0.700479
26.72	0.700513
26.71	0.700547
26.7	0.700581
26.69	0.700615
26.68	0.700649
26.67	0.700683
26.66	0.700717
26.65	0.700751
26.64	0.700785
26.63	0.700819
26.62	0.700853
26.61	0.700888
26.6	0.700922
26.59	0.700956
26.58	0.70099
26.57	0.701025
26.56	0.701059
26.55	0.701093
26.54	0.701128
26.53	0.701162
26.52	0.701197
26.51	0.701231
26.5	0.701266
26.49	0.7013
26.48	0.701335
26.47	0.701369
26.46	0.701404
26.45	0.701439
26.44	0.701473
26.43	0.701508
26.42	0.701543
26.41	0.701577
26.4	0.701612
26.39	0.701647
26.38	0.701682
26.37	0.701717
26.36	0.701752
26.35	0.701787
26.34	0.701822
26.33	0.701857
26.32	0.701892
26.31	0.701927
26.3	0.701962
26.29	0.701997
26.28	0.702032
26.27	0.702067
26.26	0.702103
26.25	0.702138
26.24	0.702173
26.23	0.702208
26.22	0.702244
26.21	0.702279
26.2	0.702315
26.19	0.70235
26.18	0.702385
26.17	0.702421
26.16	0.702456
26.15	0.702492
26.14	0.702528
26.13	0.702563
26.12	0.702599
26.11	0.702634
26.1	0.70267
26.09	0.702706
26.08	0.702742
26.07	0.702777
26.06	0.702813
26.05	0.702849
26.04	0.702885
26.03	0.702921
26.02	0.702957
26.01	0.702993
26	0.703029
25.99	0.703065
25.98	0.703101
25.97	0.703137
25.96	0.703173
25.95	0.703209
25.94	0.703246
25.93	0.703282
25.92	0.703318
25.91	0.703354
25.9	0.703391
25.89	0.703427
25.88	0.703463
25.87	0.7035
25.86	0.703536
25.85	0.703573
25.84	0.703609
25.83	0.703646
25.82	0.703682
25.81	0.703719
25.8	0.703756
25.79	0.703792
25.78	0.703829
25.77	0.703866
25.76	0.703902
25.75	0.703939
25.74	0.703976
25.73	0.704013
25.72	0.70405
25.71	0.704087
25.7	0.704124
25.69	0.704161
25.68	0.704198
25.67	0.704235
25.66	0.704272
25.65	0.704309
25.64	0.704346
25.63	0.704383
25.62	0.70442
25.61	0.704458
25.6	0.704495
25.59	0.704532
25.58	0.70457
25.57	0.704607
25.56	0.704644
25.55	0.704682
25.54	0.704719
25.53	0.704757
25.52	0.704794
25.51	0.704832
25.5	0.704869
25.49	0.704907
25.48	0.704945
25.47	0.704982
25.46	0.70502
25.45	0.705058
25.44	0.705096
25.43	0.705134
25.42	0.705171
25.41	0.705209
25.4	0.705247
25.39	0.705285
25.38	0.705323
25.37	0.705361
25.36	0.705399
25.35	0.705437
25.34	0.705476
25.33	0.705514
25.32	0.705552
25.31	0.70559
25.3	0.705629
25.29	0.705667
25.28	0.705705
25.27	0.705744
25.26	0.705782
25.25	0.70582
25.24	0.705859
25.23	0.705897
25.22	0.705936
25.21	0.705975
25.2	0.706013
25.19	0.706052
25.18	0.70609
25.17	0.706129
25.16	0.706168
25.15	0.706207
25.14	0.706245
25.13	0.706284
25.12	0.706323
25.11	0.706362
25.1	0.706401
25.09	0.70644
25.08	0.706479
25.07	0.706518
25.06	0.706557
25.05	0.706596
25.04	0.706636
25.03	0.706675
25.02	0.706714
25.01	0.706753
25	0.706793
24.99	0.706832
24.98	0.706871
24.97	0.706911
24.96	0.70695
24.95	0.70699
24.94	0.707029
24.93	0.707069
24.92	0.707108
24.91	0.707148
24.9	0.707188
24.89	0.707227
24.88	0.707267
24.87	0.707307
24.86	0.707347
24.85	0.707386
24.84	0.707426
24.83	0.707466
24.82	0.707506
24.81	0.707546
24.8	0.707586
24.79	0.707626
24.78	0.707666
24.77	0.707707
24.76	0.707747
24.75	0.707787
24.74	0.707827
24.73	0.707867
24.72	0.707908
24.71	0.707948
24.7	0.707989
24.69	0.708029
24.68	0.708069
24.67	0.70811
24.66	0.70815
24.65	0.708191
24.64	0.708232
24.63	0.708272
24.62	0.708313
24.61	0.708354
24.6	0.708394
24.59	0.708435
24.58	0.708476
24.57	0.708517
24.56	0.708558
24.55	0.708599
24.54	0.70864
24.53	0.708681
24.52	0.708722
24.51	0.708763
24.5	0.708804
24.49	0.708845
24.48	0.708886
24.47	0.708928
24.46	0.708969
24.45	0.70901
24.44	0.709052
24.43	0.709093
24.42	0.709134
24.41	0.709176
24.4	0.709217
24.39	0.709259
24.38	0.709301
24.37	0.709342
24.36	0.709384
24.35	0.709426
24.34	0.709467
24.33	0.709509
24.32	0.709551
24.31	0.709593
24.3	0.709635
24.29	0.709677
24.28	0.709719
24.27	0.709761
24.26	0.709803
24.25	0.709845
24.24	0.709887
24.23	0.709929
24.22	0.709971
24.21	0.710013
24.2	0.710056
24.19	0.710098
24.18	0.71014
24.17	0.710183
24.16	0.710225
24.15	0.710268
24.14	0.71031
24.13	0.710353
24.12	0.710395
24.11	0.710438
24.1	0.710481
24.09	0.710523
24.08	0.710566
24.07	0.710609
24.06	0.710652
24.05	0.710695
24.04	0.710738
24.03	0.710781
24.02	0.710824
24.01	0.710867
24	0.71091
23.99	0.710953
23.98	0.710996
23.97	0.711039
23.96	0.711083
23.95	0.711126
23.94	0.711169
23.93	0.711213
23.92	0.711256
23.91	0.711299
23.9	0.711343
23.89	0.711386
23.88	0.71143
23.87	0.711474
23.86	0.711517
23.85	0.711561
23.84	0.711605
23.83	0.711648
23.82	0.711692
23.81	0.711736
23.8	0.71178
23.79	0.711824
23.78	0.711868
23.77	0.711912
23.76	0.711956
23.75	0.712
23.74	0.712044
23.73	0.712089
23.72	0.712133
23.71	0.712177
23.7	0.712221
23.69	0.712266
23.68	0.71231
23.67	0.712355
23.66	0.712399
23.65	0.712444
23.64	0.712488
23.63	0.712533
23.62	0.712577
23.61	0.712622
23.6	0.712667
23.59	0.712712
23.58	0.712757
23.57	0.712801
23.56	0.712846
23.55	0.712891
23.54	0.712936
23.53	0.712981
23.52	0.713026
23.51	0.713072
23.5	0.713117
23.49	0.713162
23.48	0.713207
23.47	0.713253
23.46	0.713298
23.45	0.713343
23.44	0.713389
23.43	0.713434
23.42	0.71348
23.41	0.713525
23.4	0.713571
23.39	0.713617
23.38	0.713662
23.37	0.713708
23.36	0.713754
23.35	0.7138
23.34	0.713846
23.33	0.713892
23.32	0.713937
23.31	0.713983
23.3	0.71403
23.29	0.714076
23.28	0.714122
23.27	0.714168
23.26	0.714214
23.25	0.714261
23.24	0.714307
23.23	0.714353
23.22	0.7144
23.21	0.714446
23.2	0.714493
23.19	0.714539
23.18	0.714586
23.17	0.714632
23.16	0.714679
23.15	0.714726
23.14	0.714773
23.13	0.714819
23.12	0.714866
23.11	0.714913
23.1	0.71496
23.09	0.715007
23.08	0.715054
23.07	0.715101
23.06	0.715149
23.05	0.715196
23.04	0.715243
23.03	0.71529
23.02	0.715338
23.01	0.715385
23	0.715432
22.99	0.71548
22.98	0.715527
22.97	0.715575
22.96	0.715623
22.95	0.71567
22.94	0.715718
22.93	0.715766
22.92	0.715814
22.91	0.715861
22.9	0.715909
22.89	0.715957
22.88	0.716005
22.87	0.716053
22.86	0.716101
22.85	0.71615
22.84	0.716198
22.83	0.716246
22.82	0.716294
22.81	0.716343
22.8	0.716391
22.79	0.716439
22.78	0.716488
22.77	0.716536
22.76	0.716585
22.75	0.716634
22.74	0.716682
22.73	0.716731
22.72	0.71678
22.71	0.716829
22.7	0.716877
22.69	0.716926
22.68	0.716975
22.67	0.717024
22.66	0.717073
22.65	0.717122
22.64	0.717172
22.63	0.717221
22.62	0.71727
22.61	0.717319
22.6	0.717369
22.59	0.717418
22.58	0.717468
22.57	0.717517
22.56	0.717567
22.55	0.717616
22.54	0.717666
22.53	0.717716
22.52	0.717765
22.51	0.717815
22.5	0.717865
22.49	0.717915
22.48	0.717965
22.47	0.718015
22.46	0.718065
22.45	0.718115
22.44	0.718165
22.43	0.718215
22.42	0.718266
22.41	0.718316
22.4	0.718366
22.39	0.718417
22.38	0.718467
22.37	0.718518
22.36	0.718568
22.35	0.718619
22.34	0.71867
22.33	0.71872
22.32	0.718771
22.31	0.718822
22.3	0.718873
22.29	0.718924
22.28	0.718975
22.27	0.719026
22.26	0.719077
22.25	0.719128
22.24	0.719179
22.23	0.71923
22.22	0.719282
22.21	0.719333
22.2	0.719384
22.19	0.719436
22.18	0.719487
22.17	0.719539
22.16	0.719591
22.15	0.719642
22.14	0.719694
22.13	0.719746
22.12	0.719797
22.11	0.719849
22.1	0.719901
22.09	0.719953
22.08	0.720005
22.07	0.720057
22.06	0.72011
22.05	0.720162
22.04	0.720214
22.03	0.720266
22.02	0.720319
22.01	0.720371
22	0.720424
21.99	0.720476
21.98	0.720529
21.97	0.720581
21.96	0.720634
21.95	0.720687
21.94	0.72074
21.93	0.720792
21.92	0.720845
21.91	0.720898
21.9	0.720951
21.89	0.721004
21.88	0.721057
21.87	0.721111
21.86	0.721164
21.85	0.721217
21.84	0.721271
21.83	0.721324
21.82	0.721377
21.81	0.721431
21.8	0.721484
21.79	0.721538
21.78	0.721592
21.77	0.721646
21.76	0.721699
21.75	0.721753
21.74	0.721807
21.73	0.721861
21.72	0.721915
21.71	0.721969
21.7	0.722023
21.69	0.722077
21.68	0.722132
21.67	0.722186
21.66	0.72224
21.65	0.722295
21.64	0.722349
21.63	0.722404
21.62	0.722458
21.61	0.722513
21.6	0.722568
21.59	0.722623
21.58	0.722677
21.57	0.722732
21.56	0.722787
21.55	0.722842
21.54	0.722897
21.53	0.722952
21.52	0.723008
21.51	0.723063
21.5	0.723118
21.49	0.723173
21.48	0.723229
21.47	0.723284
21.46	0.72334
21.45	0.723395
21.44	0.723451
21.43	0.723507
21.42	0.723563
21.41	0.723618
21.4	0.723674
21.39	0.72373
21.38	0.723786
21.37	0.723842
21.36	0.723898
21.35	0.723955
21.34	0.724011
21.33	0.724067
21.32	0.724124
21.31	0.72418
21.3	0.724236
21.29	0.724293
21.28	0.72435
21.27	0.724406
21.26	0.724463
21.25	0.72452
21.24	0.724577
21.23	0.724634
21.22	0.724691
21.21	0.724748
21.2	0.724805
21.19	0.724862
21.18	0.724919
21.17	0.724976
21.16	0.725034
21.15	0.725091
21.14	0.725149
21.13	0.725206
21.12	0.725264
21.11	0.725321
21.1	0.725379
21.09	0.725437
21.08	0.725495
21.07	0.725553
21.06	0.725611
21.05	0.725669
21.04	0.725727
21.03	0.725785
21.02	0.725843
21.01	0.725901
21	0.72596
20.99	0.726018
20.98	0.726077
20.97	0.726135
20.96	0.726194
20.95	0.726252
20.94	0.726311
20.93	0.72637
20.92	0.726429
20.91	0.726488
20.9	0.726547
20.89	0.726606
20.88	0.726665
20.87	0.726724
20.86	0.726783
20.85	0.726843
20.84	0.726902
20.83	0.726962
20.82	0.727021
20.81	0.727081
20.8	0.72714
20.79	0.7272
20.78	0.72726
20.77	0.72732
20.76	0.72738
20.75	0.72744
20.74	0.7275
20.73	0.72756
20.72	0.72762
20.71	0.72768
20.7	0.72774
20.69	0.727801
20.68	0.727861
20.67	0.727922
20.66	0.727982
20.65	0.728043
20.64	0.728104
20.63	0.728165
20.62	0.728225
20.61	0.728286
20.6	0.728347
20.59	0.728408
20.58	0.728469
20.57	0.728531
20.56	0.728592
20.55	0.728653
20.54	0.728715
20.53	0.728776
20.52	0.728838
20.51	0.728899
20.5	0.728961
20.49	0.729023
20.48	0.729084
20.47	0.729146
20.46	0.729208
20.45	0.72927
20.44	0.729332
20.43	0.729395
20.42	0.729457
20.41	0.729519
20.4	0.729581
20.39	0.729644
20.38	0.729706
20.37	0.729769
20.36	0.729832
20.35	0.729894
20.34	0.729957
20.33	0.73002
20.32	0.730083
20.31	0.730146
20.3	0.730209
20.29	0.730272
20.28	0.730335
20.27	0.730399
20.26	0.730462
20.25	0.730526
20.24	0.730589
20.23	0.730653
20.22	0.730716
20.21	0.73078
20.2	0.730844
20.19	0.730908
20.18	0.730972
20.17	0.731036
20.16	0.7311
20.15	0.731164
20.14	0.731228
20.13	0.731292
20.12	0.731357
20.11	0.731421
20.1	0.731486
20.09	0.731551
20.08	0.731615
20.07	0.73168
20.06	0.731745
20.05	0.73181
20.04	0.731875
20.03	0.73194
20.02	0.732005
20.01	0.73207
20	0.732135
19.99	0.732201
19.98	0.732266
19.97	0.732332
19.96	0.732397
19.95	0.732463
19.94	0.732529
19.93	0.732594
19.92	0.73266
19.91	0.732726
19.9	0.732792
19.89	0.732858
19.88	0.732925
19.87	0.732991
19.86	0.733057
19.85	0.733124
19.84	0.73319
19.83	0.733257
19.82	0.733324
19.81	0.73339
19.8	0.733457
19.79	0.733524
19.78	0.733591
19.77	0.733658
19.76	0.733725
19.75	0.733792
19.74	0.73386
19.73	0.733927
19.72	0.733994
19.71	0.734062
19.7	0.73413
19.69	0.734197
19.68	0.734265
19.67	0.734333
19.66	0.734401
19.65	0.734469
19.64	0.734537
19.63	0.734605
19.62	0.734673
19.61	0.734742
19.6	0.73481
19.59	0.734878
19.58	0.734947
19.57	0.735016
19.56	0.735084
19.55	0.735153
19.54	0.735222
19.53	0.735291
19.52	0.73536
19.51	0.735429
19.5	0.735498
19.49	0.735568
19.48	0.735637
19.47	0.735707
19.46	0.735776
19.45	0.735846
19.44	0.735916
19.43	0.735985
19.42	0.736055
19.41	0.736125
19.4	0.736195
19.39	0.736265
19.38	0.736336
19.37	0.736406
19.36	0.736476
19.35	0.736547
19.34	0.736617
19.33	0.736688
19.32	0.736759
19.31	0.736829
19.3	0.7369
19.29	0.736971
19.28	0.737042
19.27	0.737114
19.26	0.737185
19.25	0.737256
19.24	0.737328
19.23	0.737399
19.22	0.737471
19.21	0.737542
19.2	0.737614
19.19	0.737686
19.18	0.737758
19.17	0.73783
19.16	0.737902
19.15	0.737974
19.14	0.738046
19.13	0.738119
19.12	0.738191
19.11	0.738264
19.1	0.738336
19.09	0.738409
19.08	0.738482
19.07	0.738555
19.06	0.738628
19.05	0.738701
19.04	0.738774
19.03	0.738847
19.02	0.738921
19.01	0.738994
19	0.739068
18.99	0.739141
18.98	0.739215
18.97	0.739289
18.96	0.739363
18.95	0.739437
18.94	0.739511
18.93	0.739585
18.92	0.739659
18.91	0.739733
18.9	0.739808
18.89	0.739882
18.88	0.739957
18.87	0.740032
18.86	0.740106
18.85	0.740181
18.84	0.740256
18.83	0.740331
18.82	0.740407
18.81	0.740482
18.8	0.740557
18.79	0.740633
18.78	0.740708
18.77	0.740784
18.76	0.74086
18.75	0.740935
18.74	0.741011
18.73	0.741087
18.72	0.741163
18.71	0.74124
18.7	0.741316
18.69	0.741392
18.68	0.741469
18.67	0.741545
18.66	0.741622
18.65	0.741699
18.64	0.741776
18.63	0.741853
18.62	0.74193
18.61	0.742007
18.6	0.742084
18.59	0.742162
18.58	0.742239
18.57	0.742317
18.56	0.742394
18.55	0.742472
18.54	0.74255
18.53	0.742628
18.52	0.742706
18.51	0.742784
18.5	0.742862
18.49	0.742941
18.48	0.743019
18.47	0.743098
18.46	0.743176
18.45	0.743255
18.44	0.743334
18.43	0.743413
18.42	0.743492
18.41	0.743571
18.4	0.74365
18.39	0.743729
18.38	0.743809
18.37	0.743888
18.36	0.743968
18.35	0.744048
18.34	0.744128
18.33	0.744208
18.32	0.744288
18.31	0.744368
18.3	0.744448
18.29	0.744528
18.28	0.744609
18.27	0.744689
18.26	0.74477
18.25	0.744851
18.24	0.744932
18.23	0.745013
18.22	0.745094
18.21	0.745175
18.2	0.745256
18.19	0.745338
18.18	0.745419
18.17	0.745501
18.16	0.745582
18.15	0.745664
18.14	0.745746
18.13	0.745828
18.12	0.74591
18.11	0.745993
18.1	0.746075
18.09	0.746157
18.08	0.74624
18.07	0.746323
18.06	0.746405
18.05	0.746488
18.04	0.746571
18.03	0.746654
18.02	0.746738
18.01	0.746821
18	0.746904
17.99	0.746988
17.98	0.747072
17.97	0.747155
17.96	0.747239
17.95	0.747323
17.94	0.747407
17.93	0.747491
17.92	0.747576
17.91	0.74766
17.9	0.747745
17.89	0.747829
17.88	0.747914
17.87	0.747999
17.86	0.748084
17.85	0.748169
17.84	0.748254
17.83	0.748339
17.82	0.748425
17.81	0.74851
17.8	0.748596
17.79	0.748682
17.78	0.748768
17.77	0.748854
17.76	0.74894
17.75	0.749026
17.74	0.749112
17.73	0.749199
17.72	0.749285
17.71	0.749372
17.7	0.749459
17.69	0.749546
17.68	0.749633
17.67	0.74972
17.66	0.749807
17.65	0.749894
17.64	0.749982
17.63	0.750069
17.62	0.750157
17.61	0.750245
17.6	0.750333
17.59	0.750421
17.58	0.750509
17.57	0.750597
17.56	0.750686
17.55	0.750774
17.54	0.750863
17.53	0.750952
17.52	0.751041
17.51	0.75113
17.5	0.751219
17.49	0.751308
17.48	0.751398
17.47	0.751487
17.46	0.751577
17.45	0.751666
17.44	0.751756
17.43	0.751846
17.42	0.751936
17.41	0.752027
17.4	0.752117
17.39	0.752207
17.38	0.752298
17.37	0.752389
17.36	0.75248
17.35	0.752571
17.34	0.752662
17.33	0.752753
17.32	0.752844
17.31	0.752936
17.3	0.753027
17.29	0.753119
17.28	0.753211
17.27	0.753303
17.26	0.753395
17.25	0.753487
17.24	0.753579
17.23	0.753672
17.22	0.753765
17.21	0.753857
17.2	0.75395
17.19	0.754043
17.18	0.754136
17.17	0.754229
17.16	0.754323
17.15	0.754416
17.14	0.75451
17.13	0.754604
17.12	0.754698
17.11	0.754792
17.1	0.754886
17.09	0.75498
17.08	0.755074
17.07	0.755169
17.06	0.755264
17.05	0.755358
17.04	0.755453
17.03	0.755548
17.02	0.755644
17.01	0.755739
17	0.755834
16.99	0.75593
16.98	0.756026
16.97	0.756122
16.96	0.756218
16.95	0.756314
16.94	0.75641
16.93	0.756506
16.92	0.756603
16.91	0.7567
16.9	0.756796
16.89	0.756893
16.88	0.75699
16.87	0.757088
16.86	0.757185
16.85	0.757282
16.84	0.75738
16.83	0.757478
16.82	0.757576
16.81	0.757674
16.8	0.757772
16.79	0.75787
16.78	0.757969
16.77	0.758067
16.76	0.758166
16.75	0.758265
16.74	0.758364
16.73	0.758463
16.72	0.758563
16.71	0.758662
16.7	0.758762
16.69	0.758861
16.68	0.758961
16.67	0.759061
16.66	0.759161
16.65	0.759262
16.64	0.759362
16.63	0.759463
16.62	0.759563
16.61	0.759664
16.6	0.759765
16.59	0.759866
16.58	0.759968
16.57	0.760069
16.56	0.760171
16.55	0.760272
16.54	0.760374
16.53	0.760476
16.52	0.760579
16.51	0.760681
16.5	0.760783
16.49	0.760886
16.48	0.760989
16.47	0.761092
16.46	0.761195
16.45	0.761298
16.44	0.761401
16.43	0.761505
16.42	0.761609
16.41	0.761712
16.4	0.761816
16.39	0.761921
16.38	0.762025
16.37	0.762129
16.36	0.762234
16.35	0.762339
16.34	0.762443
16.33	0.762549
16.32	0.762654
16.31	0.762759
16.3	0.762865
16.29	0.76297
16.28	0.763076
16.27	0.763182
16.26	0.763288
16.25	0.763394
16.24	0.763501
16.23	0.763607
16.22	0.763714
16.21	0.763821
16.2	0.763928
16.19	0.764035
16.18	0.764143
16.17	0.76425
16.16	0.764358
16.15	0.764466
16.14	0.764574
16.13	0.764682
16.12	0.76479
16.11	0.764899
16.1	0.765008
16.09	0.765116
16.08	0.765225
16.07	0.765335
16.06	0.765444
16.05	0.765553
16.04	0.765663
16.03	0.765773
16.02	0.765883
16.01	0.765993
16	0.766103
15.99	0.766214
15.98	0.766324
15.97	0.766435
15.96	0.766546
15.95	0.766657
15.94	0.766768
15.93	0.76688
15.92	0.766992
15.91	0.767103
15.9	0.767215
15.89	0.767327
15.88	0.76744
15.87	0.767552
15.86	0.767665
15.85	0.767778
15.84	0.767891
15.83	0.768004
15.82	0.768117
15.81	0.768231
15.8	0.768344
15.79	0.768458
15.78	0.768572
15.77	0.768686
15.76	0.768801
15.75	0.768915
15.74	0.76903
15.73	0.769145
15.72	0.76926
15.71	0.769375
15.7	0.769491
15.69	0.769606
15.68	0.769722
15.67	0.769838
15.66	0.769954
15.65	0.770071
15.64	0.770187
15.63	0.770304
15.62	0.770421
15.61	0.770538
15.6	0.770655
15.59	0.770772
15.58	0.77089
15.57	0.771008
15.56	0.771125
15.55	0.771244
15.54	0.771362
15.53	0.77148
15.52	0.771599
15.51	0.771718
15.5	0.771837
15.49	0.771956
15.48	0.772076
15.47	0.772195
15.46	0.772315
15.45	0.772435
15.44	0.772555
15.43	0.772676
15.42	0.772796
15.41	0.772917
15.4	0.773038
15.39	0.773159
15.38	0.77328
15.37	0.773402
15.36	0.773523
15.35	0.773645
15.34	0.773767
15.33	0.773889
15.32	0.774012
15.31	0.774135
15.3	0.774257
15.29	0.77438
15.28	0.774504
15.27	0.774627
15.26	0.774751
15.25	0.774875
15.24	0.774998
15.23	0.775123
15.22	0.775247
15.21	0.775372
15.2	0.775496
15.19	0.775622
15.18	0.775747
15.17	0.775872
15.16	0.775998
15.15	0.776124
15.14	0.77625
15.13	0.776376
15.12	0.776502
15.11	0.776629
15.1	0.776756
15.09	0.776883
15.08	0.77701
15.07	0.777137
15.06	0.777265
15.05	0.777393
15.04	0.777521
15.03	0.777649
15.02	0.777777
15.01	0.777906
15	0.778035
14.99	0.778164
14.98	0.778293
14.97	0.778423
14.96	0.778552
14.95	0.778682
14.94	0.778813
14.93	0.778943
14.92	0.779073
14.91	0.779204
14.9	0.779335
14.89	0.779466
14.88	0.779598
14.87	0.779729
14.86	0.779861
14.85	0.779993
14.84	0.780126
14.83	0.780258
14.82	0.780391
14.81	0.780524
14.8	0.780657
14.79	0.78079
14.78	0.780924
14.77	0.781058
14.76	0.781192
14.75	0.781326
14.74	0.78146
14.73	0.781595
14.72	0.78173
14.71	0.781865
14.7	0.782
14.69	0.782136
14.68	0.782272
14.67	0.782408
14.66	0.782544
14.65	0.782681
14.64	0.782817
14.63	0.782954
14.62	0.783091
14.61	0.783229
14.6	0.783366
14.59	0.783504
14.58	0.783642
14.57	0.783781
14.56	0.783919
14.55	0.784058
14.54	0.784197
14.53	0.784336
14.52	0.784476
14.51	0.784616
14.5	0.784756
14.49	0.784896
14.48	0.785036
14.47	0.785177
14.46	0.785318
14.45	0.785459
14.44	0.7856
14.43	0.785742
14.42	0.785884
14.41	0.786026
14.4	0.786168
14.39	0.786311
14.38	0.786454
14.37	0.786597
14.36	0.78674
14.35	0.786884
14.34	0.787027
14.33	0.787171
14.32	0.787316
14.31	0.78746
14.3	0.787605
14.29	0.78775
14.28	0.787895
14.27	0.788041
14.26	0.788187
14.25	0.788333
14.24	0.788479
14.23	0.788626
14.22	0.788772
14.21	0.78892
14.2	0.789067
14.19	0.789214
14.18	0.789362
14.17	0.78951
14.16	0.789659
14.15	0.789807
14.14	0.789956
14.13	0.790105
14.12	0.790255
14.11	0.790404
14.1	0.790554
14.09	0.790704
14.08	0.790855
14.07	0.791005
14.06	0.791156
14.05	0.791308
14.04	0.791459
14.03	0.791611
14.02	0.791763
14.01	0.791915
14	0.792068
13.99	0.79222
13.98	0.792373
13.97	0.792527
13.96	0.79268
13.95	0.792834
13.94	0.792988
13.93	0.793143
13.92	0.793298
13.91	0.793453
13.9	0.793608
13.89	0.793763
13.88	0.793919
13.87	0.794075
13.86	0.794232
13.85	0.794388
13.84	0.794545
13.83	0.794702
13.82	0.79486
13.81	0.795018
13.8	0.795176
13.79	0.795334
13.78	0.795493
13.77	0.795651
13.76	0.795811
13.75	0.79597
13.74	0.79613
13.73	0.79629
13.72	0.79645
13.71	0.796611
13.7	0.796772
13.69	0.796933
13.68	0.797095
13.67	0.797256
13.66	0.797418
13.65	0.797581
13.64	0.797743
13.63	0.797906
13.62	0.79807
13.61	0.798233
13.6	0.798397
13.59	0.798561
13.58	0.798726
13.57	0.79889
13.56	0.799056
13.55	0.799221
13.54	0.799387
13.53	0.799553
13.52	0.799719
13.51	0.799885
13.5	0.800052
13.49	0.800219
13.48	0.800387
13.47	0.800555
13.46	0.800723
13.45	0.800891
13.44	0.80106
13.43	0.801229
13.42	0.801398
13.41	0.801568
13.4	0.801738
13.39	0.801908
13.38	0.802079
13.37	0.80225
13.36	0.802421
13.35	0.802593
13.34	0.802765
13.33	0.802937
13.32	0.80311
13.31	0.803282
13.3	0.803456
13.29	0.803629
13.28	0.803803
13.27	0.803977
13.26	0.804152
13.25	0.804327
13.24	0.804502
13.23	0.804677
13.22	0.804853
13.21	0.805029
13.2	0.805206
13.19	0.805382
13.18	0.80556
13.17	0.805737
13.16	0.805915
13.15	0.806093
13.14	0.806272
13.13	0.80645
13.12	0.80663
13.11	0.806809
13.1	0.806989
13.09	0.807169
13.08	0.80735
13.07	0.807531
13.06	0.807712
13.05	0.807893
13.04	0.808075
13.03	0.808258
13.02	0.80844
13.01	0.808623
13	0.808807
12.99	0.80899
12.98	0.809174
12.97	0.809359
12.96	0.809544
12.95	0.809729
12.94	0.809914
12.93	0.8101
12.92	0.810286
12.91	0.810473
12.9	0.81066
12.89	0.810847
12.88	0.811035
12.87	0.811223
12.86	0.811411
12.85	0.8116
12.84	0.811789
12.83	0.811979
12.82	0.812168
12.81	0.812359
12.8	0.812549
12.79	0.81274
12.78	0.812932
12.77	0.813123
12.76	0.813316
12.75	0.813508
12.74	0.813701
12.73	0.813894
12.72	0.814088
12.71	0.814282
12.7	0.814476
12.69	0.814671
12.68	0.814866
12.67	0.815062
12.66	0.815258
12.65	0.815454
12.64	0.815651
12.63	0.815848
12.62	0.816046
12.61	0.816243
12.6	0.816442
12.59	0.81664
12.58	0.81684
12.57	0.817039
12.56	0.817239
12.55	0.817439
12.54	0.81764
12.53	0.817841
12.52	0.818043
12.51	0.818245
12.5	0.818447
12.49	0.81865
12.48	0.818853
12.47	0.819057
12.46	0.819261
12.45	0.819465
12.44	0.81967
12.43	0.819875
12.42	0.820081
12.41	0.820287
12.4	0.820493
12.39	0.8207
12.38	0.820908
12.37	0.821115
12.36	0.821324
12.35	0.821532
12.34	0.821741
12.33	0.821951
12.32	0.822161
12.31	0.822371
12.3	0.822582
12.29	0.822793
12.28	0.823005
12.27	0.823217
12.26	0.82343
12.25	0.823643
12.24	0.823856
12.23	0.82407
12.22	0.824284
12.21	0.824499
12.2	0.824714
12.19	0.82493
12.18	0.825146
12.17	0.825362
12.16	0.825579
12.15	0.825797
12.14	0.826015
12.13	0.826233
12.12	0.826452
12.11	0.826671
12.1	0.826891
12.09	0.827111
12.08	0.827332
12.07	0.827553
12.06	0.827775
12.05	0.827997
12.04	0.82822
12.03	0.828443
12.02	0.828666
12.01	0.82889
12	0.829115
11.99	0.82934
11.98	0.829565
11.97	0.829791
11.96	0.830017
11.95	0.830244
11.94	0.830471
11.93	0.830699
11.92	0.830928
11.91	0.831156
11.9	0.831386
11.89	0.831616
11.88	0.831846
11.87	0.832077
11.86	0.832308
11.85	0.83254
11.84	0.832772
11.83	0.833005
11.82	0.833238
11.81	0.833472
11.8	0.833706
11.79	0.833941
11.78	0.834177
11.77	0.834413
11.76	0.834649
11.75	0.834886
11.74	0.835123
11.73	0.835361
11.72	0.8356
11.71	0.835839
11.7	0.836078
11.69	0.836318
11.68	0.836559
11.67	0.8368
11.66	0.837041
11.65	0.837284
11.64	0.837526
11.63	0.83777
11.62	0.838013
11.61	0.838258
11.6	0.838503
11.59	0.838748
11.58	0.838994
11.57	0.83924
11.56	0.839487
11.55	0.839735
11.54	0.839983
11.53	0.840232
11.52	0.840481
11.51	0.840731
11.5	0.840981
11.49	0.841232
11.48	0.841484
11.47	0.841736
11.46	0.841989
11.45	0.842242
11.44	0.842496
11.43	0.84275
11.42	0.843005
11.41	0.84326
11.4	0.843517
11.39	0.843773
11.38	0.84403
11.37	0.844288
11.36	0.844547
11.35	0.844806
11.34	0.845065
11.33	0.845326
11.32	0.845587
11.31	0.845848
11.3	0.84611
11.29	0.846373
11.28	0.846636
11.27	0.8469
11.26	0.847164
11.25	0.847429
11.24	0.847695
11.23	0.847961
11.22	0.848228
11.21	0.848496
11.2	0.848764
11.19	0.849032
11.18	0.849302
11.17	0.849572
11.16	0.849843
11.15	0.850114
11.14	0.850386
11.13	0.850658
11.12	0.850931
11.11	0.851205
11.1	0.85148
11.09	0.851755
11.08	0.852031
11.07	0.852307
11.06	0.852584
11.05	0.852862
11.04	0.85314
11.03	0.853419
11.02	0.853699
11.01	0.853979
11	0.854261
10.99	0.854542
10.98	0.854825
10.97	0.855108
10.96	0.855391
10.95	0.855676
10.94	0.855961
10.93	0.856247
10.92	0.856533
10.91	0.85682
10.9	0.857108
10.89	0.857397
10.88	0.857686
10.87	0.857976
10.86	0.858266
10.85	0.858558
10.84	0.85885
10.83	0.859143
10.82	0.859436
10.81	0.85973
10.8	0.860025
10.79	0.860321
10.78	0.860617
10.77	0.860914
10.76	0.861212
10.75	0.86151
10.74	0.86181
10.73	0.86211
10.72	0.86241
10.71	0.862712
10.7	0.863014
10.69	0.863317
10.68	0.863621
10.67	0.863925
10.66	0.86423
10.65	0.864536
10.64	0.864843
10.63	0.86515
10.62	0.865459
10.61	0.865768
10.6	0.866077
10.59	0.866388
10.58	0.866699
10.57	0.867011
10.56	0.867324
10.55	0.867638
10.54	0.867952
10.53	0.868268
10.52	0.868584
10.51	0.868901
10.5	0.869218
10.49	0.869537
10.48	0.869856
10.47	0.870176
10.46	0.870497
10.45	0.870819
10.44	0.871141
10.43	0.871464
10.42	0.871789
10.41	0.872114
10.4	0.872439
10.39	0.872766
10.38	0.873094
10.37	0.873422
10.36	0.873751
10.35	0.874081
10.34	0.874412
10.33	0.874744
10.32	0.875076
10.31	0.87541
10.3	0.875744
10.29	0.876079
10.28	0.876415
10.27	0.876752
10.26	0.87709
10.25	0.877429
10.24	0.877768
10.23	0.878109
10.22	0.87845
10.21	0.878792
10.2	0.879135
10.19	0.879479
10.18	0.879824
10.17	0.88017
10.16	0.880517
10.15	0.880865
10.14	0.881213
10.13	0.881563
10.12	0.881913
10.11	0.882264
10.1	0.882617
10.09	0.88297
10.08	0.883324
10.07	0.883679
10.06	0.884035
10.05	0.884392
10.04	0.88475
10.03	0.885109
10.02	0.885469
10.01	0.88583
10	0.886192
9.99	0.886555
9.98	0.886919
9.97	0.887283
9.96	0.887649
9.95	0.888016
9.94	0.888384
9.93	0.888752
9.92	0.889122
9.91	0.889493
9.9	0.889865
9.89	0.890238
9.88	0.890611
9.87	0.890986
9.86	0.891362
9.85	0.891739
9.84	0.892117
9.83	0.892496
9.82	0.892876
9.81	0.893257
9.8	0.893639
9.79	0.894022
9.78	0.894406
9.77	0.894792
9.76	0.895178
9.75	0.895566
9.74	0.895954
9.73	0.896344
9.72	0.896734
9.71	0.897126
9.7	0.897519
9.69	0.897913
9.68	0.898308
9.67	0.898704
9.66	0.899102
9.65	0.8995
9.64	0.8999
9.63	0.900301
9.62	0.900702
9.61	0.901105
9.6	0.90151
9.59	0.901915
9.58	0.902321
9.57	0.902729
9.56	0.903138
9.55	0.903548
9.54	0.903959
9.53	0.904371
9.52	0.904784
9.51	0.905199
9.5	0.905615
9.49	0.906032
9.48	0.90645
9.47	0.90687
9.46	0.90729
9.45	0.907712
9.44	0.908135
9.43	0.90856
9.42	0.908985
9.41	0.909412
9.4	0.90984
9.39	0.91027
9.38	0.9107
9.37	0.911132
9.36	0.911565
9.35	0.912
9.34	0.912435
9.33	0.912872
9.32	0.913311
9.31	0.91375
9.3	0.914191
9.29	0.914633
9.28	0.915077
9.27	0.915522
9.26	0.915968
9.25	0.916415
9.24	0.916864
9.23	0.917314
9.22	0.917766
9.21	0.918219
9.2	0.918673
9.19	0.919128
9.18	0.919585
9.17	0.920044
9.16	0.920504
9.15	0.920965
9.14	0.921427
9.13	0.921891
9.12	0.922356
9.11	0.922823
9.1	0.923292
9.09	0.923761
9.08	0.924232
9.07	0.924705
9.06	0.925179
9.05	0.925654
9.04	0.926131
9.03	0.926609
9.02	0.927089
9.01	0.92757
9	0.928053
8.99	0.928538
8.98	0.929023
8.97	0.929511
8.96	0.93
8.95	0.93049
8.94	0.930982
8.93	0.931475
8.92	0.93197
8.91	0.932467
8.9	0.932965
8.89	0.933465
8.88	0.933966
8.87	0.934469
8.86	0.934973
8.85	0.935479
8.84	0.935987
8.83	0.936496
8.82	0.937007
8.81	0.93752
8.8	0.938034
8.79	0.938549
8.78	0.939067
8.77	0.939586
8.76	0.940107
8.75	0.940629
8.74	0.941153
8.73	0.941679
8.72	0.942207
8.71	0.942736
8.7	0.943267
8.69	0.9438
8.68	0.944334
8.67	0.94487
8.66	0.945408
8.65	0.945948
8.64	0.946489
8.63	0.947033
8.62	0.947578
8.61	0.948124
8.6	0.948673
8.59	0.949223
8.58	0.949776
8.57	0.95033
8.56	0.950886
8.55	0.951443
8.54	0.952003
8.53	0.952565
8.52	0.953128
8.51	0.953693
8.5	0.95426
8.49	0.954829
8.48	0.9554
8.47	0.955973
8.46	0.956548
8.45	0.957125
8.44	0.957704
8.43	0.958284
8.42	0.958867
8.41	0.959451
8.4	0.960038
8.39	0.960627
8.38	0.961217
8.37	0.96181
8.36	0.962405
8.35	0.963001
8.34	0.9636
8.33	0.964201
8.32	0.964804
8.31	0.965409
8.3	0.966016
8.29	0.966625
8.28	0.967237
8.27	0.96785
8.26	0.968466
8.25	0.969083
8.24	0.969703
8.23	0.970325
8.22	0.97095
8.21	0.971576
8.2	0.972205
8.19	0.972836
8.18	0.973469
8.17	0.974104
8.16	0.974742
8.15	0.975382
8.14	0.976024
8.13	0.976668
8.12	0.977315
8.11	0.977964
8.1	0.978616
8.09	0.979269
8.08	0.979926
8.07	0.980584
8.06	0.981245
8.05	0.981908
8.04	0.982574
8.03	0.983242
8.02	0.983912
8.01	0.984585
8	0.98526
7.99	0.985938
7.98	0.986619
7.97	0.987301
7.96	0.987987
7.95	0.988675
7.94	0.989365
7.93	0.990058
7.92	0.990753
7.91	0.991452
7.9	0.992152
7.89	0.992855
7.88	0.993561
7.87	0.99427
7.86	0.994981
7.85	0.995695
7.84	0.996411
7.83	0.997131
7.82	0.997853
7.81	0.998577
7.8	0.999305
7.79	1.00003
7.78	1.00077
7.77	1.0015
7.76	1.00224
7.75	1.00298
7.74	1.00373
7.73	1.00447
7.72	1.00522
7.71	1.00598
7.7	1.00673
7.69	1.00749
7.68	1.00825
7.67	1.00902
7.66	1.00978
7.65	1.01056
7.64	1.01133
7.63	1.01211
7.62	1.01288
7.61	1.01367
7.6	1.01445
7.59	1.01524
7.58	1.01603
7.57	1.01683
7.56	1.01763
7.55	1.01843
7.54	1.01923
7.53	1.02004
7.52	1.02085
7.51	1.02166
7.5	1.02248
7.49	1.0233
7.48	1.02413
7.47	1.02495
7.46	1.02578
7.45	1.02662
7.44	1.02746
7.43	1.0283
7.42	1.02914
7.41	1.02999
7.4	1.03084
7.39	1.03169
7.38	1.03255
7.37	1.03341
7.36	1.03428
7.35	1.03515
7.34	1.03602
7.33	1.03689
7.32	1.03777
7.31	1.03866
7.3	1.03954
7.29	1.04043
7.28	1.04133
7.27	1.04223
7.26	1.04313
7.25	1.04403
7.24	1.04494
7.23	1.04586
7.22	1.04677
7.21	1.04769
7.2	1.04862
7.19	1.04955
7.18	1.05048
7.17	1.05142
7.16	1.05236
7.15	1.0533
7.14	1.05425
7.13	1.0552
7.12	1.05616
7.11	1.05712
7.1	1.05809
7.09	1.05906
7.08	1.06003
7.07	1.06101
7.06	1.06199
7.05	1.06298
7.04	1.06397
7.03	1.06496
7.02	1.06596
7.01	1.06696
7	1.06797
6.99	1.06899
6.98	1.07
6.97	1.07103
6.96	1.07205
6.95	1.07308
6.94	1.07412
6.93	1.07516
6.92	1.0762
6.91	1.07725
6.9	1.07831
6.89	1.07937
6.88	1.08043
6.87	1.0815
6.86	1.08257
6.85	1.08365
6.84	1.08474
6.83	1.08583
6.82	1.08692
6.81	1.08802
6.8	1.08912
6.79	1.09023
6.78	1.09134
6.77	1.09246
6.76	1.09359
6.75	1.09472
6.74	1.09585
6.73	1.09699
6.72	1.09814
6.71	1.09929
6.7	1.10045
6.69	1.10161
6.68	1.10278
6.67	1.10395
6.66	1.10513
6.65	1.10631
6.64	1.1075
6.63	1.1087
6.62	1.1099
6.61	1.11111
6.6	1.11232
6.59	1.11354
6.58	1.11476
6.57	1.116
6.56	1.11723
6.55	1.11847
6.54	1.11972
6.53	1.12098
6.52	1.12224
6.51	1.12351
6.5	1.12478
6.49	1.12606
6.48	1.12735
6.47	1.12864
6.46	1.12994
6.45	1.13125
6.44	1.13256
6.43	1.13388
6.42	1.1352
6.41	1.13654
6.4	1.13788
6.39	1.13922
6.38	1.14058
6.37	1.14193
6.36	1.1433
6.35	1.14468
6.34	1.14606
6.33	1.14744
6.32	1.14884
6.31	1.15024
6.3	1.15165
6.29	1.15307
6.28	1.15449
6.27	1.15592
6.26	1.15736
6.25	1.15881
6.24	1.16027
6.23	1.16173
6.22	1.1632
6.21	1.16468
6.2	1.16616
6.19	1.16766
6.18	1.16916
6.17	1.17067
6.16	1.17218
6.15	1.17371
6.14	1.17524
6.13	1.17679
6.12	1.17834
6.11	1.1799
6.1	1.18147
6.09	1.18304
6.08	1.18463
6.07	1.18622
6.06	1.18782
6.05	1.18944
6.04	1.19106
6.03	1.19269
6.02	1.19433
6.01	1.19597
6	1.19763
5.99	1.1993
5.98	1.20097
5.97	1.20266
5.96	1.20435
5.95	1.20606
5.94	1.20777
5.93	1.2095
5.92	1.21123
5.91	1.21297
5.9	1.21473
5.89	1.21649
5.88	1.21827
5.87	1.22005
5.86	1.22185
5.85	1.22365
5.84	1.22547
5.83	1.22729
5.82	1.22913
5.81	1.23098
5.8	1.23284
5.79	1.23471
5.78	1.23659
5.77	1.23848
5.76	1.24039
5.75	1.2423
5.74	1.24423
5.73	1.24617
5.72	1.24812
5.71	1.25008
5.7	1.25206
5.69	1.25404
5.68	1.25604
5.67	1.25805
5.66	1.26008
5.65	1.26211
5.64	1.26416
5.63	1.26622
5.62	1.2683
5.61	1.27039
5.6	1.27249
5.59	1.2746
5.58	1.27673
5.57	1.27887
5.56	1.28102
5.55	1.28319
5.54	1.28537
5.53	1.28757
5.52	1.28978
5.51	1.292
5.5	1.29424
5.49	1.29649
5.48	1.29876
5.47	1.30104
5.46	1.30334
5.45	1.30565
5.44	1.30798
5.43	1.31032
5.42	1.31268
5.41	1.31505
5.4	1.31744
5.39	1.31985
5.38	1.32227
5.37	1.32471
5.36	1.32717
5.35	1.32964
5.34	1.33213
5.33	1.33463
5.32	1.33715
5.31	1.33969
5.3	1.34225
5.29	1.34483
5.28	1.34742
5.27	1.35003
5.26	1.35266
5.25	1.35531
5.24	1.35798
5.23	1.36066
5.22	1.36337
5.21	1.36609
5.2	1.36883
5.19	1.37159
5.18	1.37438
5.17	1.37718
5.16	1.38
5.15	1.38284
5.14	1.38571
5.13	1.38859
5.12	1.3915
5.11	1.39443
5.1	1.39737
5.09	1.40035
5.08	1.40334
5.07	1.40635
5.06	1.40939
5.05	1.41245
5.04	1.41553
5.03	1.41864
5.02	1.42177
5.01	1.42492
5	1.4281
4.99	1.43131
4.98	1.43453
4.97	1.43778
4.96	1.44106
4.95	1.44436
4.94	1.44769
4.93	1.45105
4.92	1.45443
4.91	1.45784
4.9	1.46127
4.89	1.46473
4.88	1.46822
4.87	1.47174
4.86	1.47529
4.85	1.47886
4.84	1.48247
4.83	1.4861
4.82	1.48976
4.81	1.49345
4.8	1.49718
4.79	1.50093
4.78	1.50472
4.77	1.50853
4.76	1.51238
4.75	1.51626
4.74	1.52017
4.73	1.52412
4.72	1.5281
4.71	1.53212
4.7	1.53616
4.69	1.54025
4.68	1.54437
4.67	1.54852
4.66	1.55271
4.65	1.55694
4.64	1.5612
4.63	1.56551
4.62	1.56985
4.61	1.57422
4.6	1.57864
4.59	1.5831
4.58	1.5876
4.57	1.59214
4.56	1.59672
4.55	1.60134
4.54	1.606
4.53	1.61071
4.52	1.61546
4.51	1.62025
4.5	1.62509
4.49	1.62998
4.48	1.63491
4.47	1.63988
4.46	1.64491
4.45	1.64998
4.44	1.6551
4.43	1.66027
4.42	1.66549
4.41	1.67076
4.4	1.67609
4.39	1.68146
4.38	1.68689
4.37	1.69237
4.36	1.69791
4.35	1.7035
4.34	1.70915
4.33	1.71485
4.32	1.72061
4.31	1.72643
4.3	1.73232
4.29	1.73826
4.28	1.74426
4.27	1.75033
4.26	1.75646
4.25	1.76265
4.24	1.76891
4.23	1.77523
4.22	1.78163
4.21	1.78809
4.2	1.79462
4.19	1.80122
4.18	1.8079
4.17	1.81464
4.16	1.82146
4.15	1.82836
4.14	1.83534
4.13	1.84239
4.12	1.84952
4.11	1.85673
4.1	1.86403
4.09	1.8714
4.08	1.87887
4.07	1.88642
4.06	1.89405
4.05	1.90178
4.04	1.9096
4.03	1.91751
4.02	1.92552
4.01	1.93362
4	1.94182
3.99	1.95011
3.98	1.95851
3.97	1.96702
3.96	1.97563
3.95	1.98434
3.94	1.99317
3.93	2.0021
3.92	2.01115
3.91	2.02032
3.9	2.0296
3.89	2.03901
3.88	2.04853
3.87	2.05818
3.86	2.06796
3.85	2.07787
3.84	2.08791
3.83	2.09809
3.82	2.1084
3.81	2.11886
3.8	2.12946
3.79	2.1402
3.78	2.1511
3.77	2.16215
3.76	2.17336
3.75	2.18472
3.74	2.19625
3.73	2.20795
3.72	2.21982
3.71	2.23187
3.7	2.24409
3.69	2.25649
3.68	2.26909
3.67	2.28187
3.66	2.29485
3.65	2.30803
3.64	2.32142
3.63	2.33502
3.62	2.34883
3.61	2.36287
3.6	2.37713
3.59	2.39163
3.58	2.40636
3.57	2.42134
3.56	2.43657
3.55	2.45205
3.54	2.4678
3.53	2.48383
3.52	2.50013
3.51	2.51672
3.5	2.5336
3.49	2.55079
3.48	2.56829
3.47	2.58611
3.46	2.60427
3.45	2.62276
3.44	2.6416
3.43	2.66081
3.42	2.68039
3.41	2.70035
3.4	2.72071
3.39	2.74148
3.38	2.76267
3.37	2.7843
3.36	2.80639
3.35	2.82894
3.34	2.85197
3.33	2.87551
3.32	2.89956
3.31	2.92415
3.3	2.9493
3.29	2.97503
3.28	3.00137
3.27	3.02833
3.26	3.05593
3.25	3.08422
3.24	3.11321
3.23	3.14294
3.22	3.17343
3.21	3.20473
3.2	3.23686
3.19	3.26986
3.18	3.30379
3.17	3.33867
3.16	3.37457
3.15	3.41152
3.14	3.44959
3.13	3.48883
3.12	3.52931
3.11	3.57109
3.1	3.61426
3.09	3.65889
3.08	3.70508
3.07	3.75291
3.06	3.80251
3.05	3.85398
3.04	3.90745
3.03	3.96308
3.02	4.02102
3.01	4.08144
3	4.14456
2.99	4.21059
2.98	4.27978
2.97	4.35243
2.96	4.42887
2.95	4.50948
2.94	4.59469
2.93	4.68503
2.92	4.78109
2.91	4.8836
2.9	4.99341
2.89	5.11158
2.88	5.2394
2.87	5.37849
2.86	5.5309
2.85	5.69934
2.84	5.88737
2.83	6.09997
2.82	6.34423
2.81	6.63087
2.8	6.9772
2.79	7.41388
2.78	8.00374
2.77	8.91242
2.76	10.9597
-2.76	10.9597
-2.77	8.91242
-2.78	8.00374
-2.79	7.41388
-2.8	6.9772
-2.81	6.63087
-2.82	6.34423
-2.83	6.09997
-2.84	5.88737
-2.85	5.69934
-2.86	5.5309
-2.87	5.37849
-2.88	5.2394
-2.89	5.11158
-2.9	4.99341
-2.91	4.8836
-2.92	4.78109
-2.93	4.68503
-2.94	4.59469
-2.95	4.50948
-2.96	4.42887
-2.97	4.35243
-2.98	4.27978
-2.99	4.21059
-3	4.14456
-3.01	4.08144
-3.02	4.02102
-3.03	3.96308
-3.04	3.90745
-3.05	3.85398
-3.06	3.80251
-3.07	3.75291
-3.08	3.70508
-3.09	3.65889
-3.1	3.61426
-3.11	3.57109
-3.12	3.52931
-3.13	3.48883
-3.14	3.44959
-3.15	3.41152
-3.16	3.37457
-3.17	3.33867
-3.18	3.30379
-3.19	3.26986
-3.2	3.23686
-3.21	3.20473
-3.22	3.17343
-3.23	3.14294
-3.24	3.11321
-3.25	3.08422
-3.26	3.05593
-3.27	3.02833
-3.28	3.00137
-3.29	2.97503
-3.3	2.9493
-3.31	2.92415
-3.32	2.89956
-3.33	2.87551
-3.34	2.85197
-3.35	2.82894
-3.36	2.80639
-3.37	2.7843
-3.38	2.76267
-3.39	2.74148
-3.4	2.72071
-3.41	2.70035
-3.42	2.68039
-3.43	2.66081
-3.44	2.6416
-3.45	2.62276
-3.46	2.60427
-3.47	2.58611
-3.48	2.56829
-3.49	2.55079
-3.5	2.5336
-3.51	2.51672
-3.52	2.50013
-3.53	2.48383
-3.54	2.4678
-3.55	2.45205
-3.56	2.43657
-3.57	2.42134
-3.58	2.40636
-3.59	2.39163
-3.6	2.37713
-3.61	2.36287
-3.62	2.34883
-3.63	2.33502
-3.64	2.32142
-3.65	2.30803
-3.66	2.29485
-3.67	2.28187
-3.68	2.26909
-3.69	2.25649
-3.7	2.24409
-3.71	2.23187
-3.72	2.21982
-3.73	2.20795
-3.74	2.19625
-3.75	2.18472
-3.76	2.17336
-3.77	2.16215
-3.78	2.1511
-3.79	2.1402
-3.8	2.12946
-3.81	2.11886
-3.82	2.1084
-3.83	2.09809
-3.84	2.08791
-3.85	2.07787
-3.86	2.06796
-3.87	2.05818
-3.88	2.04853
-3.89	2.03901
-3.9	2.0296
-3.91	2.02032
-3.92	2.01115
-3.93	2.0021
-3.94	1.99317
-3.95	1.98434
-3.96	1.97563
-3.97	1.96702
-3.98	1.95851
-3.99	1.95011
-4	1.94182
-4.01	1.93362
-4.02	1.92552
-4.03	1.91751
-4.04	1.9096
-4.05	1.90178
-4.06	1.89405
-4.07	1.88642
-4.08	1.87887
-4.09	1.8714
-4.1	1.86403
-4.11	1.85673
-4.12	1.84952
-4.13	1.84239
-4.14	1.83534
-4.15	1.82836
-4.16	1.82146
-4.17	1.81464
-4.18	1.8079
-4.19	1.80122
-4.2	1.79462
-4.21	1.78809
-4.22	1.78163
-4.23	1.77523
-4.24	1.76891
-4.25	1.76265
-4.26	1.75646
-4.27	1.75033
-4.28	1.74426
-4.29	1.73826
-4.3	1.73232
-4.31	1.72643
-4.32	1.72061
-4.33	1.71485
-4.34	1.70915
-4.35	1.7035
-4.36	1.69791
-4.37	1.69237
-4.38	1.68689
-4.39	1.68146
-4.4	1.67609
-4.41	1.67076
-4.42	1.66549
-4.43	1.66027
-4.44	1.6551
-4.45	1.64998
-4.46	1.64491
-4.47	1.63988
-4.48	1.63491
-4.49	1.62998
-4.5	1.62509
-4.51	1.62025
-4.52	1.61546
-4.53	1.61071
-4.54	1.606
-4.55	1.60134
-4.56	1.59672
-4.57	1.59214
-4.58	1.5876
-4.59	1.5831
-4.6	1.57864
-4.61	1.57422
-4.62	1.56985
-4.63	1.56551
-4.64	1.5612
-4.65	1.55694
-4.66	1.55271
-4.67	1.54852
-4.68	1.54437
-4.69	1.54025
-4.7	1.53616
-4.71	1.53212
-4.72	1.5281
-4.73	1.52412
-4.74	1.52017
-4.75	1.51626
-4.76	1.51238
-4.77	1.50853
-4.78	1.50472
-4.79	1.50093
-4.8	1.49718
-4.81	1.49345
-4.82	1.48976
-4.83	1.4861
-4.84	1.48247
-4.85	1.47886
-4.86	1.47529
-4.87	1.47174
-4.88	1.46822
-4.89	1.46473
-4.9	1.46127
-4.91	1.45784
-4.92	1.45443
-4.93	1.45105
-4.94	1.44769
-4.95	1.44436
-4.96	1.44106
-4.97	1.43778
-4.98	1.43453
-4.99	1.43131
-5	1.4281
-5.01	1.42492
-5.02	1.42177
-5.03	1.41864
-5.04	1.41553
-5.05	1.41245
-5.06	1.40939
-5.07	1.40635
-5.08	1.40334
-5.09	1.40035
-5.1	1.39737
-5.11	1.39443
-5.12	1.3915
-5.13	1.38859
-5.14	1.38571
-5.15	1.38284
-5.16	1.38
-5.17	1.37718
-5.18	1.37438
-5.19	1.37159
-5.2	1.36883
-5.21	1.36609
-5.22	1.36337
-5.23	1.36066
-5.24	1.35798
-5.25	1.35531
-5.26	1.35266
-5.27	1.35003
-5.28	1.34742
-5.29	1.34483
-5.3	1.34225
-5.31	1.33969
-5.32	1.33715
-5.33	1.33463
-5.34	1.33213
-5.35	1.32964
-5.36	1.32717
-5.37	1.32471
-5.38	1.32227
-5.39	1.31985
-5.4	1.31744
-5.41	1.31505
-5.42	1.31268
-5.43	1.31032
-5.44	1.30798
-5.45	1.30565
-5.46	1.30334
-5.47	1.30104
-5.48	1.29876
-5.49	1.29649
-5.5	1.29424
-5.51	1.292
-5.52	1.28978
-5.53	1.28757
-5.54	1.28537
-5.55	1.28319
-5.56	1.28102
-5.57	1.27887
-5.58	1.27673
-5.59	1.2746
-5.6	1.27249
-5.61	1.27039
-5.62	1.2683
-5.63	1.26622
-5.64	1.26416
-5.65	1.26211
-5.66	1.26008
-5.67	1.25805
-5.68	1.25604
-5.69	1.25404
-5.7	1.25206
-5.71	1.25008
-5.72	1.24812
-5.73	1.24617
-5.74	1.24423
-5.75	1.2423
-5.76	1.24039
-5.77	1.23848
-5.78	1.23659
-5.79	1.23471
-5.8	1.23284
-5.81	1.23098
-5.82	1.22913
-5.83	1.22729
-5.84	1.22547
-5.85	1.22365
-5.86	1.22185
-5.87	1.22005
-5.88	1.21827
-5.89	1.21649
-5.9	1.21473
-5.91	1.21297
-5.92	1.21123
-5.93	1.2095
-5.94	1.20777
-5.95	1.20606
-5.96	1.20435
-5.97	1.20266
-5.98	1.20097
-5.99	1.1993
-6	1.19763
-6.01	1.19597
-6.02	1.19433
-6.03	1.19269
-6.04	1.19106
-6.05	1.18944
-6.06	1.18782
-6.07	1.18622
-6.08	1.18463
-6.09	1.18304
-6.1	1.18147
-6.11	1.1799
-6.12	1.17834
-6.13	1.17679
-6.14	1.17524
-6.15	1.17371
-6.16	1.17218
-6.17	1.17067
-6.18	1.16916
-6.19	1.16766
-6.2	1.16616
-6.21	1.16468
-6.22	1.1632
-6.23	1.16173
-6.24	1.16027
-6.25	1.15881
-6.26	1.15736
-6.27	1.15592
-6.28	1.15449
-6.29	1.15307
-6.3	1.15165
-6.31	1.15024
-6.32	1.14884
-6.33	1.14744
-6.34	1.14606
-6.35	1.14468
-6.36	1.1433
-6.37	1.14193
-6.38	1.14058
-6.39	1.13922
-6.4	1.13788
-6.41	1.13654
-6.42	1.1352
-6.43	1.13388
-6.44	1.13256
-6.45	1.13125
-6.46	1.12994
-6.47	1.12864
-6.48	1.12735
-6.49	1.12606
-6.5	1.12478
-6.51	1.12351
-6.52	1.12224
-6.53	1.12098
-6.54	1.11972
-6.55	1.11847
-6.56	1.11723
-6.57	1.116
-6.58	1.11476
-6.59	1.11354
-6.6	1.11232
-6.61	1.11111
-6.62	1.1099
-6.63	1.1087
-6.64	1.1075
-6.65	1.10631
-6.66	1.10513
-6.67	1.10395
-6.68	1.10278
-6.69	1.10161
-6.7	1.10045
-6.71	1.09929
-6.72	1.09814
-6.73	1.09699
-6.74	1.09585
-6.75	1.09472
-6.76	1.09359
-6.77	1.09246
-6.78	1.09134
-6.79	1.09023
-6.8	1.08912
-6.81	1.08802
-6.82	1.08692
-6.83	1.08583
-6.84	1.08474
-6.85	1.08365
-6.86	1.08257
-6.87	1.0815
-6.88	1.08043
-6.89	1.07937
-6.9	1.07831
-6.91	1.07725
-6.92	1.0762
-6.93	1.07516
-6.94	1.07412
-6.95	1.07308
-6.96	1.07205
-6.97	1.07103
-6.98	1.07
-6.99	1.06899
-7	1.06797
-7.01	1.06696
-7.02	1.06596
-7.03	1.06496
-7.04	1.06397
-7.05	1.06298
-7.06	1.06199
-7.07	1.06101
-7.08	1.06003
-7.09	1.05906
-7.1	1.05809
-7.11	1.05712
-7.12	1.05616
-7.13	1.0552
-7.14	1.05425
-7.15	1.0533
-7.16	1.05236
-7.17	1.05142
-7.18	1.05048
-7.19	1.04955
-7.2	1.04862
-7.21	1.04769
-7.22	1.04677
-7.23	1.04586
-7.24	1.04494
-7.25	1.04403
-7.26	1.04313
-7.27	1.04223
-7.28	1.04133
-7.29	1.04043
-7.3	1.03954
-7.31	1.03866
-7.32	1.03777
-7.33	1.03689
-7.34	1.03602
-7.35	1.03515
-7.36	1.03428
-7.37	1.03341
-7.38	1.03255
-7.39	1.03169
-7.4	1.03084
-7.41	1.02999
-7.42	1.02914
-7.43	1.0283
-7.44	1.02746
-7.45	1.02662
-7.46	1.02578
-7.47	1.02495
-7.48	1.02413
-7.49	1.0233
-7.5	1.02248
-7.51	1.02166
-7.52	1.02085
-7.53	1.02004
-7.54	1.01923
-7.55	1.01843
-7.56	1.01763
-7.57	1.01683
-7.58	1.01603
-7.59	1.01524
-7.6	1.01445
-7.61	1.01367
-7.62	1.01288
-7.63	1.01211
-7.64	1.01133
-7.65	1.01056
-7.66	1.00978
-7.67	1.00902
-7.68	1.00825
-7.69	1.00749
-7.7	1.00673
-7.71	1.00598
-7.72	1.00522
-7.73	1.00447
-7.74	1.00373
-7.75	1.00298
-7.76	1.00224
-7.77	1.0015
-7.78	1.00077
-7.79	1.00003
-7.8	0.999305
-7.81	0.998577
-7.82	0.997853
-7.83	0.997131
-7.84	0.996411
-7.85	0.995695
-7.86	0.994981
-7.87	0.99427
-7.88	0.993561
-7.89	0.992855
-7.9	0.992152
-7.91	0.991452
-7.92	0.990753
-7.93	0.990058
-7.94	0.989365
-7.95	0.988675
-7.96	0.987987
-7.97	0.987301
-7.98	0.986619
-7.99	0.985938
-8	0.98526
-8.01	0.984585
-8.02	0.983912
-8.03	0.983242
-8.04	0.982574
-8.05	0.981908
-8.06	0.981245
-8.07	0.980584
-8.08	0.979926
-8.09	0.979269
-8.1	0.978616
-8.11	0.977964
-8.12	0.977315
-8.13	0.976668
-8.14	0.976024
-8.15	0.975382
-8.16	0.974742
-8.17	0.974104
-8.18	0.973469
-8.19	0.972836
-8.2	0.972205
-8.21	0.971576
-8.22	0.97095
-8.23	0.970325
-8.24	0.969703
-8.25	0.969083
-8.26	0.968466
-8.27	0.96785
-8.28	0.967237
-8.29	0.966625
-8.3	0.966016
-8.31	0.965409
-8.32	0.964804
-8.33	0.964201
-8.34	0.9636
-8.35	0.963001
-8.36	0.962405
-8.37	0.96181
-8.38	0.961217
-8.39	0.960627
-8.4	0.960038
-8.41	0.959451
-8.42	0.958867
-8.43	0.958284
-8.44	0.957704
-8.45	0.957125
-8.46	0.956548
-8.47	0.955973
-8.48	0.9554
-8.49	0.954829
-8.5	0.95426
-8.51	0.953693
-8.52	0.953128
-8.53	0.952565
-8.54	0.952003
-8.55	0.951443
-8.56	0.950886
-8.57	0.95033
-8.58	0.949776
-8.59	0.949223
-8.6	0.948673
-8.61	0.948124
-8.62	0.947578
-8.63	0.947033
-8.64	0.946489
-8.65	0.945948
-8.66	0.945408
-8.67	0.94487
-8.68	0.944334
-8.69	0.9438
-8.7	0.943267
-8.71	0.942736
-8.72	0.942207
-8.73	0.941679
-8.74	0.941153
-8.75	0.940629
-8.76	0.940107
-8.77	0.939586
-8.78	0.939067
-8.79	0.938549
-8.8	0.938034
-8.81	0.93752
-8.82	0.937007
-8.83	0.936496
-8.84	0.935987
-8.85	0.935479
-8.86	0.934973
-8.87	0.934469
-8.88	0.933966
-8.89	0.933465
-8.9	0.932965
-8.91	0.932467
-8.92	0.93197
-8.93	0.931475
-8.94	0.930982
-8.95	0.93049
-8.96	0.93
-8.97	0.929511
-8.98	0.929023
-8.99	0.928538
-9	0.928053
-9.01	0.92757
-9.02	0.927089
-9.03	0.926609
-9.04	0.926131
-9.05	0.925654
-9.06	0.925179
-9.07	0.924705
-9.08	0.924232
-9.09	0.923761
-9.1	0.923292
-9.11	0.922823
-9.12	0.922356
-9.13	0.921891
-9.14	0.921427
-9.15	0.920965
-9.16	0.920504
-9.17	0.920044
-9.18	0.919585
-9.19	0.919128
-9.2	0.918673
-9.21	0.918219
-9.22	0.917766
-9.23	0.917314
-9.24	0.916864
-9.25	0.916415
-9.26	0.915968
-9.27	0.915522
-9.28	0.915077
-9.29	0.914633
-9.3	0.914191
-9.31	0.91375
-9.32	0.913311
-9.33	0.912872
-9.34	0.912435
-9.35	0.912
-9.36	0.911565
-9.37	0.911132
-9.38	0.9107
-9.39	0.91027
-9.4	0.90984
-9.41	0.909412
-9.42	0.908985
-9.43	0.90856
-9.44	0.908135
-9.45	0.907712
-9.46	0.90729
-9.47	0.90687
-9.48	0.90645
-9.49	0.906032
-9.5	0.905615
-9.51	0.905199
-9.52	0.904784
-9.53	0.904371
-9.54	0.903959
-9.55	0.903548
-9.56	0.903138
-9.57	0.902729
-9.58	0.902321
-9.59	0.901915
-9.6	0.90151
-9.61	0.901105
-9.62	0.900702
-9.63	0.900301
-9.64	0.8999
-9.65	0.8995
-9.66	0.899102
-9.67	0.898704
-9.68	0.898308
-9.69	0.897913
-9.7	0.897519
-9.71	0.897126
-9.72	0.896734
-9.73	0.896344
-9.74	0.895954
-9.75	0.895566
-9.76	0.895178
-9.77	0.894792
-9.78	0.894406
-9.79	0.894022
-9.8	0.893639
-9.81	0.893257
-9.82	0.892876
-9.83	0.892496
-9.84	0.892117
-9.85	0.891739
-9.86	0.891362
-9.87	0.890986
-9.88	0.890611
-9.89	0.890238
-9.9	0.889865
-9.91	0.889493
-9.92	0.889122
-9.93	0.888752
-9.94	0.888384
-9.95	0.888016
-9.96	0.887649
-9.97	0.887283
-9.98	0.886919
-9.99	0.886555
-10	0.886192
-10.01	0.88583
-10.02	0.885469
-10.03	0.885109
-10.04	0.88475
-10.05	0.884392
-10.06	0.884035
-10.07	0.883679
-10.08	0.883324
-10.09	0.88297
-10.1	0.882617
-10.11	0.882264
-10.12	0.881913
-10.13	0.881563
-10.14	0.881213
-10.15	0.880865
-10.16	0.880517
-10.17	0.88017
-10.18	0.879824
-10.19	0.879479
-10.2	0.879135
-10.21	0.878792
-10.22	0.87845
-10.23	0.878109
-10.24	0.877768
-10.25	0.877429
-10.26	0.87709
-10.27	0.876752
-10.28	0.876415
-10.29	0.876079
-10.3	0.875744
-10.31	0.87541
-10.32	0.875076
-10.33	0.874744
-10.34	0.874412
-10.35	0.874081
-10.36	0.873751
-10.37	0.873422
-10.38	0.873094
-10.39	0.872766
-10.4	0.872439
-10.41	0.872114
-10.42	0.871789
-10.43	0.871464
-10.44	0.871141
-10.45	0.870819
-10.46	0.870497
-10.47	0.870176
-10.48	0.869856
-10.49	0.869537
-10.5	0.869218
-10.51	0.868901
-10.52	0.868584
-10.53	0.868268
-10.54	0.867952
-10.55	0.867638
-10.56	0.867324
-10.57	0.867011
-10.58	0.866699
-10.59	0.866388
-10.6	0.866077
-10.61	0.865768
-10.62	0.865459
-10.63	0.86515
-10.64	0.864843
-10.65	0.864536
-10.66	0.86423
-10.67	0.863925
-10.68	0.863621
-10.69	0.863317
-10.7	0.863014
-10.71	0.862712
-10.72	0.86241
-10.73	0.86211
-10.74	0.86181
-10.75	0.86151
-10.76	0.861212
-10.77	0.860914
-10.78	0.860617
-10.79	0.860321
-10.8	0.860025
-10.81	0.85973
-10.82	0.859436
-10.83	0.859143
-10.84	0.85885
-10.85	0.858558
-10.86	0.858266
-10.87	0.857976
-10.88	0.857686
-10.89	0.857397
-10.9	0.857108
-10.91	0.85682
-10.92	0.856533
-10.93	0.856247
-10.94	0.855961
-10.95	0.855676
-10.96	0.855391
-10.97	0.855108
-10.98	0.854825
-10.99	0.854542
-11	0.854261
-11.01	0.853979
-11.02	0.853699
-11.03	0.853419
-11.04	0.85314
-11.05	0.852862
-11.06	0.852584
-11.07	0.852307
-11.08	0.852031
-11.09	0.851755
-11.1	0.85148
-11.11	0.851205
-11.12	0.850931
-11.13	0.850658
-11.14	0.850386
-11.15	0.850114
-11.16	0.849843
-11.17	0.849572
-11.18	0.849302
-11.19	0.849032
-11.2	0.848764
-11.21	0.848496
-11.22	0.848228
-11.23	0.847961
-11.24	0.847695
-11.25	0.847429
-11.26	0.847164
-11.27	0.8469
-11.28	0.846636
-11.29	0.846373
-11.3	0.84611
-11.31	0.845848
-11.32	0.845587
-11.33	0.845326
-11.34	0.845065
-11.35	0.844806
-11.36	0.844547
-11.37	0.844288
-11.38	0.84403
-11.39	0.843773
-11.4	0.843517
-11.41	0.84326
-11.42	0.843005
-11.43	0.84275
-11.44	0.842496
-11.45	0.842242
-11.46	0.841989
-11.47	0.841736
-11.48	0.841484
-11.49	0.841232
-11.5	0.840981
-11.51	0.840731
-11.52	0.840481
-11.53	0.840232
-11.54	0.839983
-11.55	0.839735
-11.56	0.839487
-11.57	0.83924
-11.58	0.838994
-11.59	0.838748
-11.6	0.838503
-11.61	0.838258
-11.62	0.838013
-11.63	0.83777
-11.64	0.837526
-11.65	0.837284
-11.66	0.837041
-11.67	0.8368
-11.68	0.836559
-11.69	0.836318
-11.7	0.836078
-11.71	0.835839
-11.72	0.8356
-11.73	0.835361
-11.74	0.835123
-11.75	0.834886
-11.76	0.834649
-11.77	0.834413
-11.78	0.834177
-11.79	0.833941
-11.8	0.833706
-11.81	0.833472
-11.82	0.833238
-11.83	0.833005
-11.84	0.832772
-11.85	0.83254
-11.86	0.832308
-11.87	0.832077
-11.88	0.831846
-11.89	0.831616
-11.9	0.831386
-11.91	0.831156
-11.92	0.830928
-11.93	0.830699
-11.94	0.830471
-11.95	0.830244
-11.96	0.830017
-11.97	0.829791
-11.98	0.829565
-11.99	0.82934
-12	0.829115
-12.01	0.82889
-12.02	0.828666
-12.03	0.828443
-12.04	0.82822
-12.05	0.827997
-12.06	0.827775
-12.07	0.827553
-12.08	0.827332
-12.09	0.827111
-12.1	0.826891
-12.11	0.826671
-12.12	0.826452
-12.13	0.826233
-12.14	0.826015
-12.15	0.825797
-12.16	0.825579
-12.17	0.825362
-12.18	0.825146
-12.19	0.82493
-12.2	0.824714
-12.21	0.824499
-12.22	0.824284
-12.23	0.82407
-12.24	0.823856
-12.25	0.823643
-12.26	0.82343
-12.27	0.823217
-12.28	0.823005
-12.29	0.822793
-12.3	0.822582
-12.31	0.822371
-12.32	0.822161
-12.33	0.821951
-12.34	0.821741
-12.35	0.821532
-12.36	0.821324
-12.37	0.821115
-12.38	0.820908
-12.39	0.8207
-12.4	0.820493
-12.41	0.820287
-12.42	0.820081
-12.43	0.819875
-12.44	0.81967
-12.45	0.819465
-12.46	0.819261
-12.47	0.819057
-12.48	0.818853
-12.49	0.81865
-12.5	0.818447
-12.51	0.818245
-12.52	0.818043
-12.53	0.817841
-12.54	0.81764
-12.55	0.817439
-12.56	0.817239
-12.57	0.817039
-12.58	0.81684
-12.59	0.81664
-12.6	0.816442
-12.61	0.816243
-12.62	0.816046
-12.63	0.815848
-12.64	0.815651
-12.65	0.815454
-12.66	0.815258
-12.67	0.815062
-12.68	0.814866
-12.69	0.814671
-12.7	0.814476
-12.71	0.814282
-12.72	0.814088
-12.73	0.813894
-12.74	0.813701
-12.75	0.813508
-12.76	0.813316
-12.77	0.813123
-12.78	0.812932
-12.79	0.81274
-12.8	0.812549
-12.81	0.812359
-12.82	0.812168
-12.83	0.811979
-12.84	0.811789
-12.85	0.8116
-12.86	0.811411
-12.87	0.811223
-12.88	0.811035
-12.89	0.810847
-12.9	0.81066
-12.91	0.810473
-12.92	0.810286
-12.93	0.8101
-12.94	0.809914
-12.95	0.809729
-12.96	0.809544
-12.97	0.809359
-12.98	0.809174
-12.99	0.80899
-13	0.808807
-13.01	0.808623
-13.02	0.80844
-13.03	0.808258
-13.04	0.808075
-13.05	0.807893
-13.06	0.807712
-13.07	0.807531
-13.08	0.80735
-13.09	0.807169
-13.1	0.806989
-13.11	0.806809
-13.12	0.80663
-13.13	0.80645
-13.14	0.806272
-13.15	0.806093
-13.16	0.805915
-13.17	0.805737
-13.18	0.80556
-13.19	0.805382
-13.2	0.805206
-13.21	0.805029
-13.22	0.804853
-13.23	0.804677
-13.24	0.804502
-13.25	0.804327
-13.26	0.804152
-13.27	0.803977
-13.28	0.803803
-13.29	0.803629
-13.3	0.803456
-13.31	0.803282
-13.32	0.80311
-13.33	0.802937
-13.34	0.802765
-13.35	0.802593
-13.36	0.802421
-13.37	0.80225
-13.38	0.802079
-13.39	0.801908
-13.4	0.801738
-13.41	0.801568
-13.42	0.801398
-13.43	0.801229
-13.44	0.80106
-13.45	0.800891
-13.46	0.800723
-13.47	0.800555
-13.48	0.800387
-13.49	0.800219
-13.5	0.800052
-13.51	0.799885
-13.52	0.799719
-13.53	0.799553
-13.54	0.799387
-13.55	0.799221
-13.56	0.799056
-13.57	0.79889
-13.58	0.798726
-13.59	0.798561
-13.6	0.798397
-13.61	0.798233
-13.62	0.79807
-13.63	0.797906
-13.64	0.797743
-13.65	0.797581
-13.66	0.797418
-13.67	0.797256
-13.68	0.797095
-13.69	0.796933
-13.7	0.796772
-13.71	0.796611
-13.72	0.79645
-13.73	0.79629
-13.74	0.79613
-13.75	0.79597
-13.76	0.795811
-13.77	0.795651
-13.78	0.795493
-13.79	0.795334
-13.8	0.795176
-13.81	0.795018
-13.82	0.79486
-13.83	0.794702
-13.84	0.794545
-13.85	0.794388
-13.86	0.794232
-13.87	0.794075
-13.88	0.793919
-13.89	0.793763
-13.9	0.793608
-13.91	0.793453
-13.92	0.793298
-13.93	0.793143
-13.94	0.792988
-13.95	0.792834
-13.96	0.79268
-13.97	0.792527
-13.98	0.792373
-13.99	0.79222
-14	0.792068
-14.01	0.791915
-14.02	0.791763
-14.03	0.791611
-14.04	0.791459
-14.05	0.791308
-14.06	0.791156
-14.07	0.791005
-14.08	0.790855
-14.09	0.790704
-14.1	0.790554
-14.11	0.790404
-14.12	0.790255
-14.13	0.790105
-14.14	0.789956
-14.15	0.789807
-14.16	0.789659
-14.17	0.78951
-14.18	0.789362
-14.19	0.789214
-14.2	0.789067
-14.21	0.78892
-14.22	0.788772
-14.23	0.788626
-14.24	0.788479
-14.25	0.788333
-14.26	0.788187
-14.27	0.788041
-14.28	0.787895
-14.29	0.78775
-14.3	0.787605
-14.31	0.78746
-14.32	0.787316
-14.33	0.787171
-14.34	0.787027
-14.35	0.786884
-14.36	0.78674
-14.37	0.786597
-14.38	0.786454
-14.39	0.786311
-14.4	0.786168
-14.41	0.786026
-14.42	0.785884
-14.43	0.785742
-14.44	0.7856
-14.45	0.785459
-14.46	0.785318
-14.47	0.785177
-14.48	0.785036
-14.49	0.784896
-14.5	0.784756
-14.51	0.784616
-14.52	0.784476
-14.53	0.784336
-14.54	0.784197
-14.55	0.784058
-14.56	0.783919
-14.57	0.783781
-14.58	0.783642
-14.59	0.783504
-14.6	0.783366
-14.61	0.783229
-14.62	0.783091
-14.63	0.782954
-14.64	0.782817
-14.65	0.782681
-14.66	0.782544
-14.67	0.782408
-14.68	0.782272
-14.69	0.782136
-14.7	0.782
-14.71	0.781865
-14.72	0.78173
-14.73	0.781595
-14.74	0.78146
-14.75	0.781326
-14.76	0.781192
-14.77	0.781058
-14.78	0.780924
-14.79	0.78079
-14.8	0.780657
-14.81	0.780524
-14.82	0.780391
-14.83	0.780258
-14.84	0.780126
-14.85	0.779993
-14.86	0.779861
-14.87	0.779729
-14.88	0.779598
-14.89	0.779466
-14.9	0.779335
-14.91	0.779204
-14.92	0.779073
-14.93	0.778943
-14.94	0.778813
-14.95	0.778682
-14.96	0.778552
-14.97	0.778423
-14.98	0.778293
-14.99	0.778164
-15	0.778035
-15.01	0.777906
-15.02	0.777777
-15.03	0.777649
-15.04	0.777521
-15.05	0.777393
-15.06	0.777265
-15.07	0.777137
-15.08	0.77701
-15.09	0.776883
-15.1	0.776756
-15.11	0.776629
-15.12	0.776502
-15.13	0.776376
-15.14	0.77625
-15.15	0.776124
-15.16	0.775998
-15.17	0.775872
-15.18	0.775747
-15.19	0.775622
-15.2	0.775496
-15.21	0.775372
-15.22	0.775247
-15.23	0.775123
-15.24	0.774998
-15.25	0.774875
-15.26	0.774751
-15.27	0.774627
-15.28	0.774504
-15.29	0.77438
-15.3	0.774257
-15.31	0.774135
-15.32	0.774012
-15.33	0.773889
-15.34	0.773767
-15.35	0.773645
-15.36	0.773523
-15.37	0.773402
-15.38	0.77328
-15.39	0.773159
-15.4	0.773038
-15.41	0.772917
-15.42	0.772796
-15.43	0.772676
-15.44	0.772555
-15.45	0.772435
-15.46	0.772315
-15.47	0.772195
-15.48	0.772076
-15.49	0.771956
-15.5	0.771837
-15.51	0.771718
-15.52	0.771599
-15.53	0.77148
-15.54	0.771362
-15.55	0.771244
-15.56	0.771125
-15.57	0.771008
-15.58	0.77089
-15.59	0.770772
-15.6	0.770655
-15.61	0.770538
-15.62	0.770421
-15.63	0.770304
-15.64	0.770187
-15.65	0.770071
-15.66	0.769954
-15.67	0.769838
-15.68	0.769722
-15.69	0.769606
-15.7	0.769491
-15.71	0.769375
-15.72	0.76926
-15.73	0.769145
-15.74	0.76903
-15.75	0.768915
-15.76	0.768801
-15.77	0.768686
-15.78	0.768572
-15.79	0.768458
-15.8	0.768344
-15.81	0.768231
-15.82	0.768117
-15.83	0.768004
-15.84	0.767891
-15.85	0.767778
-15.86	0.767665
-15.87	0.767552
-15.88	0.76744
-15.89	0.767327
-15.9	0.767215
-15.91	0.767103
-15.92	0.766992
-15.93	0.76688
-15.94	0.766768
-15.95	0.766657
-15.96	0.766546
-15.97	0.766435
-15.98	0.766324
-15.99	0.766214
-16	0.766103
-16.01	0.765993
-16.02	0.765883
-16.03	0.765773
-16.04	0.765663
-16.05	0.765553
-16.06	0.765444
-16.07	0.765335
-16.08	0.765225
-16.09	0.765116
-16.1	0.765008
-16.11	0.764899
-16.12	0.76479
-16.13	0.764682
-16.14	0.764574
-16.15	0.764466
-16.16	0.764358
-16.17	0.76425
-16.18	0.764143
-16.19	0.764035
-16.2	0.763928
-16.21	0.763821
-16.22	0.763714
-16.23	0.763607
-16.24	0.763501
-16.25	0.763394
-16.26	0.763288
-16.27	0.763182
-16.28	0.763076
-16.29	0.76297
-16.3	0.762865
-16.31	0.762759
-16.32	0.762654
-16.33	0.762549
-16.34	0.762443
-16.35	0.762339
-16.36	0.762234
-16.37	0.762129
-16.38	0.762025
-16.39	0.761921
-16.4	0.761816
-16.41	0.761712
-16.42	0.761609
-16.43	0.761505
-16.44	0.761401
-16.45	0.761298
-16.46	0.761195
-16.47	0.761092
-16.48	0.760989
-16.49	0.760886
-16.5	0.760783
-16.51	0.760681
-16.52	0.760579
-16.53	0.760476
-16.54	0.760374
-16.55	0.760272
-16.56	0.760171
-16.57	0.760069
-16.58	0.759968
-16.59	0.759866
-16.6	0.759765
-16.61	0.759664
-16.62	0.759563
-16.63	0.759463
-16.64	0.759362
-16.65	0.759262
-16.66	0.759161
-16.67	0.759061
-16.68	0.758961
-16.69	0.758861
-16.7	0.758762
-16.71	0.758662
-16.72	0.758563
-16.73	0.758463
-16.74	0.758364
-16.75	0.758265
-16.76	0.758166
-16.77	0.758067
-16.78	0.757969
-16.79	0.75787
-16.8	0.757772
-16.81	0.757674
-16.82	0.757576
-16.83	0.757478
-16.84	0.75738
-16.85	0.757282
-16.86	0.757185
-16.87	0.757088
-16.88	0.75699
-16.89	0.756893
-16.9	0.756796
-16.91	0.7567
-16.92	0.756603
-16.93	0.756506
-16.94	0.75641
-16.95	0.756314
-16.96	0.756218
-16.97	0.756122
-16.98	0.756026
-16.99	0.75593
-17	0.755834
-17.01	0.755739
-17.02	0.755644
-17.03	0.755548
-17.04	0.755453
-17.05	0.755358
-17.06	0.755264
-17.07	0.755169
-17.08	0.755074
-17.09	0.75498
-17.1	0.754886
-17.11	0.754792
-17.12	0.754698
-17.13	0.754604
-17.14	0.75451
-17.15	0.754416
-17.16	0.754323
-17.17	0.754229
-17.18	0.754136
-17.19	0.754043
-17.2	0.75395
-17.21	0.753857
-17.22	0.753765
-17.23	0.753672
-17.24	0.753579
-17.25	0.753487
-17.26	0.753395
-17.27	0.753303
-17.28	0.753211
-17.29	0.753119
-17.3	0.753027
-17.31	0.752936
-17.32	0.752844
-17.33	0.752753
-17.34	0.752662
-17.35	0.752571
-17.36	0.75248
-17.37	0.752389
-17.38	0.752298
-17.39	0.752207
-17.4	0.752117
-17.41	0.752027
-17.42	0.751936
-17.43	0.751846
-17.44	0.751756
-17.45	0.751666
-17.46	0.751577
-17.47	0.751487
-17.48	0.751398
-17.49	0.751308
-17.5	0.751219
-17.51	0.75113
-17.52	0.751041
-17.53	0.750952
-17.54	0.750863
-17.55	0.750774
-17.56	0.750686
-17.57	0.750597
-17.58	0.750509
-17.59	0.750421
-17.6	0.750333
-17.61	0.750245
-17.62	0.750157
-17.63	0.750069
-17.64	0.749982
-17.65	0.749894
-17.66	0.749807
-17.67	0.74972
-17.68	0.749633
-17.69	0.749546
-17.7	0.749459
-17.71	0.749372
-17.72	0.749285
-17.73	0.749199
-17.74	0.749112
-17.75	0.749026
-17.76	0.74894
-17.77	0.748854
-17.78	0.748768
-17.79	0.748682
-17.8	0.748596
-17.81	0.74851
-17.82	0.748425
-17.83	0.748339
-17.84	0.748254
-17.85	0.748169
-17.86	0.748084
-17.87	0.747999
-17.88	0.747914
-17.89	0.747829
-17.9	0.747745
-17.91	0.74766
-17.92	0.747576
-17.93	0.747491
-17.94	0.747407
-17.95	0.747323
-17.96	0.747239
-17.97	0.747155
-17.98	0.747072
-17.99	0.746988
-18	0.746904
-18.01	0.746821
-18.02	0.746738
-18.03	0.746654
-18.04	0.746571
-18.05	0.746488
-18.06	0.746405
-18.07	0.746323
-18.08	0.74624
-18.09	0.746157
-18.1	0.746075
-18.11	0.745993
-18.12	0.74591
-18.13	0.745828
-18.14	0.745746
-18.15	0.745664
-18.16	0.745582
-18.17	0.745501
-18.18	0.745419
-18.19	0.745338
-18.2	0.745256
-18.21	0.745175
-18.22	0.745094
-18.23	0.745013
-18.24	0.744932
-18.25	0.744851
-18.26	0.74477
-18.27	0.744689
-18.28	0.744609
-18.29	0.744528
-18.3	0.744448
-18.31	0.744368
-18.32	0.744288
-18.33	0.744208
-18.34	0.744128
-18.35	0.744048
-18.36	0.743968
-18.37	0.743888
-18.38	0.743809
-18.39	0.743729
-18.4	0.74365
-18.41	0.743571
-18.42	0.743492
-18.43	0.743413
-18.44	0.743334
-18.45	0.743255
-18.46	0.743176
-18.47	0.743098
-18.48	0.743019
-18.49	0.742941
-18.5	0.742862
-18.51	0.742784
-18.52	0.742706
-18.53	0.742628
-18.54	0.74255
-18.55	0.742472
-18.56	0.742394
-18.57	0.742317
-18.58	0.742239
-18.59	0.742162
-18.6	0.742084
-18.61	0.742007
-18.62	0.74193
-18.63	0.741853
-18.64	0.741776
-18.65	0.741699
-18.66	0.741622
-18.67	0.741545
-18.68	0.741469
-18.69	0.741392
-18.7	0.741316
-18.71	0.74124
-18.72	0.741163
-18.73	0.741087
-18.74	0.741011
-18.75	0.740935
-18.76	0.74086
-18.77	0.740784
-18.78	0.740708
-18.79	0.740633
-18.8	0.740557
-18.81	0.740482
-18.82	0.740407
-18.83	0.740331
-18.84	0.740256
-18.85	0.740181
-18.86	0.740106
-18.87	0.740032
-18.88	0.739957
-18.89	0.739882
-18.9	0.739808
-18.91	0.739733
-18.92	0.739659
-18.93	0.739585
-18.94	0.739511
-18.95	0.739437
-18.96	0.739363
-18.97	0.739289
-18.98	0.739215
-18.99	0.739141
-19	0.739068
-19.01	0.738994
-19.02	0.738921
-19.03	0.738847
-19.04	0.738774
-19.05	0.738701
-19.06	0.738628
-19.07	0.738555
-19.08	0.738482
-19.09	0.738409
-19.1	0.738336
-19.11	0.738264
-19.12	0.738191
-19.13	0.738119
-19.14	0.738046
-19.15	0.737974
-19.16	0.737902
-19.17	0.73783
-19.18	0.737758
-19.19	0.737686
-19.2	0.737614
-19.21	0.737542
-19.22	0.737471
-19.23	0.737399
-19.24	0.737328
-19.25	0.737256
-19.26	0.737185
-19.27	0.737114
-19.28	0.737042
-19.29	0.736971
-19.3	0.7369
-19.31	0.736829
-19.32	0.736759
-19.33	0.736688
-19.34	0.736617
-19.35	0.736547
-19.36	0.736476
-19.37	0.736406
-19.38	0.736336
-19.39	0.736265
-19.4	0.736195
-19.41	0.736125
-19.42	0.736055
-19.43	0.735985
-19.44	0.735916
-19.45	0.735846
-19.46	0.735776
-19.47	0.735707
-19.48	0.735637
-19.49	0.735568
-19.5	0.735498
-19.51	0.735429
-19.52	0.73536
-19.53	0.735291
-19.54	0.735222
-19.55	0.735153
-19.56	0.735084
-19.57	0.735016
-19.58	0.734947
-19.59	0.734878
-19.6	0.73481
-19.61	0.734742
-19.62	0.734673
-19.63	0.734605
-19.64	0.734537
-19.65	0.734469
-19.66	0.734401
-19.67	0.734333
-19.68	0.734265
-19.69	0.734197
-19.7	0.73413
-19.71	0.734062
-19.72	0.733994
-19.73	0.733927
-19.74	0.73386
-19.75	0.733792
-19.76	0.733725
-19.77	0.733658
-19.78	0.733591
-19.79	0.733524
-19.8	0.733457
-19.81	0.73339
-19.82	0.733324
-19.83	0.733257
-19.84	0.73319
-19.85	0.733124
-19.86	0.733057
-19.87	0.732991
-19.88	0.732925
-19.89	0.732858
-19.9	0.732792
-19.91	0.732726
-19.92	0.73266
-19.93	0.732594
-19.94	0.732529
-19.95	0.732463
-19.96	0.732397
-19.97	0.732332
-19.98	0.732266
-19.99	0.732201
-20	0.732135
-20.01	0.73207
-20.02	0.732005
-20.03	0.73194
-20.04	0.731875
-20.05	0.73181
-20.06	0.731745
-20.07	0.73168
-20.08	0.731615
-20.09	0.731551
-20.1	0.731486
-20.11	0.731421
-20.12	0.731357
-20.13	0.731292
-20.14	0.731228
-20.15	0.731164
-20.16	0.7311
-20.17	0.731036
-20.18	0.730972
-20.19	0.730908
-20.2	0.730844
-20.21	0.73078
-20.22	0.730716
-20.23	0.730653
-20.24	0.730589
-20.25	0.730526
-20.26	0.730462
-20.27	0.730399
-20.28	0.730335
-20.29	0.730272
-20.3	0.730209
-20.31	0.730146
-20.32	0.730083
-20.33	0.73002
-20.34	0.729957
-20.35	0.729894
-20.36	0.729832
-20.37	0.729769
-20.38	0.729706
-20.39	0.729644
-20.4	0.729581
-20.41	0.729519
-20.42	0.729457
-20.43	0.729395
-20.44	0.729332
-20.45	0.72927
-20.46	0.729208
-20.47	0.729146
-20.48	0.729084
-20.49	0.729023
-20.5	0.728961
-20.51	0.728899
-20.52	0.728838
-20.53	0.728776
-20.54	0.728715
-20.55	0.728653
-20.56	0.728592
-20.57	0.728531
-20.58	0.728469
-20.59	0.728408
-20.6	0.728347
-20.61	0.728286
-20.62	0.728225
-20.63	0.728165
-20.64	0.728104
-20.65	0.728043
-20.66	0.727982
-20.67	0.727922
-20.68	0.727861
-20.69	0.727801
-20.7	0.72774
-20.71	0.72768
-20.72	0.72762
-20.73	0.72756
-20.74	0.7275
-20.75	0.72744
-20.76	0.72738
-20.77	0.72732
-20.78	0.72726
-20.79	0.7272
-20.8	0.72714
-20.81	0.727081
-20.82	0.727021
-20.83	0.726962
-20.84	0.726902
-20.85	0.726843
-20.86	0.726783
-20.87	0.726724
-20.88	0.726665
-20.89	0.726606
-20.9	0.726547
-20.91	0.726488
-20.92	0.726429
-20.93	0.72637
-20.94	0.726311
-20.95	0.726252
-20.96	0.726194
-20.97	0.726135
-20.98	0.726077
-20.99	0.726018
-21	0.72596
-21.01	0.725901
-21.02	0.725843
-21.03	0.725785
-21.04	0.725727
-21.05	0.725669
-21.06	0.725611
-21.07	0.725553
-21.08	0.725495
-21.09	0.725437
-21.1	0.725379
-21.11	0.725321
-21.12	0.725264
-21.13	0.725206
-21.14	0.725149
-21.15	0.725091
-21.16	0.725034
-21.17	0.724976
-21.18	0.724919
-21.19	0.724862
-21.2	0.724805
-21.21	0.724748
-21.22	0.724691
-21.23	0.724634
-21.24	0.724577
-21.25	0.72452
-21.26	0.724463
-21.27	0.724406
-21.28	0.72435
-21.29	0.724293
-21.3	0.724236
-21.31	0.72418
-21.32	0.724124
-21.33	0.724067
-21.34	0.724011
-21.35	0.723955
-21.36	0.723898
-21.37	0.723842
-21.38	0.723786
-21.39	0.72373
-21.4	0.723674
-21.41	0.723618
-21.42	0.723563
-21.43	0.723507
-21.44	0.723451
-21.45	0.723395
-21.46	0.72334
-21.47	0.723284
-21.48	0.723229
-21.49	0.723173
-21.5	0.723118
-21.51	0.723063
-21.52	0.723008
-21.53	0.722952
-21.54	0.722897
-21.55	0.722842
-21.56	0.722787
-21.57	0.722732
-21.58	0.722677
-21.59	0.722623
-21.6	0.722568
-21.61	0.722513
-21.62	0.722458
-21.63	0.722404
-21.64	0.722349
-21.65	0.722295
-21.66	0.72224
-21.67	0.722186
-21.68	0.722132
-21.69	0.722077
-21.7	0.722023
-21.71	0.721969
-21.72	0.721915
-21.73	0.721861
-21.74	0.721807
-21.75	0.721753
-21.76	0.721699
-21.77	0.721646
-21.78	0.721592
-21.79	0.721538
-21.8	0.721484
-21.81	0.721431
-21.82	0.721377
-21.83	0.721324
-21.84	0.721271
-21.85	0.721217
-21.86	0.721164
-21.87	0.721111
-21.88	0.721057
-21.89	0.721004
-21.9	0.720951
-21.91	0.720898
-21.92	0.720845
-21.93	0.720792
-21.94	0.72074
-21.95	0.720687
-21.96	0.720634
-21.97	0.720581
-21.98	0.720529
-21.99	0.720476
-22	0.720424
-22.01	0.720371
-22.02	0.720319
-22.03	0.720266
-22.04	0.720214
-22.05	0.720162
-22.06	0.72011
-22.07	0.720057
-22.08	0.720005
-22.09	0.719953
-22.1	0.719901
-22.11	0.719849
-22.12	0.719797
-22.13	0.719746
-22.14	0.719694
-22.15	0.719642
-22.16	0.719591
-22.17	0.719539
-22.18	0.719487
-22.19	0.719436
-22.2	0.719384
-22.21	0.719333
-22.22	0.719282
-22.23	0.71923
-22.24	0.719179
-22.25	0.719128
-22.26	0.719077
-22.27	0.719026
-22.28	0.718975
-22.29	0.718924
-22.3	0.718873
-22.31	0.718822
-22.32	0.718771
-22.33	0.71872
-22.34	0.71867
-22.35	0.718619
-22.36	0.718568
-22.37	0.718518
-22.38	0.718467
-22.39	0.718417
-22.4	0.718366
-22.41	0.718316
-22.42	0.718266
-22.43	0.718215
-22.44	0.718165
-22.45	0.718115
-22.46	0.718065
-22.47	0.718015
-22.48	0.717965
-22.49	0.717915
-22.5	0.717865
-22.51	0.717815
-22.52	0.717765
-22.53	0.717716
-22.54	0.717666
-22.55	0.717616
-22.56	0.717567
-22.57	0.717517
-22.58	0.717468
-22.59	0.717418
-22.6	0.717369
-22.61	0.717319
-22.62	0.71727
-22.63	0.717221
-22.64	0.717172
-22.65	0.717122
-22.66	0.717073
-22.67	0.717024
-22.68	0.716975
-22.69	0.716926
-22.7	0.716877
-22.71	0.716829
-22.72	0.71678
-22.73	0.716731
-22.74	0.716682
-22.75	0.716634
-22.76	0.716585
-22.77	0.716536
-22.78	0.716488
-22.79	0.716439
-22.8	0.716391
-22.81	0.716343
-22.82	0.716294
-22.83	0.716246
-22.84	0.716198
-22.85	0.71615
-22.86	0.716101
-22.87	0.716053
-22.88	0.716005
-22.89	0.715957
-22.9	0.715909
-22.91	0.715861
-22.92	0.715814
-22.93	0.715766
-22.94	0.715718
-22.95	0.71567
-22.96	0.715623
-22.97	0.715575
-22.98	0.715527
-22.99	0.71548
-23	0.715432
-23.01	0.715385
-23.02	0.715338
-23.03	0.71529
-23.04	0.715243
-23.05	0.715196
-23.06	0.715149
-23.07	0.715101
-23.08	0.715054
-23.09	0.715007
-23.1	0.71496
-23.11	0.714913
-23.12	0.714866
-23.13	0.714819
-23.14	0.714773
-23.15	0.714726
-23.16	0.714679
-23.17	0.714632
-23.18	0.714586
-23.19	0.714539
-23.2	0.714493
-23.21	0.714446
-23.22	0.7144
-23.23	0.714353
-23.24	0.714307
-23.25	0.714261
-23.26	0.714214
-23.27	0.714168
-23.28	0.714122
-23.29	0.714076
-23.3	0.71403
-23.31	0.713983
-23.32	0.713937
-23.33	0.713892
-23.34	0.713846
-23.35	0.7138
-23.36	0.713754
-23.37	0.713708
-23.38	0.713662
-23.39	0.713617
-23.4	0.713571
-23.41	0.713525
-23.42	0.71348
-23.43	0.713434
-23.44	0.713389
-23.45	0.713343
-23.46	0.713298
-23.47	0.713253
-23.48	0.713207
-23.49	0.713162
-23.5	0.713117
-23.51	0.713072
-23.52	0.713026
-23.53	0.712981
-23.54	0.712936
-23.55	0.712891
-23.56	0.712846
-23.57	0.712801
-23.58	0.712757
-23.59	0.712712
-23.6	0.712667
-23.61	0.712622
-23.62	0.712577
-23.63	0.712533
-23.64	0.712488
-23.65	0.712444
-23.66	0.712399
-23.67	0.712355
-23.68	0.71231
-23.69	0.712266
-23.7	0.712221
-23.71	0.712177
-23.72	0.712133
-23.73	0.712089
-23.74	0.712044
-23.75	0.712
-23.76	0.711956
-23.77	0.711912
-23.78	0.711868
-23.79	0.711824
-23.8	0.71178
-23.81	0.711736
-23.82	0.711692
-23.83	0.711648
-23.84	0.711605
-23.85	0.711561
-23.86	0.711517
-23.87	0.711474
-23.88	0.71143
-23.89	0.711386
-23.9	0.711343
-23.91	0.711299
-23.92	0.711256
-23.93	0.711213
-23.94	0.711169
-23.95	0.711126
-23.96	0.711083
-23.97	0.711039
-23.98	0.710996
-23.99	0.710953
-24	0.71091
-24.01	0.710867
-24.02	0.710824
-24.03	0.710781
-24.04	0.710738
-24.05	0.710695
-24.06	0.710652
-24.07	0.710609
-24.08	0.710566
-24.09	0.710523
-24.1	0.710481
-24.11	0.710438
-24.12	0.710395
-24.13	0.710353
-24.14	0.71031
-24.15	0.710268
-24.16	0.710225
-24.17	0.710183
-24.18	0.71014
-24.19	0.710098
-24.2	0.710056
-24.21	0.710013
-24.22	0.709971
-24.23	0.709929
-24.24	0.709887
-24.25	0.709845
-24.26	0.709803
-24.27	0.709761
-24.28	0.709719
-24.29	0.709677
-24.3	0.709635
-24.31	0.709593
-24.32	0.709551
-24.33	0.709509
-24.34	0.709467
-24.35	0.709426
-24.36	0.709384
-24.37	0.709342
-24.38	0.709301
-24.39	0.709259
-24.4	0.709217
-24.41	0.709176
-24.42	0.709134
-24.43	0.709093
-24.44	0.709052
-24.45	0.70901
-24.46	0.708969
-24.47	0.708928
-24.48	0.708886
-24.49	0.708845
-24.5	0.708804
-24.51	0.708763
-24.52	0.708722
-24.53	0.708681
-24.54	0.70864
-24.55	0.708599
-24.56	0.708558
-24.57	0.708517
-24.58	0.708476
-24.59	0.708435
-24.6	0.708394
-24.61	0.708354
-24.62	0.708313
-24.63	0.708272
-24.64	0.708232
-24.65	0.708191
-24.66	0.70815
-24.67	0.70811
-24.68	0.708069
-24.69	0.708029
-24.7	0.707989
-24.71	0.707948
-24.72	0.707908
-24.73	0.707867
-24.74	0.707827
-24.75	0.707787
-24.76	0.707747
-24.77	0.707707
-24.78	0.707666
-24.79	0.707626
-24.8	0.707586
-24.81	0.707546
-24.82	0.707506
-24.83	0.707466
-24.84	0.707426
-24.85	0.707386
-24.86	0.707347
-24.87	0.707307
-24.88	0.707267
-24.89	0.707227
-24.9	0.707188
-24.91	0.707148
-24.92	0.707108
-24.93	0.707069
-24.94	0.707029
-24.95	0.70699
-24.96	0.70695
-24.97	0.706911
-24.98	0.706871
-24.99	0.706832
-25	0.706793
-25.01	0.706753
-25.02	0.706714
-25.03	0.706675
-25.04	0.706636
-25.05	0.706596
-25.06	0.706557
-25.07	0.706518
-25.08	0.706479
-25.09	0.70644
-25.1	0.706401
-25.11	0.706362
-25.12	0.706323
-25.13	0.706284
-25.14	0.706245
-25.15	0.706207
-25.16	0.706168
-25.17	0.706129
-25.18	0.70609
-25.19	0.706052
-25.2	0.706013
-25.21	0.705975
-25.22	0.705936
-25.23	0.705897
-25.24	0.705859
-25.25	0.70582
-25.26	0.705782
-25.27	0.705744
-25.28	0.705705
-25.29	0.705667
-25.3	0.705629
-25.31	0.70559
-25.32	0.705552
-25.33	0.705514
-25.34	0.705476
-25.35	0.705437
-25.36	0.705399
-25.37	0.705361
-25.38	0.705323
-25.39	0.705285
-25.4	0.705247
-25.41	0.705209
-25.42	0.705171
-25.43	0.705134
-25.44	0.705096
-25.45	0.705058
-25.46	0.70502
-25.47	0.704982
-25.48	0.704945
-25.49	0.704907
-25.5	0.704869
-25.51	0.704832
-25.52	0.704794
-25.53	0.704757
-25.54	0.704719
-25.55	0.704682
-25.56	0.704644
-25.57	0.704607
-25.58	0.70457
-25.59	0.704532
-25.6	0.704495
-25.61	0.704458
-25.62	0.70442
-25.63	0.704383
-25.64	0.704346
-25.65	0.704309
-25.66	0.704272
-25.67	0.704235
-25.68	0.704198
-25.69	0.704161
-25.7	0.704124
-25.71	0.704087
-25.72	0.70405
-25.73	0.704013
-25.74	0.703976
-25.75	0.703939
-25.76	0.703902
-25.77	0.703866
-25.78	0.703829
-25.79	0.703792
-25.8	0.703756
-25.81	0.703719
-25.82	0.703682
-25.83	0.703646
-25.84	0.703609
-25.85	0.703573
-25.86	0.703536
-25.87	0.7035
-25.88	0.703463
-25.89	0.703427
-25.9	0.703391
-25.91	0.703354
-25.92	0.703318
-25.93	0.703282
-25.94	0.703246
-25.95	0.703209
-25.96	0.703173
-25.97	0.703137
-25.98	0.703101
-25.99	0.703065
-26	0.703029
-26.01	0.702993
-26.02	0.702957
-26.03	0.702921
-26.04	0.702885
-26.05	0.702849
-26.06	0.702813
-26.07	0.702777
-26.08	0.702742
-26.09	0.702706
-26.1	0.70267
-26.11	0.702634
-26.12	0.702599
-26.13	0.702563
-26.14	0.702528
-26.15	0.702492
-26.16	0.702456
-26.17	0.702421
-26.18	0.702385
-26.19	0.70235
-26.2	0.702315
-26.21	0.702279
-26.22	0.702244
-26.23	0.702208
-26.24	0.702173
-26.25	0.702138
-26.26	0.702103
-26.27	0.702067
-26.28	0.702032
-26.29	0.701997
-26.3	0.701962
-26.31	0.701927
-26.32	0.701892
-26.33	0.701857
-26.34	0.701822
-26.35	0.701787
-26.36	0.701752
-26.37	0.701717
-26.38	0.701682
-26.39	0.701647
-26.4	0.701612
-26.41	0.701577
-26.42	0.701543
-26.43	0.701508
-26.44	0.701473
-26.45	0.701439
-26.46	0.701404
-26.47	0.701369
-26.48	0.701335
-26.49	0.7013
-26.5	0.701266
-26.51	0.701231
-26.52	0.701197
-26.53	0.701162
-26.54	0.701128
-26.55	0.701093
-26.56	0.701059
-26.57	0.701025
-26.58	0.70099
-26.59	0.700956
-26.6	0.700922
-26.61	0.700888
-26.62	0.700853
-26.63	0.700819
-26.64	0.700785
-26.65	0.700751
-26.66	0.700717
-26.67	0.700683
-26.68	0.700649
-26.69	0.700615
-26.7	0.700581
-26.71	0.700547
-26.72	0.700513
-26.73	0.700479
-26.74	0.700445
-26.75	0.700411
-26.76	0.700378
-26.77	0.700344
-26.78	0.70031
-26.79	0.700276
-26.8	0.700243
-26.81	0.700209
-26.82	0.700175
-26.83	0.700142
-26.84	0.700108
-26.85	0.700075
-26.86	0.700041
-26.87	0.700008
-26.88	0.699974
-26.89	0.699941
-26.9	0.699907
-26.91	0.699874
-26.92	0.699841
-26.93	0.699807
-26.94	0.699774
-26.95	0.699741
-26.96	0.699708
-26.97	0.699674
-26.98	0.699641
-26.99	0.699608
-27	0.699575
-27.01	0.699542
-27.02	0.699509
-27.03	0.699476
-27.04	0.699443
-27.05	0.69941
-27.06	0.699377
-27.07	0.699344
-27.08	0.699311
-27.09	0.699278
-27.1	0.699245
-27.11	0.699212
-27.12	0.699179
-27.13	0.699147
-27.14	0.699114
-27.15	0.699081
-27.16	0.699048
-27.17	0.699016
-27.18	0.698983
-27.19	0.698951
-27.2	0.698918
-27.21	0.698885
-27.22	0.698853
-27.23	0.69882
-27.24	0.698788
-27.25	0.698755
-27.26	0.698723
-27.27	0.698691
-27.28	0.698658
-27.29	0.698626
-27.3	0.698593
-27.31	0.698561
-27.32	0.698529
-27.33	0.698497
-27.34	0.698464
-27.35	0.698432
-27.36	0.6984
-27.37	0.698368
-27.38	0.698336
-27.39	0.698304
-27.4	0.698272
-27.41	0.69824
-27.42	0.698208
-27.43	0.698176
-27.44	0.698144
-27.45	0.698112
-27.46	0.69808
-27.47	0.698048
-27.48	0.698016
-27.49	0.697984
-27.5	0.697952
-27.51	0.697921
-27.52	0.697889
-27.53	0.697857
-27.54	0.697825
-27.55	0.697794
-27.56	0.697762
-27.57	0.69773
-27.58	0.697699
-27.59	0.697667
-27.6	0.697636
-27.61	0.697604
-27.62	0.697573
-27.63	0.697541
-27.64	0.69751
-27.65	0.697478
-27.66	0.697447
-27.67	0.697416
-27.68	0.697384
-27.69	0.697353
-27.7	0.697322
-27.71	0.69729
-27.72	0.697259
-27.73	0.697228
-27.74	0.697197
-27.75	0.697165
-27.76	0.697134
-27.77	0.697103
-27.78	0.697072
-27.79	0.697041
-27.8	0.69701
-27.81	0.696979
-27.82	0.696948
-27.83	0.696917
-27.84	0.696886
-27.85	0.696855
-27.86	0.696824
-27.87	0.696793
-27.88	0.696762
-27.89	0.696732
-27.9	0.696701
-27.91	0.69667
-27.92	0.696639
-27.93	0.696608
-27.94	0.696578
-27.95	0.696547
-27.96	0.696516
-27.97	0.696486
-27.98	0.696455
-27.99	0.696425
-28	0.696394
-28.01	0.696363
-28.02	0.696333
-28.03	0.696302
-28.04	0.696272
-28.05	0.696242
-28.06	0.696211
-28.07	0.696181
-28.08	0.69615
-28.09	0.69612
-28.1	0.69609
-28.11	0.696059
-28.12	0.696029
-28.13	0.695999
-28.14	0.695969
-28.15	0.695938
-28.16	0.695908
-28.17	0.695878
-28.18	0.695848
-28.19	0.695818
-28.2	0.695788
-28.21	0.695758
-28.22	0.695728
-28.23	0.695698
-28.24	0.695668
-28.25	0.695638
-28.26	0.695608
-28.27	0.695578
-28.28	0.695548
-28.29	0.695518
-28.3	0.695488
-28.31	0.695458
-28.32	0.695429
-28.33	0.695399
-28.34	0.695369
-28.35	0.695339
-28.36	0.69531
-28.37	0.69528
-28.38	0.69525
-28.39	0.695221
-28.4	0.695191
-28.41	0.695161
-28.42	0.695132
-28.43	0.695102
-28.44	0.695073
-28.45	0.695043
-28.46	0.695014
-28.47	0.694984
-28.48	0.694955
-28.49	0.694925
-28.5	0.694896
-28.51	0.694867
-28.52	0.694837
-28.53	0.694808
-28.54	0.694779
-28.55	0.694749
-28.56	0.69472
-28.57	0.694691
-28.58	0.694662
-28.59	0.694633
-28.6	0.694603
-28.61	0.694574
-28.62	0.694545
-28.63	0.694516
-28.64	0.694487
-28.65	0.694458
-28.66	0.694429
-28.67	0.6944
-28.68	0.694371
-28.69	0.694342
-28.7	0.694313
-28.71	0.694284
-28.72	0.694255
-28.73	0.694226
-28.74	0.694197
-28.75	0.694169
-28.76	0.69414
-28.77	0.694111
-28.78	0.694082
-28.79	0.694054
-28.8	0.694025
-28.81	0.693996
-28.82	0.693967
-28.83	0.693939
-28.84	0.69391
-28.85	0.693882
-28.86	0.693853
-28.87	0.693824
-28.88	0.693796
-28.89	0.693767
-28.9	0.693739
-28.91	0.69371
-28.92	0.693682
-28.93	0.693654
-28.94	0.693625
-28.95	0.693597
-28.96	0.693568
-28.97	0.69354
-28.98	0.693512
-28.99	0.693483
-29	0.693455
-29.01	0.693427
-29.02	0.693399
-29.03	0.69337
-29.04	0.693342
-29.05	0.693314
-29.06	0.693286
-29.07	0.693258
-29.08	0.69323
-29.09	0.693201
-29.1	0.693173
-29.11	0.693145
-29.12	0.693117
-29.13	0.693089
-29.14	0.693061
-29.15	0.693033
-29.16	0.693006
-29.17	0.692978
-29.18	0.69295
-29.19	0.692922
-29.2	0.692894
-29.21	0.692866
-29.22	0.692838
-29.23	0.69281
-29.24	0.692783
-29.25	0.692755
-29.26	0.692727
-29.27	0.692699
-29.28	0.692672
-29.29	0.692644
-29.3	0.692617
-29.31	0.692589
-29.32	0.692561
-29.33	0.692534
-29.34	0.692506
-29.35	0.692479
-29.36	0.692451
-29.37	0.692424
-29.38	0.692396
-29.39	0.692369
-29.4	0.692341
-29.41	0.692314
-29.42	0.692286
-29.43	0.692259
-29.44	0.692232
-29.45	0.692204
-29.46	0.692177
-29.47	0.69215
-29.48	0.692122
-29.49	0.692095
-29.5	0.692068
-29.51	0.692041
-29.52	0.692014
-29.53	0.691986
-29.54	0.691959
-29.55	0.691932
-29.56	0.691905
-29.57	0.691878
-29.58	0.691851
-29.59	0.691824
-29.6	0.691797
-29.61	0.69177
-29.62	0.691743
-29.63	0.691716
-29.64	0.691689
-29.65	0.691662
-29.66	0.691635
-29.67	0.691608
-29.68	0.691581
-29.69	0.691554
-29.7	0.691527
-29.71	0.691501
-29.72	0.691474
-29.73	0.691447
-29.74	0.69142
-29.75	0.691394
-29.76	0.691367
-29.77	0.69134
-29.78	0.691313
-29.79	0.691287
-29.8	0.69126
-29.81	0.691234
-29.82	0.691207
-29.83	0.69118
-29.84	0.691154
-29.85	0.691127
-29.86	0.691101
-29.87	0.691074
-29.88	0.691048
-29.89	0.691021
-29.9	0.690995
-29.91	0.690968
-29.92	0.690942
-29.93	0.690916
-29.94	0.690889
-29.95	0.690863
-29.96	0.690837
-29.97	0.69081
-29.98	0.690784
-29.99	0.690758
-30	0.690732
