x	y
30	0.818611
29.99	0.818646
29.98	0.818681
29.97	0.818717
29.96	0.818752
29.95	0.818787
29.94	0.818823
29.93	0.818858
29.92	0.818893
29.91	0.818929
29.9	0.818964
29.89	0.819
29.88	0.819035
29.87	0.819071
29.86	0.819106
29.85	0.819142
29.84	0.819177
29.83	0.819213
29.82	0.819248
29.81	0.819284
29.8	0.81932
29.79	0.819356
29.78	0.819391
29.77	0.819427
29.76	0.819463
29.75	0.819499
29.74	0.819535
29.73	0.81957
29.72	0.819606
29.71	0.819642
29.7	0.819678
29.69	0.819714
29.68	0.81975
29.67	0.819786
29.66	0.819822
29.65	0.819858
29.64	0.819895
29.63	0.819931
29.62	0.819967
29.61	0.820003
29.6	0.820039
29.59	0.820076
29.58	0.820112
29.57	0.820148
29.56	0.820185
29.55	0.820221
29.54	0.820257
29.53	0.820294
29.52	0.82033
29.51	0.820367
29.5	0.820403
29.49	0.82044
29.48	0.820476
29.47	0.820513
29.46	0.820549
29.45	0.820586
29.44	0.820623
29.43	0.820659
29.42	0.820696
29.41	0.820733
29.4	0.82077
29.39	0.820807
29.38	0.820843
29.37	0.82088
29.36	0.820917
29.35	0.820954
29.34	0.820991
29.33	0.821028
29.32	0.821065
29.31	0.821102
29.3	0.821139
29.29	0.821176
29.28	0.821213
29.27	0.82125
29.26	0.821288
29.25	0.821325
29.24	0.821362
29.23	0.821399
29.22	0.821437
29.21	0.821474
29.2	0.821511
29.19	0.821549
29.18	0.821586
29.17	0.821623
29.16	0.821661
29.15	0.821698
29.14	0.821736
29.13	0.821773
29.12	0.821811
29.11	0.821849
29.1	0.821886
29.09	0.821924
29.08	0.821962
29.07	0.821999
29.06	0.822037
29.05	0.822075
29.04	0.822113
29.03	0.82215
29.02	0.822188
29.01	0.822226
29	0.822264
28.99	0.822302
28.98	0.82234
28.97	0.822378
28.96	0.822416
28.95	0.822454
28.94	0.822492
28.93	0.82253
28.92	0.822569
28.91	0.822607
28.9	0.822645
28.89	0.822683
28.88	0.822721
28.87	0.82276
28.86	0.822798
28.85	0.822836
28.84	0.822875
28.83	0.822913
28.82	0.822952
28.81	0.82299
28.8	0.823029
28.79	0.823067
28.78	0.823106
28.77	0.823144
28.76	0.823183
28.75	0.823222
28.74	0.82326
28.73	0.823299
28.72	0.823338
28.71	0.823377
28.7	0.823415
28.69	0.823454
28.68	0.823493
28.67	0.823532
28.66	0.823571
28.65	0.82361
28.64	0.823649
28.63	0.823688
28.62	0.823727
28.61	0.823766
28.6	0.823805
28.59	0.823844
28.58	0.823883
28.57	0.823923
28.56	0.823962
28.55	0.824001
28.54	0.82404
28.53	0.82408
28.52	0.824119
28.51	0.824159
28.5	0.824198
28.49	0.824237
28.48	0.824277
28.47	0.824316
28.46	0.824356
28.45	0.824396
28.44	0.824435
28.43	0.824475
28.42	0.824514
28.41	0.824554
28.4	0.824594
28.39	0.824634
28.38	0.824673
28.37	0.824713
28.36	0.824753
28.35	0.824793
28.34	0.824833
28.33	0.824873
28.32	0.824913
28.31	0.824953
28.3	0.824993
28.29	0.825033
28.28	0.825073
28.27	0.825113
28.26	0.825153
28.25	0.825194
28.24	0.825234
28.23	0.825274
28.22	0.825314
28.21	0.825355
28.2	0.825395
28.19	0.825435
28.18	0.825476
28.17	0.825516
28.16	0.825557
28.15	0.825597
28.14	0.825638
28.13	0.825679
28.12	0.825719
28.11	0.82576
28.1	0.8258
28.09	0.825841
28.08	0.825882
28.07	0.825923
28.06	0.825964
28.05	0.826004
28.04	0.826045
28.03	0.826086
28.02	0.826127
28.01	0.826168
28	0.826209
27.99	0.82625
27.98	0.826291
27.97	0.826332
27.96	0.826373
27.95	0.826415
27.94	0.826456
27.93	0.826497
27.92	0.826538
27.91	0.82658
27.9	0.826621
27.89	0.826662
27.88	0.826704
27.87	0.826745
27.86	0.826787
27.85	0.826828
27.84	0.82687
27.83	0.826911
27.82	0.826953
27.81	0.826995
27.8	0.827036
27.79	0.827078
27.78	0.82712
27.77	0.827161
27.76	0.827203
27.75	0.827245
27.74	0.827287
27.73	0.827329
27.72	0.827371
27.71	0.827413
27.7	0.827455
27.69	0.827497
27.68	0.827539
27.67	0.827581
27.66	0.827623
27.65	0.827665
27.64	0.827708
27.63	0.82775
27.62	0.827792
27.61	0.827834
27.6	0.827877
27.59	0.827919
27.58	0.827962
27.57	0.828004
27.56	0.828047
27.55	0.828089
27.54	0.828132
27.53	0.828174
27.52	0.828217
27.51	0.82826
27.5	0.828302
27.49	0.828345
27.48	0.828388
27.47	0.828431
27.46	0.828473
27.45	0.828516
27.44	0.828559
27.43	0.828602
27.42	0.828645
27.41	0.828688
27.4	0.828731
27.39	0.828774
27.38	0.828817
27.37	0.828861
27.36	0.828904
27.35	0.828947
27.34	0.82899
27.33	0.829033
27.32	0.829077
27.31	0.82912
27.3	0.829164
27.29	0.829207
27.28	0.82925
27.27	0.829294
27.26	0.829338
27.25	0.829381
27.24	0.829425
27.23	0.829468
27.22	0.829512
27.21	0.829556
27.2	0.8296
27.19	0.829643
27.18	0.829687
27.17	0.829731
27.16	0.829775
27.15	0.829819
27.14	0.829863
27.13	0.829907
27.12	0.829951
27.11	0.829995
27.1	0.830039
27.09	0.830083
27.08	0.830128
27.07	0.830172
27.06	0.830216
27.05	0.83026
27.04	0.830305
27.03	0.830349
27.02	0.830393
27.01	0.830438
27	0.830482
26.99	0.830527
26.98	0.830572
26.97	0.830616
26.96	0.830661
26.95	0.830705
26.94	0.83075
26.93	0.830795
26.92	0.83084
26.91	0.830885
26.9	0.830929
26.89	0.830974
26.88	0.831019
26.87	0.831064
26.86	0.831109
26.85	0.831154
26.84	0.831199
26.83	0.831245
26.82	0.83129
26.81	0.831335
26.8	0.83138
26.79	0.831425
26.78	0.831471
26.77	0.831516
26.76	0.831562
26.75	0.831607
26.74	0.831652
26.73	0.831698
26.72	0.831743
26.71	0.831789
26.7	0.831835
26.69	0.83188
26.68	0.831926
26.67	0.831972
26.66	0.832018
26.65	0.832063
26.64	0.832109
26.63	0.832155
26.62	0.832201
26.61	0.832247
26.6	0.832293
26.59	0.832339
26.58	0.832385
26.57	0.832431
26.56	0.832478
26.55	0.832524
26.54	0.83257
26.53	0.832616
26.52	0.832663
26.51	0.832709
26.5	0.832755
26.49	0.832802
26.48	0.832848
26.47	0.832895
26.46	0.832941
26.45	0.832988
26.44	0.833035
26.43	0.833081
26.42	0.833128
26.41	0.833175
26.4	0.833221
26.39	0.833268
26.38	0.833315
26.37	0.833362
26.36	0.833409
26.35	0.833456
26.34	0.833503
26.33	0.83355
26.32	0.833597
26.31	0.833645
26.3	0.833692
26.29	0.833739
26.28	0.833786
26.27	0.833834
26.26	0.833881
26.25	0.833928
26.24	0.833976
26.23	0.834023
26.22	0.834071
26.21	0.834118
26.2	0.834166
26.19	0.834214
26.18	0.834261
26.17	0.834309
26.16	0.834357
26.15	0.834405
26.14	0.834453
26.13	0.8345
26.12	0.834548
26.11	0.834596
26.1	0.834644
26.09	0.834692
26.08	0.834741
26.07	0.834789
26.06	0.834837
26.05	0.834885
26.04	0.834933
26.03	0.834982
26.02	0.83503
26.01	0.835078
26	0.835127
25.99	0.835175
25.98	0.835224
25.97	0.835272
25.96	0.835321
25.95	0.83537
25.94	0.835418
25.93	0.835467
25.92	0.835516
25.91	0.835565
25.9	0.835614
25.89	0.835662
25.88	0.835711
25.87	0.83576
25.86	0.835809
25.85	0.835859
25.84	0.835908
25.83	0.835957
25.82	0.836006
25.81	0.836055
25.8	0.836105
25.79	0.836154
25.78	0.836203
25.77	0.836253
25.76	0.836302
25.75	0.836352
25.74	0.836401
25.73	0.836451
25.72	0.8365
25.71	0.83655
25.7	0.8366
25.69	0.83665
25.68	0.836699
25.67	0.836749
25.66	0.836799
25.65	0.836849
25.64	0.836899
25.63	0.836949
25.62	0.836999
25.61	0.837049
25.6	0.837099
25.59	0.83715
25.58	0.8372
25.57	0.83725
25.56	0.837301
25.55	0.837351
25.54	0.837401
25.53	0.837452
25.52	0.837502
25.51	0.837553
25.5	0.837604
25.49	0.837654
25.48	0.837705
25.47	0.837756
25.46	0.837806
25.45	0.837857
25.44	0.837908
25.43	0.837959
25.42	0.83801
25.41	0.838061
25.4	0.838112
25.39	0.838163
25.38	0.838214
25.37	0.838266
25.36	0.838317
25.35	0.838368
25.34	0.83842
25.33	0.838471
25.32	0.838522
25.31	0.838574
25.3	0.838625
25.29	0.838677
25.28	0.838729
25.27	0.83878
25.26	0.838832
25.25	0.838884
25.24	0.838935
25.23	0.838987
25.22	0.839039
25.21	0.839091
25.2	0.839143
25.19	0.839195
25.18	0.839247
25.17	0.839299
25.16	0.839352
25.15	0.839404
25.14	0.839456
25.13	0.839508
25.12	0.839561
25.11	0.839613
25.1	0.839666
25.09	0.839718
25.08	0.839771
25.07	0.839823
25.06	0.839876
25.05	0.839929
25.04	0.839981
25.03	0.840034
25.02	0.840087
25.01	0.84014
25	0.840193
24.99	0.840246
24.98	0.840299
24.97	0.840352
24.96	0.840405
24.95	0.840458
24.94	0.840511
24.93	0.840565
24.92	0.840618
24.91	0.840671
24.9	0.840725
24.89	0.840778
24.88	0.840832
24.87	0.840885
24.86	0.840939
24.85	0.840993
24.84	0.841046
24.83	0.8411
24.82	0.841154
24.81	0.841208
24.8	0.841262
24.79	0.841316
24.78	0.84137
24.77	0.841424
24.76	0.841478
24.75	0.841532
24.74	0.841586
24.73	0.84164
24.72	0.841695
24.71	0.841749
24.7	0.841803
24.69	0.841858
24.68	0.841912
24.67	0.841967
24.66	0.842021
24.65	0.842076
24.64	0.842131
24.63	0.842186
24.62	0.84224
24.61	0.842295
24.6	0.84235
24.59	0.842405
24.58	0.84246
24.57	0.842515
24.56	0.84257
24.55	0.842625
24.54	0.842681
24.53	0.842736
24.52	0.842791
24.51	0.842847
24.5	0.842902
24.49	0.842957
24.48	0.843013
24.47	0.843069
24.46	0.843124
24.45	0.84318
24.44	0.843236
24.43	0.843291
24.42	0.843347
24.41	0.843403
24.4	0.843459
24.39	0.843515
24.38	0.843571
24.37	0.843627
24.36	0.843683
24.35	0.84374
24.34	0.843796
24.33	0.843852
24.32	0.843908
24.31	0.843965
24.3	0.844021
24.29	0.844078
24.28	0.844134
24.27	0.844191
24.26	0.844248
24.25	0.844304
24.24	0.844361
24.23	0.844418
24.22	0.844475
24.21	0.844532
24.2	0.844589
24.19	0.844646
24.18	0.844703
24.17	0.84476
24.16	0.844817
24.15	0.844875
24.14	0.844932
24.13	0.844989
24.12	0.845047
24.11	0.845104
24.1	0.845162
24.09	0.845219
24.08	0.845277
24.07	0.845335
24.06	0.845392
24.05	0.84545
24.04	0.845508
24.03	0.845566
24.02	0.845624
24.01	0.845682
24	0.84574
23.99	0.845798
23.98	0.845856
23.97	0.845915
23.96	0.845973
23.95	0.846031
23.94	0.84609
23.93	0.846148
23.92	0.846207
23.91	0.846265
23.9	0.846324
23.89	0.846383
23.88	0.846441
23.87	0.8465
23.86	0.846559
23.85	0.846618
23.84	0.846677
23.83	0.846736
23.82	0.846795
23.81	0.846854
23.8	0.846913
23.79	0.846973
23.78	0.847032
23.77	0.847091
23.76	0.847151
23.75	0.84721
23.74	0.84727
23.73	0.847329
23.72	0.847389
23.71	0.847449
23.7	0.847509
23.69	0.847568
23.68	0.847628
23.67	0.847688
23.66	0.847748
23.65	0.847808
23.64	0.847868
23.63	0.847929
23.62	0.847989
23.61	0.848049
23.6	0.848109
23.59	0.84817
23.58	0.84823
23.57	0.848291
23.56	0.848352
23.55	0.848412
23.54	0.848473
23.53	0.848534
23.52	0.848594
23.51	0.848655
23.5	0.848716
23.49	0.848777
23.48	0.848838
23.47	0.848899
23.46	0.848961
23.45	0.849022
23.44	0.849083
23.43	0.849145
23.42	0.849206
23.41	0.849267
23.4	0.849329
23.39	0.849391
23.38	0.849452
23.37	0.849514
23.36	0.849576
23.35	0.849638
23.34	0.849699
23.33	0.849761
23.32	0.849823
23.31	0.849886
23.3	0.849948
23.29	0.85001
23.28	0.850072
23.27	0.850134
23.26	0.850197
23.25	0.850259
23.24	0.850322
23.23	0.850384
23.22	0.850447
23.21	0.85051
23.2	0.850573
23.19	0.850635
23.18	0.850698
23.17	0.850761
23.16	0.850824
23.15	0.850887
23.14	0.85095
23.13	0.851014
23.12	0.851077
23.11	0.85114
23.1	0.851204
23.09	0.851267
23.08	0.851331
23.07	0.851394
23.06	0.851458
23.05	0.851521
23.04	0.851585
23.03	0.851649
23.02	0.851713
23.01	0.851777
23	0.851841
22.99	0.851905
22.98	0.851969
22.97	0.852033
22.96	0.852098
22.95	0.852162
22.94	0.852226
22.93	0.852291
22.92	0.852355
22.91	0.85242
22.9	0.852485
22.89	0.852549
22.88	0.852614
22.87	0.852679
22.86	0.852744
22.85	0.852809
22.84	0.852874
22.83	0.852939
22.82	0.853004
22.81	0.853069
22.8	0.853135
22.79	0.8532
22.78	0.853266
22.77	0.853331
22.76	0.853397
22.75	0.853462
22.74	0.853528
22.73	0.853594
22.72	0.85366
22.71	0.853726
22.7	0.853792
22.69	0.853858
22.68	0.853924
22.67	0.85399
22.66	0.854056
22.65	0.854123
22.64	0.854189
22.63	0.854255
22.62	0.854322
22.61	0.854388
22.6	0.854455
22.59	0.854522
22.58	0.854589
22.57	0.854655
22.56	0.854722
22.55	0.854789
22.54	0.854856
22.53	0.854924
22.52	0.854991
22.51	0.855058
22.5	0.855125
22.49	0.855193
22.48	0.85526
22.47	0.855328
22.46	0.855395
22.45	0.855463
22.44	0.855531
22.43	0.855599
22.42	0.855667
22.41	0.855734
22.4	0.855802
22.39	0.855871
22.38	0.855939
22.37	0.856007
22.36	0.856075
22.35	0.856144
22.34	0.856212
22.33	0.856281
22.32	0.856349
22.31	0.856418
22.3	0.856487
22.29	0.856555
22.28	0.856624
22.27	0.856693
22.26	0.856762
22.25	0.856831
22.24	0.856901
22.23	0.85697
22.22	0.857039
22.21	0.857108
22.2	0.857178
22.19	0.857247
22.18	0.857317
22.17	0.857387
22.16	0.857456
22.15	0.857526
22.14	0.857596
22.13	0.857666
22.12	0.857736
22.11	0.857806
22.1	0.857876
22.09	0.857947
22.08	0.858017
22.07	0.858087
22.06	0.858158
22.05	0.858228
22.04	0.858299
22.03	0.85837
22.02	0.85844
22.01	0.858511
22	0.858582
21.99	0.858653
21.98	0.858724
21.97	0.858795
21.96	0.858867
21.95	0.858938
21.94	0.859009
21.93	0.859081
21.92	0.859152
21.91	0.859224
21.9	0.859295
21.89	0.859367
21.88	0.859439
21.87	0.859511
21.86	0.859583
21.85	0.859655
21.84	0.859727
21.83	0.859799
21.82	0.859871
21.81	0.859944
21.8	0.860016
21.79	0.860089
21.78	0.860161
21.77	0.860234
21.76	0.860307
21.75	0.860379
21.74	0.860452
21.73	0.860525
21.72	0.860598
21.71	0.860671
21.7	0.860745
21.69	0.860818
21.68	0.860891
21.67	0.860965
21.66	0.861038
21.65	0.861112
21.64	0.861185
21.63	0.861259
21.62	0.861333
21.61	0.861407
21.6	0.861481
21.59	0.861555
21.58	0.861629
21.57	0.861703
21.56	0.861778
21.55	0.861852
21.54	0.861927
21.53	0.862001
21.52	0.862076
21.51	0.86215
21.5	0.862225
21.49	0.8623
21.48	0.862375
21.47	0.86245
21.46	0.862525
21.45	0.8626
21.44	0.862676
21.43	0.862751
21.42	0.862826
21.41	0.862902
21.4	0.862978
21.39	0.863053
21.38	0.863129
21.37	0.863205
21.36	0.863281
21.35	0.863357
21.34	0.863433
21.33	0.863509
21.32	0.863585
21.31	0.863662
21.3	0.863738
21.29	0.863815
21.28	0.863891
21.27	0.863968
21.26	0.864045
21.25	0.864121
21.24	0.864198
21.23	0.864275
21.22	0.864352
21.21	0.86443
21.2	0.864507
21.19	0.864584
21.18	0.864662
21.17	0.864739
21.16	0.864817
21.15	0.864894
21.14	0.864972
21.13	0.86505
21.12	0.865128
21.11	0.865206
21.1	0.865284
21.09	0.865362
21.08	0.865441
21.07	0.865519
21.06	0.865597
21.05	0.865676
21.04	0.865755
21.03	0.865833
21.02	0.865912
21.01	0.865991
21	0.86607
20.99	0.866149
20.98	0.866228
20.97	0.866307
20.96	0.866387
20.95	0.866466
20.94	0.866546
20.93	0.866625
20.92	0.866705
20.91	0.866785
20.9	0.866865
20.89	0.866945
20.88	0.867025
20.87	0.867105
20.86	0.867185
20.85	0.867265
20.84	0.867346
20.83	0.867426
20.82	0.867507
20.81	0.867587
20.8	0.867668
20.79	0.867749
20.78	0.86783
20.77	0.867911
20.76	0.867992
20.75	0.868073
20.74	0.868155
20.73	0.868236
20.72	0.868318
20.71	0.868399
20.7	0.868481
20.69	0.868563
20.68	0.868644
20.67	0.868726
20.66	0.868808
20.65	0.868891
20.64	0.868973
20.63	0.869055
20.62	0.869137
20.61	0.86922
20.6	0.869303
20.59	0.869385
20.58	0.869468
20.57	0.869551
20.56	0.869634
20.55	0.869717
20.54	0.8698
20.53	0.869883
20.52	0.869967
20.51	0.87005
20.5	0.870134
20.49	0.870217
20.48	0.870301
20.47	0.870385
20.46	0.870469
20.45	0.870553
20.44	0.870637
20.43	0.870721
20.42	0.870806
20.41	0.87089
20.4	0.870974
20.39	0.871059
20.38	0.871144
20.37	0.871228
20.36	0.871313
20.35	0.871398
20.34	0.871483
20.33	0.871569
20.32	0.871654
20.31	0.871739
20.3	0.871825
20.29	0.87191
20.28	0.871996
20.27	0.872082
20.26	0.872168
20.25	0.872254
20.24	0.87234
20.23	0.872426
20.22	0.872512
20.21	0.872598
20.2	0.872685
20.19	0.872772
20.18	0.872858
20.17	0.872945
20.16	0.873032
20.15	0.873119
20.14	0.873206
20.13	0.873293
20.12	0.87338
20.11	0.873468
20.1	0.873555
20.09	0.873643
20.08	0.87373
20.07	0.873818
20.06	0.873906
20.05	0.873994
20.04	0.874082
20.03	0.87417
20.02	0.874259
20.01	0.874347
20	0.874436
19.99	0.874524
19.98	0.874613
19.97	0.874702
19.96	0.874791
19.95	0.87488
19.94	0.874969
19.93	0.875058
19.92	0.875147
19.91	0.875237
19.9	0.875326
19.89	0.875416
19.88	0.875506
19.87	0.875596
19.86	0.875686
19.85	0.875776
19.84	0.875866
19.83	0.875956
19.82	0.876047
19.81	0.876137
19.8	0.876228
19.79	0.876318
19.78	0.876409
19.77	0.8765
19.76	0.876591
19.75	0.876682
19.74	0.876774
19.73	0.876865
19.72	0.876956
19.71	0.877048
19.7	0.87714
19.69	0.877232
19.68	0.877324
19.67	0.877416
19.66	0.877508
19.65	0.8776
19.64	0.877692
19.63	0.877785
19.62	0.877877
19.61	0.87797
19.6	0.878063
19.59	0.878156
19.58	0.878249
19.57	0.878342
19.56	0.878435
19.55	0.878528
19.54	0.878622
19.53	0.878716
19.52	0.878809
19.51	0.878903
19.5	0.878997
19.49	0.879091
19.48	0.879185
19.47	0.879279
19.46	0.879374
19.45	0.879468
19.44	0.879563
19.43	0.879658
19.42	0.879752
19.41	0.879847
19.4	0.879942
19.39	0.880038
19.38	0.880133
19.37	0.880228
19.36	0.880324
19.35	0.88042
19.34	0.880515
19.33	0.880611
19.32	0.880707
19.31	0.880803
19.3	0.8809
19.29	0.880996
19.28	0.881092
19.27	0.881189
19.26	0.881286
19.25	0.881382
19.24	0.881479
19.23	0.881576
19.22	0.881674
19.21	0.881771
19.2	0.881868
19.19	0.881966
19.18	0.882064
19.17	0.882161
19.16	0.882259
19.15	0.882357
19.14	0.882455
19.13	0.882554
19.12	0.882652
19.11	0.882751
19.1	0.882849
19.09	0.882948
19.08	0.883047
19.07	0.883146
19.06	0.883245
19.05	0.883344
19.04	0.883444
19.03	0.883543
19.02	0.883643
19.01	0.883742
19	0.883842
18.99	0.883942
18.98	0.884042
18.97	0.884143
18.96	0.884243
18.95	0.884343
18.94	0.884444
18.93	0.884545
18.92	0.884646
18.91	0.884747
18.9	0.884848
18.89	0.884949
18.88	0.88505
18.87	0.885152
18.86	0.885253
18.85	0.885355
18.84	0.885457
18.83	0.885559
18.82	0.885661
18.81	0.885763
18.8	0.885866
18.79	0.885968
18.78	0.886071
18.77	0.886174
18.76	0.886277
18.75	0.88638
18.74	0.886483
18.73	0.886586
18.72	0.886689
18.71	0.886793
18.7	0.886897
18.69	0.887001
18.68	0.887105
18.67	0.887209
18.66	0.887313
18.65	0.887417
18.64	0.887522
18.63	0.887626
18.62	0.887731
18.61	0.887836
18.6	0.887941
18.59	0.888046
18.58	0.888151
18.57	0.888257
18.56	0.888362
18.55	0.888468
18.54	0.888574
18.53	0.88868
18.52	0.888786
18.51	0.888892
18.5	0.888998
18.49	0.889105
18.48	0.889212
18.47	0.889318
18.46	0.889425
18.45	0.889532
18.44	0.88964
18.43	0.889747
18.42	0.889854
18.41	0.889962
18.4	0.89007
18.39	0.890178
18.38	0.890286
18.37	0.890394
18.36	0.890502
18.35	0.890611
18.34	0.890719
18.33	0.890828
18.32	0.890937
18.31	0.891046
18.3	0.891155
18.29	0.891264
18.28	0.891374
18.27	0.891483
18.26	0.891593
18.25	0.891703
18.24	0.891813
18.23	0.891923
18.22	0.892033
18.21	0.892144
18.2	0.892254
18.19	0.892365
18.18	0.892476
18.17	0.892587
18.16	0.892698
18.15	0.892809
18.14	0.892921
18.13	0.893032
18.12	0.893144
18.11	0.893256
18.1	0.893368
18.09	0.89348
18.08	0.893593
18.07	0.893705
18.06	0.893818
18.05	0.89393
18.04	0.894043
18.03	0.894156
18.02	0.89427
18.01	0.894383
18	0.894497
17.99	0.89461
17.98	0.894724
17.97	0.894838
17.96	0.894952
17.95	0.895067
17.94	0.895181
17.93	0.895296
17.92	0.89541
17.91	0.895525
17.9	0.89564
17.89	0.895756
17.88	0.895871
17.87	0.895986
17.86	0.896102
17.85	0.896218
17.84	0.896334
17.83	0.89645
17.82	0.896566
17.81	0.896683
17.8	0.896799
17.79	0.896916
17.78	0.897033
17.77	0.89715
17.76	0.897267
17.75	0.897385
17.74	0.897502
17.73	0.89762
17.72	0.897738
17.71	0.897856
17.7	0.897974
17.69	0.898092
17.68	0.898211
17.67	0.89833
17.66	0.898448
17.65	0.898567
17.64	0.898687
17.63	0.898806
17.62	0.898925
17.61	0.899045
17.6	0.899165
17.59	0.899285
17.58	0.899405
17.57	0.899525
17.56	0.899646
17.55	0.899766
17.54	0.899887
17.53	0.900008
17.52	0.900129
17.51	0.90025
17.5	0.900372
17.49	0.900493
17.48	0.900615
17.47	0.900737
17.46	0.900859
17.45	0.900981
17.44	0.901104
17.43	0.901227
17.42	0.901349
17.41	0.901472
17.4	0.901595
17.39	0.901719
17.38	0.901842
17.37	0.901966
17.36	0.90209
17.35	0.902214
17.34	0.902338
17.33	0.902462
17.32	0.902587
17.31	0.902711
17.3	0.902836
17.29	0.902961
17.28	0.903086
17.27	0.903212
17.26	0.903337
17.25	0.903463
17.24	0.903589
17.23	0.903715
17.22	0.903841
17.21	0.903968
17.2	0.904094
17.19	0.904221
17.18	0.904348
17.17	0.904475
17.16	0.904602
17.15	0.90473
17.14	0.904858
17.13	0.904985
17.12	0.905113
17.11	0.905242
17.1	0.90537
17.09	0.905499
17.08	0.905627
17.07	0.905756
17.06	0.905885
17.05	0.906015
17.04	0.906144
17.03	0.906274
17.02	0.906404
17.01	0.906534
17	0.906664
16.99	0.906794
16.98	0.906925
16.97	0.907056
16.96	0.907187
16.95	0.907318
16.94	0.907449
16.93	0.907581
16.92	0.907712
16.91	0.907844
16.9	0.907976
16.89	0.908109
16.88	0.908241
16.87	0.908374
16.86	0.908507
16.85	0.90864
16.84	0.908773
16.83	0.908906
16.82	0.90904
16.81	0.909174
16.8	0.909308
16.79	0.909442
16.78	0.909576
16.77	0.909711
16.76	0.909845
16.75	0.90998
16.74	0.910116
16.73	0.910251
16.72	0.910386
16.71	0.910522
16.7	0.910658
16.69	0.910794
16.68	0.910931
16.67	0.911067
16.66	0.911204
16.65	0.911341
16.64	0.911478
16.63	0.911615
16.62	0.911753
16.61	0.911891
16.6	0.912028
16.59	0.912167
16.58	0.912305
16.57	0.912443
16.56	0.912582
16.55	0.912721
16.54	0.91286
16.53	0.913
16.52	0.913139
16.51	0.913279
16.5	0.913419
16.49	0.913559
16.48	0.913699
16.47	0.91384
16.46	0.913981
16.45	0.914122
16.44	0.914263
16.43	0.914404
16.42	0.914546
16.41	0.914688
16.4	0.91483
16.39	0.914972
16.38	0.915115
16.37	0.915257
16.36	0.9154
16.35	0.915543
16.34	0.915687
16.33	0.91583
16.32	0.915974
16.31	0.916118
16.3	0.916262
16.29	0.916406
16.28	0.916551
16.27	0.916696
16.26	0.916841
16.25	0.916986
16.24	0.917132
16.23	0.917277
16.22	0.917423
16.21	0.917569
16.2	0.917716
16.19	0.917862
16.18	0.918009
16.17	0.918156
16.16	0.918303
16.15	0.918451
16.14	0.918598
16.13	0.918746
16.12	0.918894
16.11	0.919043
16.1	0.919191
16.09	0.91934
16.08	0.919489
16.07	0.919638
16.06	0.919788
16.05	0.919938
16.04	0.920088
16.03	0.920238
16.02	0.920388
16.01	0.920539
16	0.92069
15.99	0.920841
15.98	0.920992
15.97	0.921143
15.96	0.921295
15.95	0.921447
15.94	0.9216
15.93	0.921752
15.92	0.921905
15.91	0.922058
15.9	0.922211
15.89	0.922364
15.88	0.922518
15.87	0.922672
15.86	0.922826
15.85	0.92298
15.84	0.923135
15.83	0.92329
15.82	0.923445
15.81	0.9236
15.8	0.923756
15.79	0.923911
15.78	0.924067
15.77	0.924224
15.76	0.92438
15.75	0.924537
15.74	0.924694
15.73	0.924851
15.72	0.925009
15.71	0.925167
15.7	0.925324
15.69	0.925483
15.68	0.925641
15.67	0.9258
15.66	0.925959
15.65	0.926118
15.64	0.926278
15.63	0.926437
15.62	0.926597
15.61	0.926758
15.6	0.926918
15.59	0.927079
15.58	0.92724
15.57	0.927401
15.56	0.927563
15.55	0.927724
15.54	0.927886
15.53	0.928049
15.52	0.928211
15.51	0.928374
15.5	0.928537
15.49	0.9287
15.48	0.928864
15.47	0.929028
15.46	0.929192
15.45	0.929356
15.44	0.929521
15.43	0.929686
15.42	0.929851
15.41	0.930016
15.4	0.930182
15.39	0.930348
15.38	0.930514
15.37	0.93068
15.36	0.930847
15.35	0.931014
15.34	0.931181
15.33	0.931349
15.32	0.931517
15.31	0.931685
15.3	0.931853
15.29	0.932022
15.28	0.932191
15.27	0.93236
15.26	0.932529
15.25	0.932699
15.24	0.932869
15.23	0.933039
15.22	0.93321
15.21	0.93338
15.2	0.933552
15.19	0.933723
15.18	0.933895
15.17	0.934066
15.16	0.934239
15.15	0.934411
15.14	0.934584
15.13	0.934757
15.12	0.93493
15.11	0.935104
15.1	0.935278
15.09	0.935452
15.08	0.935627
15.07	0.935801
15.06	0.935976
15.05	0.936152
15.04	0.936327
15.03	0.936503
15.02	0.936679
15.01	0.936856
15	0.937033
14.99	0.93721
14.98	0.937387
14.97	0.937565
14.96	0.937743
14.95	0.937921
14.94	0.938099
14.93	0.938278
14.92	0.938457
14.91	0.938637
14.9	0.938817
14.89	0.938997
14.88	0.939177
14.87	0.939358
14.86	0.939538
14.85	0.93972
14.84	0.939901
14.83	0.940083
14.82	0.940265
14.81	0.940448
14.8	0.94063
14.79	0.940814
14.78	0.940997
14.77	0.941181
14.76	0.941365
14.75	0.941549
14.74	0.941733
14.73	0.941918
14.72	0.942104
14.71	0.942289
14.7	0.942475
14.69	0.942661
14.68	0.942848
14.67	0.943035
14.66	0.943222
14.65	0.943409
14.64	0.943597
14.63	0.943785
14.62	0.943973
14.61	0.944162
14.6	0.944351
14.59	0.944541
14.58	0.94473
14.57	0.94492
14.56	0.945111
14.55	0.945301
14.54	0.945492
14.53	0.945684
14.52	0.945875
14.51	0.946067
14.5	0.946259
14.49	0.946452
14.48	0.946645
14.47	0.946838
14.46	0.947032
14.45	0.947226
14.44	0.94742
14.43	0.947615
14.42	0.94781
14.41	0.948005
14.4	0.948201
14.39	0.948397
14.38	0.948593
14.37	0.94879
14.36	0.948987
14.35	0.949184
14.34	0.949382
14.33	0.94958
14.32	0.949779
14.31	0.949977
14.3	0.950177
14.29	0.950376
14.28	0.950576
14.27	0.950776
14.26	0.950976
14.25	0.951177
14.24	0.951379
14.23	0.95158
14.22	0.951782
14.21	0.951984
14.2	0.952187
14.19	0.95239
14.18	0.952593
14.17	0.952797
14.16	0.953001
14.15	0.953205
14.14	0.95341
14.13	0.953615
14.12	0.953821
14.11	0.954027
14.1	0.954233
14.09	0.95444
14.08	0.954647
14.07	0.954854
14.06	0.955062
14.05	0.95527
14.04	0.955478
14.03	0.955687
14.02	0.955896
14.01	0.956106
14	0.956316
13.99	0.956526
13.98	0.956737
13.97	0.956948
13.96	0.95716
13.95	0.957372
13.94	0.957584
13.93	0.957797
13.92	0.95801
13.91	0.958223
13.9	0.958437
13.89	0.958651
13.88	0.958866
13.87	0.959081
13.86	0.959296
13.85	0.959512
13.84	0.959728
13.83	0.959944
13.82	0.960161
13.81	0.960379
13.8	0.960596
13.79	0.960815
13.78	0.961033
13.77	0.961252
13.76	0.961471
13.75	0.961691
13.74	0.961911
13.73	0.962132
13.72	0.962353
13.71	0.962574
13.7	0.962796
13.69	0.963018
13.68	0.963241
13.67	0.963464
13.66	0.963687
13.65	0.963911
13.64	0.964135
13.63	0.96436
13.62	0.964585
13.61	0.96481
13.6	0.965036
13.59	0.965263
13.58	0.965489
13.57	0.965717
13.56	0.965944
13.55	0.966172
13.54	0.966401
13.53	0.96663
13.52	0.966859
13.51	0.967089
13.5	0.967319
13.49	0.967549
13.48	0.967781
13.47	0.968012
13.46	0.968244
13.45	0.968476
13.44	0.968709
13.43	0.968942
13.42	0.969176
13.41	0.96941
13.4	0.969645
13.39	0.96988
13.38	0.970115
13.37	0.970351
13.36	0.970587
13.35	0.970824
13.34	0.971062
13.33	0.971299
13.32	0.971537
13.31	0.971776
13.3	0.972015
13.29	0.972255
13.28	0.972495
13.27	0.972735
13.26	0.972976
13.25	0.973218
13.24	0.973459
13.23	0.973702
13.22	0.973945
13.21	0.974188
13.2	0.974432
13.19	0.974676
13.18	0.97492
13.17	0.975166
13.16	0.975411
13.15	0.975657
13.14	0.975904
13.13	0.976151
13.12	0.976398
13.11	0.976647
13.1	0.976895
13.09	0.977144
13.08	0.977394
13.07	0.977643
13.06	0.977894
13.05	0.978145
13.04	0.978396
13.03	0.978648
13.02	0.978901
13.01	0.979154
13	0.979407
12.99	0.979661
12.98	0.979915
12.97	0.98017
12.96	0.980426
12.95	0.980682
12.94	0.980938
12.93	0.981195
12.92	0.981453
12.91	0.981711
12.9	0.981969
12.89	0.982228
12.88	0.982488
12.87	0.982748
12.86	0.983008
12.85	0.98327
12.84	0.983531
12.83	0.983793
12.82	0.984056
12.81	0.984319
12.8	0.984583
12.79	0.984847
12.78	0.985112
12.77	0.985377
12.76	0.985643
12.75	0.98591
12.74	0.986176
12.73	0.986444
12.72	0.986712
12.71	0.986981
12.7	0.98725
12.69	0.987519
12.68	0.98779
12.67	0.98806
12.66	0.988332
12.65	0.988603
12.64	0.988876
12.63	0.989149
12.62	0.989422
12.61	0.989697
12.6	0.989971
12.59	0.990246
12.58	0.990522
12.57	0.990798
12.56	0.991075
12.55	0.991353
12.54	0.991631
12.53	0.99191
12.52	0.992189
12.51	0.992469
12.5	0.992749
12.49	0.99303
12.48	0.993312
12.47	0.993594
12.46	0.993876
12.45	0.99416
12.44	0.994444
12.43	0.994728
12.42	0.995013
12.41	0.995299
12.4	0.995585
12.39	0.995872
12.38	0.996159
12.37	0.996447
12.36	0.996736
12.35	0.997025
12.34	0.997315
12.33	0.997606
12.32	0.997897
12.31	0.998189
12.3	0.998481
12.29	0.998774
12.28	0.999068
12.27	0.999362
12.26	0.999657
12.25	0.999952
12.24	1.00025
12.23	1.00055
12.22	1.00084
12.21	1.00114
12.2	1.00144
12.19	1.00174
12.18	1.00204
12.17	1.00234
12.16	1.00264
12.15	1.00294
12.14	1.00324
12.13	1.00355
12.12	1.00385
12.11	1.00416
12.1	1.00446
12.09	1.00477
12.08	1.00507
12.07	1.00538
12.06	1.00569
12.05	1.006
12.04	1.00631
12.03	1.00662
12.02	1.00693
12.01	1.00724
12	1.00755
11.99	1.00786
11.98	1.00817
11.97	1.00849
11.96	1.0088
11.95	1.00912
11.94	1.00943
11.93	1.00975
11.92	1.01007
11.91	1.01039
11.9	1.0107
11.89	1.01102
11.88	1.01134
11.87	1.01167
11.86	1.01199
11.85	1.01231
11.84	1.01263
11.83	1.01296
11.82	1.01328
11.81	1.01361
11.8	1.01393
11.79	1.01426
11.78	1.01459
11.77	1.01491
11.76	1.01524
11.75	1.01557
11.74	1.0159
11.73	1.01623
11.72	1.01656
11.71	1.0169
11.7	1.01723
11.69	1.01756
11.68	1.0179
11.67	1.01823
11.66	1.01857
11.65	1.01891
11.64	1.01925
11.63	1.01958
11.62	1.01992
11.61	1.02026
11.6	1.02061
11.59	1.02095
11.58	1.02129
11.57	1.02163
11.56	1.02198
11.55	1.02232
11.54	1.02267
11.53	1.02301
11.52	1.02336
11.51	1.02371
11.5	1.02406
11.49	1.02441
11.48	1.02476
11.47	1.02511
11.46	1.02546
11.45	1.02581
11.44	1.02617
11.43	1.02652
11.42	1.02688
11.41	1.02723
11.4	1.02759
11.39	1.02795
11.38	1.02831
11.37	1.02867
11.36	1.02903
11.35	1.02939
11.34	1.02975
11.33	1.03011
11.32	1.03048
11.31	1.03084
11.3	1.03121
11.29	1.03157
11.28	1.03194
11.27	1.03231
11.26	1.03268
11.25	1.03305
11.24	1.03342
11.23	1.03379
11.22	1.03416
11.21	1.03454
11.2	1.03491
11.19	1.03528
11.18	1.03566
11.17	1.03604
11.16	1.03642
11.15	1.03679
11.14	1.03717
11.13	1.03755
11.12	1.03794
11.11	1.03832
11.1	1.0387
11.09	1.03909
11.08	1.03947
11.07	1.03986
11.06	1.04024
11.05	1.04063
11.04	1.04102
11.03	1.04141
11.02	1.0418
11.01	1.04219
11	1.04259
10.99	1.04298
10.98	1.04338
10.97	1.04377
10.96	1.04417
10.95	1.04457
10.94	1.04496
10.93	1.04536
10.92	1.04576
10.91	1.04617
10.9	1.04657
10.89	1.04697
10.88	1.04738
10.87	1.04778
10.86	1.04819
10.85	1.0486
10.84	1.049
10.83	1.04941
10.82	1.04982
10.81	1.05024
10.8	1.05065
10.79	1.05106
10.78	1.05148
10.77	1.05189
10.76	1.05231
10.75	1.05273
10.74	1.05315
10.73	1.05357
10.72	1.05399
10.71	1.05441
10.7	1.05483
10.69	1.05526
10.68	1.05568
10.67	1.05611
10.66	1.05654
10.65	1.05697
10.64	1.0574
10.63	1.05783
10.62	1.05826
10.61	1.05869
10.6	1.05913
10.59	1.05956
10.58	1.06
10.57	1.06043
10.56	1.06087
10.55	1.06131
10.54	1.06175
10.53	1.0622
10.52	1.06264
10.51	1.06308
10.5	1.06353
10.49	1.06398
10.48	1.06442
10.47	1.06487
10.46	1.06532
10.45	1.06577
10.44	1.06623
10.43	1.06668
10.42	1.06713
10.41	1.06759
10.4	1.06805
10.39	1.06851
10.38	1.06897
10.37	1.06943
10.36	1.06989
10.35	1.07035
10.34	1.07082
10.33	1.07128
10.32	1.07175
10.31	1.07222
10.3	1.07269
10.29	1.07316
10.28	1.07363
10.27	1.07411
10.26	1.07458
10.25	1.07506
10.24	1.07553
10.23	1.07601
10.22	1.07649
10.21	1.07697
10.2	1.07745
10.19	1.07794
10.18	1.07842
10.17	1.07891
10.16	1.0794
10.15	1.07989
10.14	1.08038
10.13	1.08087
10.12	1.08136
10.11	1.08186
10.1	1.08235
10.09	1.08285
10.08	1.08335
10.07	1.08385
10.06	1.08435
10.05	1.08485
10.04	1.08535
10.03	1.08586
10.02	1.08637
10.01	1.08687
10	1.08738
9.99	1.08789
9.98	1.08841
9.97	1.08892
9.96	1.08944
9.95	1.08995
9.94	1.09047
9.93	1.09099
9.92	1.09151
9.91	1.09203
9.9	1.09256
9.89	1.09308
9.88	1.09361
9.87	1.09414
9.86	1.09467
9.85	1.0952
9.84	1.09573
9.83	1.09627
9.82	1.0968
9.81	1.09734
9.8	1.09788
9.79	1.09842
9.78	1.09896
9.77	1.0995
9.76	1.10005
9.75	1.1006
9.74	1.10115
9.73	1.1017
9.72	1.10225
9.71	1.1028
9.7	1.10335
9.69	1.10391
9.68	1.10447
9.67	1.10503
9.66	1.10559
9.65	1.10615
9.64	1.10672
9.63	1.10728
9.62	1.10785
9.61	1.10842
9.6	1.10899
9.59	1.10956
9.58	1.11014
9.57	1.11071
9.56	1.11129
9.55	1.11187
9.54	1.11245
9.53	1.11304
9.52	1.11362
9.51	1.11421
9.5	1.1148
9.49	1.11539
9.48	1.11598
9.47	1.11657
9.46	1.11717
9.45	1.11776
9.44	1.11836
9.43	1.11896
9.42	1.11957
9.41	1.12017
9.4	1.12078
9.39	1.12138
9.38	1.12199
9.37	1.1226
9.36	1.12322
9.35	1.12383
9.34	1.12445
9.33	1.12507
9.32	1.12569
9.31	1.12631
9.3	1.12694
9.29	1.12757
9.28	1.12819
9.27	1.12883
9.26	1.12946
9.25	1.13009
9.24	1.13073
9.23	1.13137
9.22	1.13201
9.21	1.13265
9.2	1.13329
9.19	1.13394
9.18	1.13459
9.17	1.13524
9.16	1.13589
9.15	1.13655
9.14	1.1372
9.13	1.13786
9.12	1.13852
9.11	1.13919
9.1	1.13985
9.09	1.14052
9.08	1.14119
9.07	1.14186
9.06	1.14253
9.05	1.14321
9.04	1.14389
9.03	1.14456
9.02	1.14525
9.01	1.14593
9	1.14662
8.99	1.14731
8.98	1.148
8.97	1.14869
8.96	1.14939
8.95	1.15008
8.94	1.15078
8.93	1.15149
8.92	1.15219
8.91	1.1529
8.9	1.15361
8.89	1.15432
8.88	1.15503
8.87	1.15575
8.86	1.15646
8.85	1.15719
8.84	1.15791
8.83	1.15863
8.82	1.15936
8.81	1.16009
8.8	1.16082
8.79	1.16156
8.78	1.1623
8.77	1.16304
8.76	1.16378
8.75	1.16452
8.74	1.16527
8.73	1.16602
8.72	1.16677
8.71	1.16753
8.7	1.16829
8.69	1.16905
8.68	1.16981
8.67	1.17058
8.66	1.17134
8.65	1.17211
8.64	1.17289
8.63	1.17366
8.62	1.17444
8.61	1.17522
8.6	1.17601
8.59	1.17679
8.58	1.17758
8.57	1.17837
8.56	1.17917
8.55	1.17996
8.54	1.18076
8.53	1.18157
8.52	1.18237
8.51	1.18318
8.5	1.18399
8.49	1.18481
8.48	1.18562
8.47	1.18644
8.46	1.18727
8.45	1.18809
8.44	1.18892
8.43	1.18975
8.42	1.19058
8.41	1.19142
8.4	1.19226
8.39	1.19311
8.38	1.19395
8.37	1.1948
8.36	1.19565
8.35	1.19651
8.34	1.19737
8.33	1.19823
8.32	1.19909
8.31	1.19996
8.3	1.20083
8.29	1.2017
8.28	1.20258
8.27	1.20346
8.26	1.20434
8.25	1.20523
8.24	1.20612
8.23	1.20701
8.22	1.20791
8.21	1.20881
8.2	1.20971
8.19	1.21062
8.18	1.21153
8.17	1.21244
8.16	1.21336
8.15	1.21428
8.14	1.2152
8.13	1.21613
8.12	1.21706
8.11	1.21799
8.1	1.21893
8.09	1.21987
8.08	1.22081
8.07	1.22176
8.06	1.22271
8.05	1.22366
8.04	1.22462
8.03	1.22558
8.02	1.22655
8.01	1.22752
8	1.22849
7.99	1.22947
7.98	1.23045
7.97	1.23143
7.96	1.23242
7.95	1.23341
7.94	1.23441
7.93	1.2354
7.92	1.23641
7.91	1.23741
7.9	1.23842
7.89	1.23944
7.88	1.24046
7.87	1.24148
7.86	1.24251
7.85	1.24354
7.84	1.24457
7.83	1.24561
7.82	1.24665
7.81	1.2477
7.8	1.24875
7.79	1.24981
7.78	1.25087
7.77	1.25193
7.76	1.253
7.75	1.25407
7.74	1.25515
7.73	1.25623
7.72	1.25731
7.71	1.2584
7.7	1.25949
7.69	1.26059
7.68	1.26169
7.67	1.2628
7.66	1.26391
7.65	1.26503
7.64	1.26615
7.63	1.26727
7.62	1.2684
7.61	1.26954
7.6	1.27068
7.59	1.27182
7.58	1.27297
7.57	1.27412
7.56	1.27528
7.55	1.27644
7.54	1.27761
7.53	1.27878
7.52	1.27996
7.51	1.28114
7.5	1.28233
7.49	1.28352
7.48	1.28472
7.47	1.28592
7.46	1.28713
7.45	1.28834
7.44	1.28956
7.43	1.29078
7.42	1.29201
7.41	1.29324
7.4	1.29448
7.39	1.29572
7.38	1.29697
7.37	1.29822
7.36	1.29948
7.35	1.30075
7.34	1.30202
7.33	1.3033
7.32	1.30458
7.31	1.30586
7.3	1.30716
7.29	1.30846
7.28	1.30976
7.27	1.31107
7.26	1.31238
7.25	1.31371
7.24	1.31503
7.23	1.31637
7.22	1.31771
7.21	1.31905
7.2	1.3204
7.19	1.32176
7.18	1.32312
7.17	1.32449
7.16	1.32587
7.15	1.32725
7.14	1.32863
7.13	1.33003
7.12	1.33143
7.11	1.33283
7.1	1.33425
7.09	1.33567
7.08	1.33709
7.07	1.33853
7.06	1.33996
7.05	1.34141
7.04	1.34286
7.03	1.34432
7.02	1.34579
7.01	1.34726
7	1.34874
6.99	1.35023
6.98	1.35172
6.97	1.35322
6.96	1.35473
6.95	1.35624
6.94	1.35776
6.93	1.35929
6.92	1.36083
6.91	1.36237
6.9	1.36392
6.89	1.36548
6.88	1.36704
6.87	1.36862
6.86	1.3702
6.85	1.37179
6.84	1.37338
6.83	1.37498
6.82	1.3766
6.81	1.37822
6.8	1.37984
6.79	1.38148
6.78	1.38312
6.77	1.38477
6.76	1.38643
6.75	1.3881
6.74	1.38977
6.73	1.39146
6.72	1.39315
6.71	1.39485
6.7	1.39656
6.69	1.39827
6.68	1.4
6.67	1.40174
6.66	1.40348
6.65	1.40523
6.64	1.40699
6.63	1.40876
6.62	1.41054
6.61	1.41233
6.6	1.41413
6.59	1.41593
6.58	1.41775
6.57	1.41957
6.56	1.42141
6.55	1.42325
6.54	1.42511
6.53	1.42697
6.52	1.42884
6.51	1.43073
6.5	1.43262
6.49	1.43452
6.48	1.43643
6.47	1.43836
6.46	1.44029
6.45	1.44223
6.44	1.44418
6.43	1.44615
6.42	1.44812
6.41	1.45011
6.4	1.4521
6.39	1.45411
6.38	1.45612
6.37	1.45815
6.36	1.46019
6.35	1.46224
6.34	1.4643
6.33	1.46638
6.32	1.46846
6.31	1.47055
6.3	1.47266
6.29	1.47478
6.28	1.47691
6.27	1.47905
6.26	1.48121
6.25	1.48337
6.24	1.48555
6.23	1.48774
6.22	1.48994
6.21	1.49216
6.2	1.49439
6.19	1.49663
6.18	1.49888
6.17	1.50114
6.16	1.50342
6.15	1.50572
6.14	1.50802
6.13	1.51034
6.12	1.51267
6.11	1.51502
6.1	1.51737
6.09	1.51975
6.08	1.52213
6.07	1.52453
6.06	1.52695
6.05	1.52938
6.04	1.53182
6.03	1.53428
6.02	1.53675
6.01	1.53924
6	1.54174
5.99	1.54426
5.98	1.54679
5.97	1.54934
5.96	1.5519
5.95	1.55448
5.94	1.55708
5.93	1.55969
5.92	1.56231
5.91	1.56495
5.9	1.56761
5.89	1.57029
5.88	1.57298
5.87	1.57569
5.86	1.57841
5.85	1.58116
5.84	1.58392
5.83	1.58669
5.82	1.58949
5.81	1.5923
5.8	1.59513
5.79	1.59798
5.78	1.60084
5.77	1.60373
5.76	1.60663
5.75	1.60955
5.74	1.61249
5.73	1.61545
5.72	1.61843
5.71	1.62143
5.7	1.62445
5.69	1.62749
5.68	1.63055
5.67	1.63362
5.66	1.63672
5.65	1.63984
5.64	1.64298
5.63	1.64614
5.62	1.64933
5.61	1.65253
5.6	1.65576
5.59	1.65901
5.58	1.66227
5.57	1.66557
5.56	1.66888
5.55	1.67222
5.54	1.67558
5.53	1.67896
5.52	1.68237
5.51	1.6858
5.5	1.68926
5.49	1.69274
5.48	1.69624
5.47	1.69977
5.46	1.70332
5.45	1.7069
5.44	1.71051
5.43	1.71414
5.42	1.71779
5.41	1.72148
5.4	1.72519
5.39	1.72892
5.38	1.73269
5.37	1.73648
5.36	1.7403
5.35	1.74414
5.34	1.74802
5.33	1.75192
5.32	1.75586
5.31	1.75982
5.3	1.76381
5.29	1.76784
5.28	1.77189
5.27	1.77597
5.26	1.78009
5.25	1.78424
5.24	1.78842
5.23	1.79263
5.22	1.79687
5.21	1.80115
5.2	1.80546
5.19	1.8098
5.18	1.81418
5.17	1.81859
5.16	1.82304
5.15	1.82752
5.14	1.83204
5.13	1.83659
5.12	1.84118
5.11	1.84581
5.1	1.85047
5.09	1.85518
5.08	1.85992
5.07	1.8647
5.06	1.86952
5.05	1.87438
5.04	1.87928
5.03	1.88422
5.02	1.8892
5.01	1.89423
5	1.8993
4.99	1.90441
4.98	1.90956
4.97	1.91476
4.96	1.92
4.95	1.92529
4.94	1.93062
4.93	1.936
4.92	1.94143
4.91	1.9469
4.9	1.95242
4.89	1.95799
4.88	1.96362
4.87	1.96929
4.86	1.97501
4.85	1.98078
4.84	1.98661
4.83	1.99249
4.82	1.99842
4.81	2.00441
4.8	2.01045
4.79	2.01655
4.78	2.0227
4.77	2.02892
4.76	2.03519
4.75	2.04152
4.74	2.04791
4.73	2.05436
4.72	2.06088
4.71	2.06745
4.7	2.07409
4.69	2.0808
4.68	2.08757
4.67	2.0944
4.66	2.10131
4.65	2.10828
4.64	2.11532
4.63	2.12244
4.62	2.12962
4.61	2.13688
4.6	2.14421
4.59	2.15162
4.58	2.1591
4.57	2.16666
4.56	2.1743
4.55	2.18202
4.54	2.18982
4.53	2.19771
4.52	2.20567
4.51	2.21373
4.5	2.22187
4.49	2.23009
4.48	2.23841
4.47	2.24682
4.46	2.25532
4.45	2.26392
4.44	2.27261
4.43	2.28139
4.42	2.29028
4.41	2.29927
4.4	2.30836
4.39	2.31756
4.38	2.32686
4.37	2.33627
4.36	2.34579
4.35	2.35543
4.34	2.36517
4.33	2.37504
4.32	2.38502
4.31	2.39512
4.3	2.40535
4.29	2.4157
4.28	2.42618
4.27	2.43679
4.26	2.44753
4.25	2.45841
4.24	2.46943
4.23	2.48059
4.22	2.49189
4.21	2.50334
4.2	2.51493
4.19	2.52668
4.18	2.53859
4.17	2.55066
4.16	2.56289
4.15	2.57528
4.14	2.58785
4.13	2.60058
4.12	2.6135
4.11	2.62659
4.1	2.63988
4.09	2.65335
4.08	2.66701
4.07	2.68087
4.06	2.69494
4.05	2.70921
4.04	2.7237
4.03	2.7384
4.02	2.75333
4.01	2.76848
4	2.78387
3.99	2.7995
3.98	2.81537
3.97	2.8315
3.96	2.84788
3.95	2.86454
3.94	2.88146
3.93	2.89866
3.92	2.91615
3.91	2.93394
3.9	2.95203
3.89	2.97043
3.88	2.98916
3.87	3.00821
3.86	3.02761
3.85	3.04735
3.84	3.06746
3.83	3.08794
3.82	3.1088
3.81	3.13005
3.8	3.15172
3.79	3.17381
3.78	3.19633
3.77	3.2193
3.76	3.24273
3.75	3.26665
3.74	3.29106
3.73	3.31599
3.72	3.34146
3.71	3.36747
3.7	3.39407
3.69	3.42125
3.68	3.44906
3.67	3.47751
3.66	3.50664
3.65	3.53645
3.64	3.567
3.63	3.59831
3.62	3.6304
3.61	3.66332
3.6	3.69711
3.59	3.7318
3.58	3.76744
3.57	3.80407
3.56	3.84175
3.55	3.88052
3.54	3.92045
3.53	3.9616
3.52	4.00403
3.51	4.04782
3.5	4.09305
3.49	4.13981
3.48	4.18818
3.47	4.23828
3.46	4.29022
3.45	4.34412
3.44	4.40013
3.43	4.4584
3.42	4.5191
3.41	4.58242
3.4	4.64859
3.39	4.71785
3.38	4.79047
3.37	4.86678
3.36	4.94713
3.35	5.03196
3.34	5.12175
3.33	5.21707
3.32	5.31862
3.31	5.42721
3.3	5.54382
3.29	5.66968
3.28	5.80631
3.27	5.95561
3.26	6.12009
3.25	6.30303
3.24	6.50893
3.23	6.74418
3.22	7.01827
3.21	7.34616
3.2	7.75362
3.19	8.29093
3.18	9.07924
3.17	10.5777
-3.17	10.5777
-3.18	9.07924
-3.19	8.29093
-3.2	7.75362
-3.21	7.34616
-3.22	7.01827
-3.23	6.74418
-3.24	6.50893
-3.25	6.30303
-3.26	6.12009
-3.27	5.95561
-3.28	5.80631
-3.29	5.66968
-3.3	5.54382
-3.31	5.42721
-3.32	5.31862
-3.33	5.21707
-3.34	5.12175
-3.35	5.03196
-3.36	4.94713
-3.37	4.86678
-3.38	4.79047
-3.39	4.71785
-3.4	4.64859
-3.41	4.58242
-3.42	4.5191
-3.43	4.4584
-3.44	4.40013
-3.45	4.34412
-3.46	4.29022
-3.47	4.23828
-3.48	4.18818
-3.49	4.13981
-3.5	4.09305
-3.51	4.04782
-3.52	4.00403
-3.53	3.9616
-3.54	3.92045
-3.55	3.88052
-3.56	3.84175
-3.57	3.80407
-3.58	3.76744
-3.59	3.7318
-3.6	3.69711
-3.61	3.66332
-3.62	3.6304
-3.63	3.59831
-3.64	3.567
-3.65	3.53645
-3.66	3.50664
-3.67	3.47751
-3.68	3.44906
-3.69	3.42125
-3.7	3.39407
-3.71	3.36747
-3.72	3.34146
-3.73	3.31599
-3.74	3.29106
-3.75	3.26665
-3.76	3.24273
-3.77	3.2193
-3.78	3.19633
-3.79	3.17381
-3.8	3.15172
-3.81	3.13005
-3.82	3.1088
-3.83	3.08794
-3.84	3.06746
-3.85	3.04735
-3.86	3.02761
-3.87	3.00821
-3.88	2.98916
-3.89	2.97043
-3.9	2.95203
-3.91	2.93394
-3.92	2.91615
-3.93	2.89866
-3.94	2.88146
-3.95	2.86454
-3.96	2.84788
-3.97	2.8315
-3.98	2.81537
-3.99	2.7995
-4	2.78387
-4.01	2.76848
-4.02	2.75333
-4.03	2.7384
-4.04	2.7237
-4.05	2.70921
-4.06	2.69494
-4.07	2.68087
-4.08	2.66701
-4.09	2.65335
-4.1	2.63988
-4.11	2.62659
-4.12	2.6135
-4.13	2.60058
-4.14	2.58785
-4.15	2.57528
-4.16	2.56289
-4.17	2.55066
-4.18	2.53859
-4.19	2.52668
-4.2	2.51493
-4.21	2.50334
-4.22	2.49189
-4.23	2.48059
-4.24	2.46943
-4.25	2.45841
-4.26	2.44753
-4.27	2.43679
-4.28	2.42618
-4.29	2.4157
-4.3	2.40535
-4.31	2.39512
-4.32	2.38502
-4.33	2.37504
-4.34	2.36517
-4.35	2.35543
-4.36	2.34579
-4.37	2.33627
-4.38	2.32686
-4.39	2.31756
-4.4	2.30836
-4.41	2.29927
-4.42	2.29028
-4.43	2.28139
-4.44	2.27261
-4.45	2.26392
-4.46	2.25532
-4.47	2.24682
-4.48	2.23841
-4.49	2.23009
-4.5	2.22187
-4.51	2.21373
-4.52	2.20567
-4.53	2.19771
-4.54	2.18982
-4.55	2.18202
-4.56	2.1743
-4.57	2.16666
-4.58	2.1591
-4.59	2.15162
-4.6	2.14421
-4.61	2.13688
-4.62	2.12962
-4.63	2.12244
-4.64	2.11532
-4.65	2.10828
-4.66	2.10131
-4.67	2.0944
-4.68	2.08757
-4.69	2.0808
-4.7	2.07409
-4.71	2.06745
-4.72	2.06088
-4.73	2.05436
-4.74	2.04791
-4.75	2.04152
-4.76	2.03519
-4.77	2.02892
-4.78	2.0227
-4.79	2.01655
-4.8	2.01045
-4.81	2.00441
-4.82	1.99842
-4.83	1.99249
-4.84	1.98661
-4.85	1.98078
-4.86	1.97501
-4.87	1.96929
-4.88	1.96362
-4.89	1.95799
-4.9	1.95242
-4.91	1.9469
-4.92	1.94143
-4.93	1.936
-4.94	1.93062
-4.95	1.92529
-4.96	1.92
-4.97	1.91476
-4.98	1.90956
-4.99	1.90441
-5	1.8993
-5.01	1.89423
-5.02	1.8892
-5.03	1.88422
-5.04	1.87928
-5.05	1.87438
-5.06	1.86952
-5.07	1.8647
-5.08	1.85992
-5.09	1.85518
-5.1	1.85047
-5.11	1.84581
-5.12	1.84118
-5.13	1.83659
-5.14	1.83204
-5.15	1.82752
-5.16	1.82304
-5.17	1.81859
-5.18	1.81418
-5.19	1.8098
-5.2	1.80546
-5.21	1.80115
-5.22	1.79687
-5.23	1.79263
-5.24	1.78842
-5.25	1.78424
-5.26	1.78009
-5.27	1.77597
-5.28	1.77189
-5.29	1.76784
-5.3	1.76381
-5.31	1.75982
-5.32	1.75586
-5.33	1.75192
-5.34	1.74802
-5.35	1.74414
-5.36	1.7403
-5.37	1.73648
-5.38	1.73269
-5.39	1.72892
-5.4	1.72519
-5.41	1.72148
-5.42	1.71779
-5.43	1.71414
-5.44	1.71051
-5.45	1.7069
-5.46	1.70332
-5.47	1.69977
-5.48	1.69624
-5.49	1.69274
-5.5	1.68926
-5.51	1.6858
-5.52	1.68237
-5.53	1.67896
-5.54	1.67558
-5.55	1.67222
-5.56	1.66888
-5.57	1.66557
-5.58	1.66227
-5.59	1.65901
-5.6	1.65576
-5.61	1.65253
-5.62	1.64933
-5.63	1.64614
-5.64	1.64298
-5.65	1.63984
-5.66	1.63672
-5.67	1.63362
-5.68	1.63055
-5.69	1.62749
-5.7	1.62445
-5.71	1.62143
-5.72	1.61843
-5.73	1.61545
-5.74	1.61249
-5.75	1.60955
-5.76	1.60663
-5.77	1.60373
-5.78	1.60084
-5.79	1.59798
-5.8	1.59513
-5.81	1.5923
-5.82	1.58949
-5.83	1.58669
-5.84	1.58392
-5.85	1.58116
-5.86	1.57841
-5.87	1.57569
-5.88	1.57298
-5.89	1.57029
-5.9	1.56761
-5.91	1.56495
-5.92	1.56231
-5.93	1.55969
-5.94	1.55708
-5.95	1.55448
-5.96	1.5519
-5.97	1.54934
-5.98	1.54679
-5.99	1.54426
-6	1.54174
-6.01	1.53924
-6.02	1.53675
-6.03	1.53428
-6.04	1.53182
-6.05	1.52938
-6.06	1.52695
-6.07	1.52453
-6.08	1.52213
-6.09	1.51975
-6.1	1.51737
-6.11	1.51502
-6.12	1.51267
-6.13	1.51034
-6.14	1.50802
-6.15	1.50572
-6.16	1.50342
-6.17	1.50114
-6.18	1.49888
-6.19	1.49663
-6.2	1.49439
-6.21	1.49216
-6.22	1.48994
-6.23	1.48774
-6.24	1.48555
-6.25	1.48337
-6.26	1.48121
-6.27	1.47905
-6.28	1.47691
-6.29	1.47478
-6.3	1.47266
-6.31	1.47055
-6.32	1.46846
-6.33	1.46638
-6.34	1.4643
-6.35	1.46224
-6.36	1.46019
-6.37	1.45815
-6.38	1.45612
-6.39	1.45411
-6.4	1.4521
-6.41	1.45011
-6.42	1.44812
-6.43	1.44615
-6.44	1.44418
-6.45	1.44223
-6.46	1.44029
-6.47	1.43836
-6.48	1.43643
-6.49	1.43452
-6.5	1.43262
-6.51	1.43073
-6.52	1.42884
-6.53	1.42697
-6.54	1.42511
-6.55	1.42325
-6.56	1.42141
-6.57	1.41957
-6.58	1.41775
-6.59	1.41593
-6.6	1.41413
-6.61	1.41233
-6.62	1.41054
-6.63	1.40876
-6.64	1.40699
-6.65	1.40523
-6.66	1.40348
-6.67	1.40174
-6.68	1.4
-6.69	1.39827
-6.7	1.39656
-6.71	1.39485
-6.72	1.39315
-6.73	1.39146
-6.74	1.38977
-6.75	1.3881
-6.76	1.38643
-6.77	1.38477
-6.78	1.38312
-6.79	1.38148
-6.8	1.37984
-6.81	1.37822
-6.82	1.3766
-6.83	1.37498
-6.84	1.37338
-6.85	1.37179
-6.86	1.3702
-6.87	1.36862
-6.88	1.36704
-6.89	1.36548
-6.9	1.36392
-6.91	1.36237
-6.92	1.36083
-6.93	1.35929
-6.94	1.35776
-6.95	1.35624
-6.96	1.35473
-6.97	1.35322
-6.98	1.35172
-6.99	1.35023
-7	1.34874
-7.01	1.34726
-7.02	1.34579
-7.03	1.34432
-7.04	1.34286
-7.05	1.34141
-7.06	1.33996
-7.07	1.33853
-7.08	1.33709
-7.09	1.33567
-7.1	1.33425
-7.11	1.33283
-7.12	1.33143
-7.13	1.33003
-7.14	1.32863
-7.15	1.32725
-7.16	1.32587
-7.17	1.32449
-7.18	1.32312
-7.19	1.32176
-7.2	1.3204
-7.21	1.31905
-7.22	1.31771
-7.23	1.31637
-7.24	1.31503
-7.25	1.31371
-7.26	1.31238
-7.27	1.31107
-7.28	1.30976
-7.29	1.30846
-7.3	1.30716
-7.31	1.30586
-7.32	1.30458
-7.33	1.3033
-7.34	1.30202
-7.35	1.30075
-7.36	1.29948
-7.37	1.29822
-7.38	1.29697
-7.39	1.29572
-7.4	1.29448
-7.41	1.29324
-7.42	1.29201
-7.43	1.29078
-7.44	1.28956
-7.45	1.28834
-7.46	1.28713
-7.47	1.28592
-7.48	1.28472
-7.49	1.28352
-7.5	1.28233
-7.51	1.28114
-7.52	1.27996
-7.53	1.27878
-7.54	1.27761
-7.55	1.27644
-7.56	1.27528
-7.57	1.27412
-7.58	1.27297
-7.59	1.27182
-7.6	1.27068
-7.61	1.26954
-7.62	1.2684
-7.63	1.26727
-7.64	1.26615
-7.65	1.26503
-7.66	1.26391
-7.67	1.2628
-7.68	1.26169
-7.69	1.26059
-7.7	1.25949
-7.71	1.2584
-7.72	1.25731
-7.73	1.25623
-7.74	1.25515
-7.75	1.25407
-7.76	1.253
-7.77	1.25193
-7.78	1.25087
-7.79	1.24981
-7.8	1.24875
-7.81	1.2477
-7.82	1.24665
-7.83	1.24561
-7.84	1.24457
-7.85	1.24354
-7.86	1.24251
-7.87	1.24148
-7.88	1.24046
-7.89	1.23944
-7.9	1.23842
-7.91	1.23741
-7.92	1.23641
-7.93	1.2354
-7.94	1.23441
-7.95	1.23341
-7.96	1.23242
-7.97	1.23143
-7.98	1.23045
-7.99	1.22947
-8	1.22849
-8.01	1.22752
-8.02	1.22655
-8.03	1.22558
-8.04	1.22462
-8.05	1.22366
-8.06	1.22271
-8.07	1.22176
-8.08	1.22081
-8.09	1.21987
-8.1	1.21893
-8.11	1.21799
-8.12	1.21706
-8.13	1.21613
-8.14	1.2152
-8.15	1.21428
-8.16	1.21336
-8.17	1.21244
-8.18	1.21153
-8.19	1.21062
-8.2	1.20971
-8.21	1.20881
-8.22	1.20791
-8.23	1.20701
-8.24	1.20612
-8.25	1.20523
-8.26	1.20434
-8.27	1.20346
-8.28	1.20258
-8.29	1.2017
-8.3	1.20083
-8.31	1.19996
-8.32	1.19909
-8.33	1.19823
-8.34	1.19737
-8.35	1.19651
-8.36	1.19565
-8.37	1.1948
-8.38	1.19395
-8.39	1.19311
-8.4	1.19226
-8.41	1.19142
-8.42	1.19058
-8.43	1.18975
-8.44	1.18892
-8.45	1.18809
-8.46	1.18727
-8.47	1.18644
-8.48	1.18562
-8.49	1.18481
-8.5	1.18399
-8.51	1.18318
-8.52	1.18237
-8.53	1.18157
-8.54	1.18076
-8.55	1.17996
-8.56	1.17917
-8.57	1.17837
-8.58	1.17758
-8.59	1.17679
-8.6	1.17601
-8.61	1.17522
-8.62	1.17444
-8.63	1.17366
-8.64	1.17289
-8.65	1.17211
-8.66	1.17134
-8.67	1.17058
-8.68	1.16981
-8.69	1.16905
-8.7	1.16829
-8.71	1.16753
-8.72	1.16677
-8.73	1.16602
-8.74	1.16527
-8.75	1.16452
-8.76	1.16378
-8.77	1.16304
-8.78	1.1623
-8.79	1.16156
-8.8	1.16082
-8.81	1.16009
-8.82	1.15936
-8.83	1.15863
-8.84	1.15791
-8.85	1.15719
-8.86	1.15646
-8.87	1.15575
-8.88	1.15503
-8.89	1.15432
-8.9	1.15361
-8.91	1.1529
-8.92	1.15219
-8.93	1.15149
-8.94	1.15078
-8.95	1.15008
-8.96	1.14939
-8.97	1.14869
-8.98	1.148
-8.99	1.14731
-9	1.14662
-9.01	1.14593
-9.02	1.14525
-9.03	1.14456
-9.04	1.14389
-9.05	1.14321
-9.06	1.14253
-9.07	1.14186
-9.08	1.14119
-9.09	1.14052
-9.1	1.13985
-9.11	1.13919
-9.12	1.13852
-9.13	1.13786
-9.14	1.1372
-9.15	1.13655
-9.16	1.13589
-9.17	1.13524
-9.18	1.13459
-9.19	1.13394
-9.2	1.13329
-9.21	1.13265
-9.22	1.13201
-9.23	1.13137
-9.24	1.13073
-9.25	1.13009
-9.26	1.12946
-9.27	1.12883
-9.28	1.12819
-9.29	1.12757
-9.3	1.12694
-9.31	1.12631
-9.32	1.12569
-9.33	1.12507
-9.34	1.12445
-9.35	1.12383
-9.36	1.12322
-9.37	1.1226
-9.38	1.12199
-9.39	1.12138
-9.4	1.12078
-9.41	1.12017
-9.42	1.11957
-9.43	1.11896
-9.44	1.11836
-9.45	1.11776
-9.46	1.11717
-9.47	1.11657
-9.48	1.11598
-9.49	1.11539
-9.5	1.1148
-9.51	1.11421
-9.52	1.11362
-9.53	1.11304
-9.54	1.11245
-9.55	1.11187
-9.56	1.11129
-9.57	1.11071
-9.58	1.11014
-9.59	1.10956
-9.6	1.10899
-9.61	1.10842
-9.62	1.10785
-9.63	1.10728
-9.64	1.10672
-9.65	1.10615
-9.66	1.10559
-9.67	1.10503
-9.68	1.10447
-9.69	1.10391
-9.7	1.10335
-9.71	1.1028
-9.72	1.10225
-9.73	1.1017
-9.74	1.10115
-9.75	1.1006
-9.76	1.10005
-9.77	1.0995
-9.78	1.09896
-9.79	1.09842
-9.8	1.09788
-9.81	1.09734
-9.82	1.0968
-9.83	1.09627
-9.84	1.09573
-9.85	1.0952
-9.86	1.09467
-9.87	1.09414
-9.88	1.09361
-9.89	1.09308
-9.9	1.09256
-9.91	1.09203
-9.92	1.09151
-9.93	1.09099
-9.94	1.09047
-9.95	1.08995
-9.96	1.08944
-9.97	1.08892
-9.98	1.08841
-9.99	1.08789
-10	1.08738
-10.01	1.08687
-10.02	1.08637
-10.03	1.08586
-10.04	1.08535
-10.05	1.08485
-10.06	1.08435
-10.07	1.08385
-10.08	1.08335
-10.09	1.08285
-10.1	1.08235
-10.11	1.08186
-10.12	1.08136
-10.13	1.08087
-10.14	1.08038
-10.15	1.07989
-10.16	1.0794
-10.17	1.07891
-10.18	1.07842
-10.19	1.07794
-10.2	1.07745
-10.21	1.07697
-10.22	1.07649
-10.23	1.07601
-10.24	1.07553
-10.25	1.07506
-10.26	1.07458
-10.27	1.07411
-10.28	1.07363
-10.29	1.07316
-10.3	1.07269
-10.31	1.07222
-10.32	1.07175
-10.33	1.07128
-10.34	1.07082
-10.35	1.07035
-10.36	1.06989
-10.37	1.06943
-10.38	1.06897
-10.39	1.06851
-10.4	1.06805
-10.41	1.06759
-10.42	1.06713
-10.43	1.06668
-10.44	1.06623
-10.45	1.06577
-10.46	1.06532
-10.47	1.06487
-10.48	1.06442
-10.49	1.06398
-10.5	1.06353
-10.51	1.06308
-10.52	1.06264
-10.53	1.0622
-10.54	1.06175
-10.55	1.06131
-10.56	1.06087
-10.57	1.06043
-10.58	1.06
-10.59	1.05956
-10.6	1.05913
-10.61	1.05869
-10.62	1.05826
-10.63	1.05783
-10.64	1.0574
-10.65	1.05697
-10.66	1.05654
-10.67	1.05611
-10.68	1.05568
-10.69	1.05526
-10.7	1.05483
-10.71	1.05441
-10.72	1.05399
-10.73	1.05357
-10.74	1.05315
-10.75	1.05273
-10.76	1.05231
-10.77	1.05189
-10.78	1.05148
-10.79	1.05106
-10.8	1.05065
-10.81	1.05024
-10.82	1.04982
-10.83	1.04941
-10.84	1.049
-10.85	1.0486
-10.86	1.04819
-10.87	1.04778
-10.88	1.04738
-10.89	1.04697
-10.9	1.04657
-10.91	1.04617
-10.92	1.04576
-10.93	1.04536
-10.94	1.04496
-10.95	1.04457
-10.96	1.04417
-10.97	1.04377
-10.98	1.04338
-10.99	1.04298
-11	1.04259
-11.01	1.04219
-11.02	1.0418
-11.03	1.04141
-11.04	1.04102
-11.05	1.04063
-11.06	1.04024
-11.07	1.03986
-11.08	1.03947
-11.09	1.03909
-11.1	1.0387
-11.11	1.03832
-11.12	1.03794
-11.13	1.03755
-11.14	1.03717
-11.15	1.03679
-11.16	1.03642
-11.17	1.03604
-11.18	1.03566
-11.19	1.03528
-11.2	1.03491
-11.21	1.03454
-11.22	1.03416
-11.23	1.03379
-11.24	1.03342
-11.25	1.03305
-11.26	1.03268
-11.27	1.03231
-11.28	1.03194
-11.29	1.03157
-11.3	1.03121
-11.31	1.03084
-11.32	1.03048
-11.33	1.03011
-11.34	1.02975
-11.35	1.02939
-11.36	1.02903
-11.37	1.02867
-11.38	1.02831
-11.39	1.02795
-11.4	1.02759
-11.41	1.02723
-11.42	1.02688
-11.43	1.02652
-11.44	1.02617
-11.45	1.02581
-11.46	1.02546
-11.47	1.02511
-11.48	1.02476
-11.49	1.02441
-11.5	1.02406
-11.51	1.02371
-11.52	1.02336
-11.53	1.02301
-11.54	1.02267
-11.55	1.02232
-11.56	1.02198
-11.57	1.02163
-11.58	1.02129
-11.59	1.02095
-11.6	1.02061
-11.61	1.02026
-11.62	1.01992
-11.63	1.01958
-11.64	1.01925
-11.65	1.01891
-11.66	1.01857
-11.67	1.01823
-11.68	1.0179
-11.69	1.01756
-11.7	1.01723
-11.71	1.0169
-11.72	1.01656
-11.73	1.01623
-11.74	1.0159
-11.75	1.01557
-11.76	1.01524
-11.77	1.01491
-11.78	1.01459
-11.79	1.01426
-11.8	1.01393
-11.81	1.01361
-11.82	1.01328
-11.83	1.01296
-11.84	1.01263
-11.85	1.01231
-11.86	1.01199
-11.87	1.01167
-11.88	1.01134
-11.89	1.01102
-11.9	1.0107
-11.91	1.01039
-11.92	1.01007
-11.93	1.00975
-11.94	1.00943
-11.95	1.00912
-11.96	1.0088
-11.97	1.00849
-11.98	1.00817
-11.99	1.00786
-12	1.00755
-12.01	1.00724
-12.02	1.00693
-12.03	1.00662
-12.04	1.00631
-12.05	1.006
-12.06	1.00569
-12.07	1.00538
-12.08	1.00507
-12.09	1.00477
-12.1	1.00446
-12.11	1.00416
-12.12	1.00385
-12.13	1.00355
-12.14	1.00324
-12.15	1.00294
-12.16	1.00264
-12.17	1.00234
-12.18	1.00204
-12.19	1.00174
-12.2	1.00144
-12.21	1.00114
-12.22	1.00084
-12.23	1.00055
-12.24	1.00025
-12.25	0.999952
-12.26	0.999657
-12.27	0.999362
-12.28	0.999068
-12.29	0.998774
-12.3	0.998481
-12.31	0.998189
-12.32	0.997897
-12.33	0.997606
-12.34	0.997315
-12.35	0.997025
-12.36	0.996736
-12.37	0.996447
-12.38	0.996159
-12.39	0.995872
-12.4	0.995585
-12.41	0.995299
-12.42	0.995013
-12.43	0.994728
-12.44	0.994444
-12.45	0.99416
-12.46	0.993876
-12.47	0.993594
-12.48	0.993312
-12.49	0.99303
-12.5	0.992749
-12.51	0.992469
-12.52	0.992189
-12.53	0.99191
-12.54	0.991631
-12.55	0.991353
-12.56	0.991075
-12.57	0.990798
-12.58	0.990522
-12.59	0.990246
-12.6	0.989971
-12.61	0.989697
-12.62	0.989422
-12.63	0.989149
-12.64	0.988876
-12.65	0.988603
-12.66	0.988332
-12.67	0.98806
-12.68	0.98779
-12.69	0.987519
-12.7	0.98725
-12.71	0.986981
-12.72	0.986712
-12.73	0.986444
-12.74	0.986176
-12.75	0.98591
-12.76	0.985643
-12.77	0.985377
-12.78	0.985112
-12.79	0.984847
-12.8	0.984583
-12.81	0.984319
-12.82	0.984056
-12.83	0.983793
-12.84	0.983531
-12.85	0.98327
-12.86	0.983008
-12.87	0.982748
-12.88	0.982488
-12.89	0.982228
-12.9	0.981969
-12.91	0.981711
-12.92	0.981453
-12.93	0.981195
-12.94	0.980938
-12.95	0.980682
-12.96	0.980426
-12.97	0.98017
-12.98	0.979915
-12.99	0.979661
-13	0.979407
-13.01	0.979154
-13.02	0.978901
-13.03	0.978648
-13.04	0.978396
-13.05	0.978145
-13.06	0.977894
-13.07	0.977643
-13.08	0.977394
-13.09	0.977144
-13.1	0.976895
-13.11	0.976647
-13.12	0.976398
-13.13	0.976151
-13.14	0.975904
-13.15	0.975657
-13.16	0.975411
-13.17	0.975166
-13.18	0.97492
-13.19	0.974676
-13.2	0.974432
-13.21	0.974188
-13.22	0.973945
-13.23	0.973702
-13.24	0.973459
-13.25	0.973218
-13.26	0.972976
-13.27	0.972735
-13.28	0.972495
-13.29	0.972255
-13.3	0.972015
-13.31	0.971776
-13.32	0.971537
-13.33	0.971299
-13.34	0.971062
-13.35	0.970824
-13.36	0.970587
-13.37	0.970351
-13.38	0.970115
-13.39	0.96988
-13.4	0.969645
-13.41	0.96941
-13.42	0.969176
-13.43	0.968942
-13.44	0.968709
-13.45	0.968476
-13.46	0.968244
-13.47	0.968012
-13.48	0.967781
-13.49	0.967549
-13.5	0.967319
-13.51	0.967089
-13.52	0.966859
-13.53	0.96663
-13.54	0.966401
-13.55	0.966172
-13.56	0.965944
-13.57	0.965717
-13.58	0.965489
-13.59	0.965263
-13.6	0.965036
-13.61	0.96481
-13.62	0.964585
-13.63	0.96436
-13.64	0.964135
-13.65	0.963911
-13.66	0.963687
-13.67	0.963464
-13.68	0.963241
-13.69	0.963018
-13.7	0.962796
-13.71	0.962574
-13.72	0.962353
-13.73	0.962132
-13.74	0.961911
-13.75	0.961691
-13.76	0.961471
-13.77	0.961252
-13.78	0.961033
-13.79	0.960815
-13.8	0.960596
-13.81	0.960379
-13.82	0.960161
-13.83	0.959944
-13.84	0.959728
-13.85	0.959512
-13.86	0.959296
-13.87	0.959081
-13.88	0.958866
-13.89	0.958651
-13.9	0.958437
-13.91	0.958223
-13.92	0.95801
-13.93	0.957797
-13.94	0.957584
-13.95	0.957372
-13.96	0.95716
-13.97	0.956948
-13.98	0.956737
-13.99	0.956526
-14	0.956316
-14.01	0.956106
-14.02	0.955896
-14.03	0.955687
-14.04	0.955478
-14.05	0.95527
-14.06	0.955062
-14.07	0.954854
-14.08	0.954647
-14.09	0.95444
-14.1	0.954233
-14.11	0.954027
-14.12	0.953821
-14.13	0.953615
-14.14	0.95341
-14.15	0.953205
-14.16	0.953001
-14.17	0.952797
-14.18	0.952593
-14.19	0.95239
-14.2	0.952187
-14.21	0.951984
-14.22	0.951782
-14.23	0.95158
-14.24	0.951379
-14.25	0.951177
-14.26	0.950976
-14.27	0.950776
-14.28	0.950576
-14.29	0.950376
-14.3	0.950177
-14.31	0.949977
-14.32	0.949779
-14.33	0.94958
-14.34	0.949382
-14.35	0.949184
-14.36	0.948987
-14.37	0.94879
-14.38	0.948593
-14.39	0.948397
-14.4	0.948201
-14.41	0.948005
-14.42	0.94781
-14.43	0.947615
-14.44	0.94742
-14.45	0.947226
-14.46	0.947032
-14.47	0.946838
-14.48	0.946645
-14.49	0.946452
-14.5	0.946259
-14.51	0.946067
-14.52	0.945875
-14.53	0.945684
-14.54	0.945492
-14.55	0.945301
-14.56	0.945111
-14.57	0.94492
-14.58	0.94473
-14.59	0.944541
-14.6	0.944351
-14.61	0.944162
-14.62	0.943973
-14.63	0.943785
-14.64	0.943597
-14.65	0.943409
-14.66	0.943222
-14.67	0.943035
-14.68	0.942848
-14.69	0.942661
-14.7	0.942475
-14.71	0.942289
-14.72	0.942104
-14.73	0.941918
-14.74	0.941733
-14.75	0.941549
-14.76	0.941365
-14.77	0.941181
-14.78	0.940997
-14.79	0.940814
-14.8	0.94063
-14.81	0.940448
-14.82	0.940265
-14.83	0.940083
-14.84	0.939901
-14.85	0.93972
-14.86	0.939538
-14.87	0.939358
-14.88	0.939177
-14.89	0.938997
-14.9	0.938817
-14.91	0.938637
-14.92	0.938457
-14.93	0.938278
-14.94	0.938099
-14.95	0.937921
-14.96	0.937743
-14.97	0.937565
-14.98	0.937387
-14.99	0.93721
-15	0.937033
-15.01	0.936856
-15.02	0.936679
-15.03	0.936503
-15.04	0.936327
-15.05	0.936152
-15.06	0.935976
-15.07	0.935801
-15.08	0.935627
-15.09	0.935452
-15.1	0.935278
-15.11	0.935104
-15.12	0.93493
-15.13	0.934757
-15.14	0.934584
-15.15	0.934411
-15.16	0.934239
-15.17	0.934066
-15.18	0.933895
-15.19	0.933723
-15.2	0.933552
-15.21	0.93338
-15.22	0.93321
-15.23	0.933039
-15.24	0.932869
-15.25	0.932699
-15.26	0.932529
-15.27	0.93236
-15.28	0.932191
-15.29	0.932022
-15.3	0.931853
-15.31	0.931685
-15.32	0.931517
-15.33	0.931349
-15.34	0.931181
-15.35	0.931014
-15.36	0.930847
-15.37	0.93068
-15.38	0.930514
-15.39	0.930348
-15.4	0.930182
-15.41	0.930016
-15.42	0.929851
-15.43	0.929686
-15.44	0.929521
-15.45	0.929356
-15.46	0.929192
-15.47	0.929028
-15.48	0.928864
-15.49	0.9287
-15.5	0.928537
-15.51	0.928374
-15.52	0.928211
-15.53	0.928049
-15.54	0.927886
-15.55	0.927724
-15.56	0.927563
-15.57	0.927401
-15.58	0.92724
-15.59	0.927079
-15.6	0.926918
-15.61	0.926758
-15.62	0.926597
-15.63	0.926437
-15.64	0.926278
-15.65	0.926118
-15.66	0.925959
-15.67	0.9258
-15.68	0.925641
-15.69	0.925483
-15.7	0.925324
-15.71	0.925167
-15.72	0.925009
-15.73	0.924851
-15.74	0.924694
-15.75	0.924537
-15.76	0.92438
-15.77	0.924224
-15.78	0.924067
-15.79	0.923911
-15.8	0.923756
-15.81	0.9236
-15.82	0.923445
-15.83	0.92329
-15.84	0.923135
-15.85	0.92298
-15.86	0.922826
-15.87	0.922672
-15.88	0.922518
-15.89	0.922364
-15.9	0.922211
-15.91	0.922058
-15.92	0.921905
-15.93	0.921752
-15.94	0.9216
-15.95	0.921447
-15.96	0.921295
-15.97	0.921143
-15.98	0.920992
-15.99	0.920841
-16	0.92069
-16.01	0.920539
-16.02	0.920388
-16.03	0.920238
-16.04	0.920088
-16.05	0.919938
-16.06	0.919788
-16.07	0.919638
-16.08	0.919489
-16.09	0.91934
-16.1	0.919191
-16.11	0.919043
-16.12	0.918894
-16.13	0.918746
-16.14	0.918598
-16.15	0.918451
-16.16	0.918303
-16.17	0.918156
-16.18	0.918009
-16.19	0.917862
-16.2	0.917716
-16.21	0.917569
-16.22	0.917423
-16.23	0.917277
-16.24	0.917132
-16.25	0.916986
-16.26	0.916841
-16.27	0.916696
-16.28	0.916551
-16.29	0.916406
-16.3	0.916262
-16.31	0.916118
-16.32	0.915974
-16.33	0.91583
-16.34	0.915687
-16.35	0.915543
-16.36	0.9154
-16.37	0.915257
-16.38	0.915115
-16.39	0.914972
-16.4	0.91483
-16.41	0.914688
-16.42	0.914546
-16.43	0.914404
-16.44	0.914263
-16.45	0.914122
-16.46	0.913981
-16.47	0.91384
-16.48	0.913699
-16.49	0.913559
-16.5	0.913419
-16.51	0.913279
-16.52	0.913139
-16.53	0.913
-16.54	0.91286
-16.55	0.912721
-16.56	0.912582
-16.57	0.912443
-16.58	0.912305
-16.59	0.912167
-16.6	0.912028
-16.61	0.911891
-16.62	0.911753
-16.63	0.911615
-16.64	0.911478
-16.65	0.911341
-16.66	0.911204
-16.67	0.911067
-16.68	0.910931
-16.69	0.910794
-16.7	0.910658
-16.71	0.910522
-16.72	0.910386
-16.73	0.910251
-16.74	0.910116
-16.75	0.90998
-16.76	0.909845
-16.77	0.909711
-16.78	0.909576
-16.79	0.909442
-16.8	0.909308
-16.81	0.909174
-16.82	0.90904
-16.83	0.908906
-16.84	0.908773
-16.85	0.90864
-16.86	0.908507
-16.87	0.908374
-16.88	0.908241
-16.89	0.908109
-16.9	0.907976
-16.91	0.907844
-16.92	0.907712
-16.93	0.907581
-16.94	0.907449
-16.95	0.907318
-16.96	0.907187
-16.97	0.907056
-16.98	0.906925
-16.99	0.906794
-17	0.906664
-17.01	0.906534
-17.02	0.906404
-17.03	0.906274
-17.04	0.906144
-17.05	0.906015
-17.06	0.905885
-17.07	0.905756
-17.08	0.905627
-17.09	0.905499
-17.1	0.90537
-17.11	0.905242
-17.12	0.905113
-17.13	0.904985
-17.14	0.904858
-17.15	0.90473
-17.16	0.904602
-17.17	0.904475
-17.18	0.904348
-17.19	0.904221
-17.2	0.904094
-17.21	0.903968
-17.22	0.903841
-17.23	0.903715
-17.24	0.903589
-17.25	0.903463
-17.26	0.903337
-17.27	0.903212
-17.28	0.903086
-17.29	0.902961
-17.3	0.902836
-17.31	0.902711
-17.32	0.902587
-17.33	0.902462
-17.34	0.902338
-17.35	0.902214
-17.36	0.90209
-17.37	0.901966
-17.38	0.901842
-17.39	0.901719
-17.4	0.901595
-17.41	0.901472
-17.42	0.901349
-17.43	0.901227
-17.44	0.901104
-17.45	0.900981
-17.46	0.900859
-17.47	0.900737
-17.48	0.900615
-17.49	0.900493
-17.5	0.900372
-17.51	0.90025
-17.52	0.900129
-17.53	0.900008
-17.54	0.899887
-17.55	0.899766
-17.56	0.899646
-17.57	0.899525
-17.58	0.899405
-17.59	0.899285
-17.6	0.899165
-17.61	0.899045
-17.62	0.898925
-17.63	0.898806
-17.64	0.898687
-17.65	0.898567
-17.66	0.898448
-17.67	0.89833
-17.68	0.898211
-17.69	0.898092
-17.7	0.897974
-17.71	0.897856
-17.72	0.897738
-17.73	0.89762
-17.74	0.897502
-17.75	0.897385
-17.76	0.897267
-17.77	0.89715
-17.78	0.897033
-17.79	0.896916
-17.8	0.896799
-17.81	0.896683
-17.82	0.896566
-17.83	0.89645
-17.84	0.896334
-17.85	0.896218
-17.86	0.896102
-17.87	0.895986
-17.88	0.895871
-17.89	0.895756
-17.9	0.89564
-17.91	0.895525
-17.92	0.89541
-17.93	0.895296
-17.94	0.895181
-17.95	0.895067
-17.96	0.894952
-17.97	0.894838
-17.98	0.894724
-17.99	0.89461
-18	0.894497
-18.01	0.894383
-18.02	0.89427
-18.03	0.894156
-18.04	0.894043
-18.05	0.89393
-18.06	0.893818
-18.07	0.893705
-18.08	0.893593
-18.09	0.89348
-18.1	0.893368
-18.11	0.893256
-18.12	0.893144
-18.13	0.893032
-18.14	0.892921
-18.15	0.892809
-18.16	0.892698
-18.17	0.892587
-18.18	0.892476
-18.19	0.892365
-18.2	0.892254
-18.21	0.892144
-18.22	0.892033
-18.23	0.891923
-18.24	0.891813
-18.25	0.891703
-18.26	0.891593
-18.27	0.891483
-18.28	0.891374
-18.29	0.891264
-18.3	0.891155
-18.31	0.891046
-18.32	0.890937
-18.33	0.890828
-18.34	0.890719
-18.35	0.890611
-18.36	0.890502
-18.37	0.890394
-18.38	0.890286
-18.39	0.890178
-18.4	0.89007
-18.41	0.889962
-18.42	0.889854
-18.43	0.889747
-18.44	0.88964
-18.45	0.889532
-18.46	0.889425
-18.47	0.889318
-18.48	0.889212
-18.49	0.889105
-18.5	0.888998
-18.51	0.888892
-18.52	0.888786
-18.53	0.88868
-18.54	0.888574
-18.55	0.888468
-18.56	0.888362
-18.57	0.888257
-18.58	0.888151
-18.59	0.888046
-18.6	0.887941
-18.61	0.887836
-18.62	0.887731
-18.63	0.887626
-18.64	0.887522
-18.65	0.887417
-18.66	0.887313
-18.67	0.887209
-18.68	0.887105
-18.69	0.887001
-18.7	0.886897
-18.71	0.886793
-18.72	0.886689
-18.73	0.886586
-18.74	0.886483
-18.75	0.88638
-18.76	0.886277
-18.77	0.886174
-18.78	0.886071
-18.79	0.885968
-18.8	0.885866
-18.81	0.885763
-18.82	0.885661
-18.83	0.885559
-18.84	0.885457
-18.85	0.885355
-18.86	0.885253
-18.87	0.885152
-18.88	0.88505
-18.89	0.884949
-18.9	0.884848
-18.91	0.884747
-18.92	0.884646
-18.93	0.884545
-18.94	0.884444
-18.95	0.884343
-18.96	0.884243
-18.97	0.884143
-18.98	0.884042
-18.99	0.883942
-19	0.883842
-19.01	0.883742
-19.02	0.883643
-19.03	0.883543
-19.04	0.883444
-19.05	0.883344
-19.06	0.883245
-19.07	0.883146
-19.08	0.883047
-19.09	0.882948
-19.1	0.882849
-19.11	0.882751
-19.12	0.882652
-19.13	0.882554
-19.14	0.882455
-19.15	0.882357
-19.16	0.882259
-19.17	0.882161
-19.18	0.882064
-19.19	0.881966
-19.2	0.881868
-19.21	0.881771
-19.22	0.881674
-19.23	0.881576
-19.24	0.881479
-19.25	0.881382
-19.26	0.881286
-19.27	0.881189
-19.28	0.881092
-19.29	0.880996
-19.3	0.8809
-19.31	0.880803
-19.32	0.880707
-19.33	0.880611
-19.34	0.880515
-19.35	0.88042
-19.36	0.880324
-19.37	0.880228
-19.38	0.880133
-19.39	0.880038
-19.4	0.879942
-19.41	0.879847
-19.42	0.879752
-19.43	0.879658
-19.44	0.879563
-19.45	0.879468
-19.46	0.879374
-19.47	0.879279
-19.48	0.879185
-19.49	0.879091
-19.5	0.878997
-19.51	0.878903
-19.52	0.878809
-19.53	0.878716
-19.54	0.878622
-19.55	0.878528
-19.56	0.878435
-19.57	0.878342
-19.58	0.878249
-19.59	0.878156
-19.6	0.878063
-19.61	0.87797
-19.62	0.877877
-19.63	0.877785
-19.64	0.877692
-19.65	0.8776
-19.66	0.877508
-19.67	0.877416
-19.68	0.877324
-19.69	0.877232
-19.7	0.87714
-19.71	0.877048
-19.72	0.876956
-19.73	0.876865
-19.74	0.876774
-19.75	0.876682
-19.76	0.876591
-19.77	0.8765
-19.78	0.876409
-19.79	0.876318
-19.8	0.876228
-19.81	0.876137
-19.82	0.876047
-19.83	0.875956
-19.84	0.875866
-19.85	0.875776
-19.86	0.875686
-19.87	0.875596
-19.88	0.875506
-19.89	0.875416
-19.9	0.875326
-19.91	0.875237
-19.92	0.875147
-19.93	0.875058
-19.94	0.874969
-19.95	0.87488
-19.96	0.874791
-19.97	0.874702
-19.98	0.874613
-19.99	0.874524
-20	0.874436
-20.01	0.874347
-20.02	0.874259
-20.03	0.87417
-20.04	0.874082
-20.05	0.873994
-20.06	0.873906
-20.07	0.873818
-20.08	0.87373
-20.09	0.873643
-20.1	0.873555
-20.11	0.873468
-20.12	0.87338
-20.13	0.873293
-20.14	0.873206
-20.15	0.873119
-20.16	0.873032
-20.17	0.872945
-20.18	0.872858
-20.19	0.872772
-20.2	0.872685
-20.21	0.872598
-20.22	0.872512
-20.23	0.872426
-20.24	0.87234
-20.25	0.872254
-20.26	0.872168
-20.27	0.872082
-20.28	0.871996
-20.29	0.87191
-20.3	0.871825
-20.31	0.871739
-20.32	0.871654
-20.33	0.871569
-20.34	0.871483
-20.35	0.871398
-20.36	0.871313
-20.37	0.871228
-20.38	0.871144
-20.39	0.871059
-20.4	0.870974
-20.41	0.87089
-20.42	0.870806
-20.43	0.870721
-20.44	0.870637
-20.45	0.870553
-20.46	0.870469
-20.47	0.870385
-20.48	0.870301
-20.49	0.870217
-20.5	0.870134
-20.51	0.87005
-20.52	0.869967
-20.53	0.869883
-20.54	0.8698
-20.55	0.869717
-20.56	0.869634
-20.57	0.869551
-20.58	0.869468
-20.59	0.869385
-20.6	0.869303
-20.61	0.86922
-20.62	0.869137
-20.63	0.869055
-20.64	0.868973
-20.65	0.868891
-20.66	0.868808
-20.67	0.868726
-20.68	0.868644
-20.69	0.868563
-20.7	0.868481
-20.71	0.868399
-20.72	0.868318
-20.73	0.868236
-20.74	0.868155
-20.75	0.868073
-20.76	0.867992
-20.77	0.867911
-20.78	0.86783
-20.79	0.867749
-20.8	0.867668
-20.81	0.867587
-20.82	0.867507
-20.83	0.867426
-20.84	0.867346
-20.85	0.867265
-20.86	0.867185
-20.87	0.867105
-20.88	0.867025
-20.89	0.866945
-20.9	0.866865
-20.91	0.866785
-20.92	0.866705
-20.93	0.866625
-20.94	0.866546
-20.95	0.866466
-20.96	0.866387
-20.97	0.866307
-20.98	0.866228
-20.99	0.866149
-21	0.86607
-21.01	0.865991
-21.02	0.865912
-21.03	0.865833
-21.04	0.865755
-21.05	0.865676
-21.06	0.865597
-21.07	0.865519
-21.08	0.865441
-21.09	0.865362
-21.1	0.865284
-21.11	0.865206
-21.12	0.865128
-21.13	0.86505
-21.14	0.864972
-21.15	0.864894
-21.16	0.864817
-21.17	0.864739
-21.18	0.864662
-21.19	0.864584
-21.2	0.864507
-21.21	0.86443
-21.22	0.864352
-21.23	0.864275
-21.24	0.864198
-21.25	0.864121
-21.26	0.864045
-21.27	0.863968
-21.28	0.863891
-21.29	0.863815
-21.3	0.863738
-21.31	0.863662
-21.32	0.863585
-21.33	0.863509
-21.34	0.863433
-21.35	0.863357
-21.36	0.863281
-21.37	0.863205
-21.38	0.863129
-21.39	0.863053
-21.4	0.862978
-21.41	0.862902
-21.42	0.862826
-21.43	0.862751
-21.44	0.862676
-21.45	0.8626
-21.46	0.862525
-21.47	0.86245
-21.48	0.862375
-21.49	0.8623
-21.5	0.862225
-21.51	0.86215
-21.52	0.862076
-21.53	0.862001
-21.54	0.861927
-21.55	0.861852
-21.56	0.861778
-21.57	0.861703
-21.58	0.861629
-21.59	0.861555
-21.6	0.861481
-21.61	0.861407
-21.62	0.861333
-21.63	0.861259
-21.64	0.861185
-21.65	0.861112
-21.66	0.861038
-21.67	0.860965
-21.68	0.860891
-21.69	0.860818
-21.7	0.860745
-21.71	0.860671
-21.72	0.860598
-21.73	0.860525
-21.74	0.860452
-21.75	0.860379
-21.76	0.860307
-21.77	0.860234
-21.78	0.860161
-21.79	0.860089
-21.8	0.860016
-21.81	0.859944
-21.82	0.859871
-21.83	0.859799
-21.84	0.859727
-21.85	0.859655
-21.86	0.859583
-21.87	0.859511
-21.88	0.859439
-21.89	0.859367
-21.9	0.859295
-21.91	0.859224
-21.92	0.859152
-21.93	0.859081
-21.94	0.859009
-21.95	0.858938
-21.96	0.858867
-21.97	0.858795
-21.98	0.858724
-21.99	0.858653
-22	0.858582
-22.01	0.858511
-22.02	0.85844
-22.03	0.85837
-22.04	0.858299
-22.05	0.858228
-22.06	0.858158
-22.07	0.858087
-22.08	0.858017
-22.09	0.857947
-22.1	0.857876
-22.11	0.857806
-22.12	0.857736
-22.13	0.857666
-22.14	0.857596
-22.15	0.857526
-22.16	0.857456
-22.17	0.857387
-22.18	0.857317
-22.19	0.857247
-22.2	0.857178
-22.21	0.857108
-22.22	0.857039
-22.23	0.85697
-22.24	0.856901
-22.25	0.856831
-22.26	0.856762
-22.27	0.856693
-22.28	0.856624
-22.29	0.856555
-22.3	0.856487
-22.31	0.856418
-22.32	0.856349
-22.33	0.856281
-22.34	0.856212
-22.35	0.856144
-22.36	0.856075
-22.37	0.856007
-22.38	0.855939
-22.39	0.855871
-22.4	0.855802
-22.41	0.855734
-22.42	0.855667
-22.43	0.855599
-22.44	0.855531
-22.45	0.855463
-22.46	0.855395
-22.47	0.855328
-22.48	0.85526
-22.49	0.855193
-22.5	0.855125
-22.51	0.855058
-22.52	0.854991
-22.53	0.854924
-22.54	0.854856
-22.55	0.854789
-22.56	0.854722
-22.57	0.854655
-22.58	0.854589
-22.59	0.854522
-22.6	0.854455
-22.61	0.854388
-22.62	0.854322
-22.63	0.854255
-22.64	0.854189
-22.65	0.854123
-22.66	0.854056
-22.67	0.85399
-22.68	0.853924
-22.69	0.853858
-22.7	0.853792
-22.71	0.853726
-22.72	0.85366
-22.73	0.853594
-22.74	0.853528
-22.75	0.853462
-22.76	0.853397
-22.77	0.853331
-22.78	0.853266
-22.79	0.8532
-22.8	0.853135
-22.81	0.853069
-22.82	0.853004
-22.83	0.852939
-22.84	0.852874
-22.85	0.852809
-22.86	0.852744
-22.87	0.852679
-22.88	0.852614
-22.89	0.852549
-22.9	0.852485
-22.91	0.85242
-22.92	0.852355
-22.93	0.852291
-22.94	0.852226
-22.95	0.852162
-22.96	0.852098
-22.97	0.852033
-22.98	0.851969
-22.99	0.851905
-23	0.851841
-23.01	0.851777
-23.02	0.851713
-23.03	0.851649
-23.04	0.851585
-23.05	0.851521
-23.06	0.851458
-23.07	0.851394
-23.08	0.851331
-23.09	0.851267
-23.1	0.851204
-23.11	0.85114
-23.12	0.851077
-23.13	0.851014
-23.14	0.85095
-23.15	0.850887
-23.16	0.850824
-23.17	0.850761
-23.18	0.850698
-23.19	0.850635
-23.2	0.850573
-23.21	0.85051
-23.22	0.850447
-23.23	0.850384
-23.24	0.850322
-23.25	0.850259
-23.26	0.850197
-23.27	0.850134
-23.28	0.850072
-23.29	0.85001
-23.3	0.849948
-23.31	0.849886
-23.32	0.849823
-23.33	0.849761
-23.34	0.849699
-23.35	0.849638
-23.36	0.849576
-23.37	0.849514
-23.38	0.849452
-23.39	0.849391
-23.4	0.849329
-23.41	0.849267
-23.42	0.849206
-23.43	0.849145
-23.44	0.849083
-23.45	0.849022
-23.46	0.848961
-23.47	0.848899
-23.48	0.848838
-23.49	0.848777
-23.5	0.848716
-23.51	0.848655
-23.52	0.848594
-23.53	0.848534
-23.54	0.848473
-23.55	0.848412
-23.56	0.848352
-23.57	0.848291
-23.58	0.84823
-23.59	0.84817
-23.6	0.848109
-23.61	0.848049
-23.62	0.847989
-23.63	0.847929
-23.64	0.847868
-23.65	0.847808
-23.66	0.847748
-23.67	0.847688
-23.68	0.847628
-23.69	0.847568
-23.7	0.847509
-23.71	0.847449
-23.72	0.847389
-23.73	0.847329
-23.74	0.84727
-23.75	0.84721
-23.76	0.847151
-23.77	0.847091
-23.78	0.847032
-23.79	0.846973
-23.8	0.846913
-23.81	0.846854
-23.82	0.846795
-23.83	0.846736
-23.84	0.846677
-23.85	0.846618
-23.86	0.846559
-23.87	0.8465
-23.88	0.846441
-23.89	0.846383
-23.9	0.846324
-23.91	0.846265
-23.92	0.846207
-23.93	0.846148
-23.94	0.84609
-23.95	0.846031
-23.96	0.845973
-23.97	0.845915
-23.98	0.845856
-23.99	0.845798
-24	0.84574
-24.01	0.845682
-24.02	0.845624
-24.03	0.845566
-24.04	0.845508
-24.05	0.84545
-24.06	0.845392
-24.07	0.845335
-24.08	0.845277
-24.09	0.845219
-24.1	0.845162
-24.11	0.845104
-24.12	0.845047
-24.13	0.844989
-24.14	0.844932
-24.15	0.844875
-24.16	0.844817
-24.17	0.84476
-24.18	0.844703
-24.19	0.844646
-24.2	0.844589
-24.21	0.844532
-24.22	0.844475
-24.23	0.844418
-24.24	0.844361
-24.25	0.844304
-24.26	0.844248
-24.27	0.844191
-24.28	0.844134
-24.29	0.844078
-24.3	0.844021
-24.31	0.843965
-24.32	0.843908
-24.33	0.843852
-24.34	0.843796
-24.35	0.84374
-24.36	0.843683
-24.37	0.843627
-24.38	0.843571
-24.39	0.843515
-24.4	0.843459
-24.41	0.843403
-24.42	0.843347
-24.43	0.843291
-24.44	0.843236
-24.45	0.84318
-24.46	0.843124
-24.47	0.843069
-24.48	0.843013
-24.49	0.842957
-24.5	0.842902
-24.51	0.842847
-24.52	0.842791
-24.53	0.842736
-24.54	0.842681
-24.55	0.842625
-24.56	0.84257
-24.57	0.842515
-24.58	0.84246
-24.59	0.842405
-24.6	0.84235
-24.61	0.842295
-24.62	0.84224
-24.63	0.842186
-24.64	0.842131
-24.65	0.842076
-24.66	0.842021
-24.67	0.841967
-24.68	0.841912
-24.69	0.841858
-24.7	0.841803
-24.71	0.841749
-24.72	0.841695
-24.73	0.84164
-24.74	0.841586
-24.75	0.841532
-24.76	0.841478
-24.77	0.841424
-24.78	0.84137
-24.79	0.841316
-24.8	0.841262
-24.81	0.841208
-24.82	0.841154
-24.83	0.8411
-24.84	0.841046
-24.85	0.840993
-24.86	0.840939
-24.87	0.840885
-24.88	0.840832
-24.89	0.840778
-24.9	0.840725
-24.91	0.840671
-24.92	0.840618
-24.93	0.840565
-24.94	0.840511
-24.95	0.840458
-24.96	0.840405
-24.97	0.840352
-24.98	0.840299
-24.99	0.840246
-25	0.840193
-25.01	0.84014
-25.02	0.840087
-25.03	0.840034
-25.04	0.839981
-25.05	0.839929
-25.06	0.839876
-25.07	0.839823
-25.08	0.839771
-25.09	0.839718
-25.1	0.839666
-25.11	0.839613
-25.12	0.839561
-25.13	0.839508
-25.14	0.839456
-25.15	0.839404
-25.16	0.839352
-25.17	0.839299
-25.18	0.839247
-25.19	0.839195
-25.2	0.839143
-25.21	0.839091
-25.22	0.839039
-25.23	0.838987
-25.24	0.838935
-25.25	0.838884
-25.26	0.838832
-25.27	0.83878
-25.28	0.838729
-25.29	0.838677
-25.3	0.838625
-25.31	0.838574
-25.32	0.838522
-25.33	0.838471
-25.34	0.83842
-25.35	0.838368
-25.36	0.838317
-25.37	0.838266
-25.38	0.838214
-25.39	0.838163
-25.4	0.838112
-25.41	0.838061
-25.42	0.83801
-25.43	0.837959
-25.44	0.837908
-25.45	0.837857
-25.46	0.837806
-25.47	0.837756
-25.48	0.837705
-25.49	0.837654
-25.5	0.837604
-25.51	0.837553
-25.52	0.837502
-25.53	0.837452
-25.54	0.837401
-25.55	0.837351
-25.56	0.837301
-25.57	0.83725
-25.58	0.8372
-25.59	0.83715
-25.6	0.837099
-25.61	0.837049
-25.62	0.836999
-25.63	0.836949
-25.64	0.836899
-25.65	0.836849
-25.66	0.836799
-25.67	0.836749
-25.68	0.836699
-25.69	0.83665
-25.7	0.8366
-25.71	0.83655
-25.72	0.8365
-25.73	0.836451
-25.74	0.836401
-25.75	0.836352
-25.76	0.836302
-25.77	0.836253
-25.78	0.836203
-25.79	0.836154
-25.8	0.836105
-25.81	0.836055
-25.82	0.836006
-25.83	0.835957
-25.84	0.835908
-25.85	0.835859
-25.86	0.835809
-25.87	0.83576
-25.88	0.835711
-25.89	0.835662
-25.9	0.835614
-25.91	0.835565
-25.92	0.835516
-25.93	0.835467
-25.94	0.835418
-25.95	0.83537
-25.96	0.835321
-25.97	0.835272
-25.98	0.835224
-25.99	0.835175
-26	0.835127
-26.01	0.835078
-26.02	0.83503
-26.03	0.834982
-26.04	0.834933
-26.05	0.834885
-26.06	0.834837
-26.07	0.834789
-26.08	0.834741
-26.09	0.834692
-26.1	0.834644
-26.11	0.834596
-26.12	0.834548
-26.13	0.8345
-26.14	0.834453
-26.15	0.834405
-26.16	0.834357
-26.17	0.834309
-26.18	0.834261
-26.19	0.834214
-26.2	0.834166
-26.21	0.834118
-26.22	0.834071
-26.23	0.834023
-26.24	0.833976
-26.25	0.833928
-26.26	0.833881
-26.27	0.833834
-26.28	0.833786
-26.29	0.833739
-26.3	0.833692
-26.31	0.833645
-26.32	0.833597
-26.33	0.83355
-26.34	0.833503
-26.35	0.833456
-26.36	0.833409
-26.37	0.833362
-26.38	0.833315
-26.39	0.833268
-26.4	0.833221
-26.41	0.833175
-26.42	0.833128
-26.43	0.833081
-26.44	0.833035
-26.45	0.832988
-26.46	0.832941
-26.47	0.832895
-26.48	0.832848
-26.49	0.832802
-26.5	0.832755
-26.51	0.832709
-26.52	0.832663
-26.53	0.832616
-26.54	0.83257
-26.55	0.832524
-26.56	0.832478
-26.57	0.832431
-26.58	0.832385
-26.59	0.832339
-26.6	0.832293
-26.61	0.832247
-26.62	0.832201
-26.63	0.832155
-26.64	0.832109
-26.65	0.832063
-26.66	0.832018
-26.67	0.831972
-26.68	0.831926
-26.69	0.83188
-26.7	0.831835
-26.71	0.831789
-26.72	0.831743
-26.73	0.831698
-26.74	0.831652
-26.75	0.831607
-26.76	0.831562
-26.77	0.831516
-26.78	0.831471
-26.79	0.831425
-26.8	0.83138
-26.81	0.831335
-26.82	0.83129
-26.83	0.831245
-26.84	0.831199
-26.85	0.831154
-26.86	0.831109
-26.87	0.831064
-26.88	0.831019
-26.89	0.830974
-26.9	0.830929
-26.91	0.830885
-26.92	0.83084
-26.93	0.830795
-26.94	0.83075
-26.95	0.830705
-26.96	0.830661
-26.97	0.830616
-26.98	0.830572
-26.99	0.830527
-27	0.830482
-27.01	0.830438
-27.02	0.830393
-27.03	0.830349
-27.04	0.830305
-27.05	0.83026
-27.06	0.830216
-27.07	0.830172
-27.08	0.830128
-27.09	0.830083
-27.1	0.830039
-27.11	0.829995
-27.12	0.829951
-27.13	0.829907
-27.14	0.829863
-27.15	0.829819
-27.16	0.829775
-27.17	0.829731
-27.18	0.829687
-27.19	0.829643
-27.2	0.8296
-27.21	0.829556
-27.22	0.829512
-27.23	0.829468
-27.24	0.829425
-27.25	0.829381
-27.26	0.829338
-27.27	0.829294
-27.28	0.82925
-27.29	0.829207
-27.3	0.829164
-27.31	0.82912
-27.32	0.829077
-27.33	0.829033
-27.34	0.82899
-27.35	0.828947
-27.36	0.828904
-27.37	0.828861
-27.38	0.828817
-27.39	0.828774
-27.4	0.828731
-27.41	0.828688
-27.42	0.828645
-27.43	0.828602
-27.44	0.828559
-27.45	0.828516
-27.46	0.828473
-27.47	0.828431
-27.48	0.828388
-27.49	0.828345
-27.5	0.828302
-27.51	0.82826
-27.52	0.828217
-27.53	0.828174
-27.54	0.828132
-27.55	0.828089
-27.56	0.828047
-27.57	0.828004
-27.58	0.827962
-27.59	0.827919
-27.6	0.827877
-27.61	0.827834
-27.62	0.827792
-27.63	0.82775
-27.64	0.827708
-27.65	0.827665
-27.66	0.827623
-27.67	0.827581
-27.68	0.827539
-27.69	0.827497
-27.7	0.827455
-27.71	0.827413
-27.72	0.827371
-27.73	0.827329
-27.74	0.827287
-27.75	0.827245
-27.76	0.827203
-27.77	0.827161
-27.78	0.82712
-27.79	0.827078
-27.8	0.827036
-27.81	0.826995
-27.82	0.826953
-27.83	0.826911
-27.84	0.82687
-27.85	0.826828
-27.86	0.826787
-27.87	0.826745
-27.88	0.826704
-27.89	0.826662
-27.9	0.826621
-27.91	0.82658
-27.92	0.826538
-27.93	0.826497
-27.94	0.826456
-27.95	0.826415
-27.96	0.826373
-27.97	0.826332
-27.98	0.826291
-27.99	0.82625
-28	0.826209
-28.01	0.826168
-28.02	0.826127
-28.03	0.826086
-28.04	0.826045
-28.05	0.826004
-28.06	0.825964
-28.07	0.825923
-28.08	0.825882
-28.09	0.825841
-28.1	0.8258
-28.11	0.82576
-28.12	0.825719
-28.13	0.825679
-28.14	0.825638
-28.15	0.825597
-28.16	0.825557
-28.17	0.825516
-28.18	0.825476
-28.19	0.825435
-28.2	0.825395
-28.21	0.825355
-28.22	0.825314
-28.23	0.825274
-28.24	0.825234
-28.25	0.825194
-28.26	0.825153
-28.27	0.825113
-28.28	0.825073
-28.29	0.825033
-28.3	0.824993
-28.31	0.824953
-28.32	0.824913
-28.33	0.824873
-28.34	0.824833
-28.35	0.824793
-28.36	0.824753
-28.37	0.824713
-28.38	0.824673
-28.39	0.824634
-28.4	0.824594
-28.41	0.824554
-28.42	0.824514
-28.43	0.824475
-28.44	0.824435
-28.45	0.824396
-28.46	0.824356
-28.47	0.824316
-28.48	0.824277
-28.49	0.824237
-28.5	0.824198
-28.51	0.824159
-28.52	0.824119
-28.53	0.82408
-28.54	0.82404
-28.55	0.824001
-28.56	0.823962
-28.57	0.823923
-28.58	0.823883
-28.59	0.823844
-28.6	0.823805
-28.61	0.823766
-28.62	0.823727
-28.63	0.823688
-28.64	0.823649
-28.65	0.82361
-28.66	0.823571
-28.67	0.823532
-28.68	0.823493
-28.69	0.823454
-28.7	0.823415
-28.71	0.823377
-28.72	0.823338
-28.73	0.823299
-28.74	0.82326
-28.75	0.823222
-28.76	0.823183
-28.77	0.823144
-28.78	0.823106
-28.79	0.823067
-28.8	0.823029
-28.81	0.82299
-28.82	0.822952
-28.83	0.822913
-28.84	0.822875
-28.85	0.822836
-28.86	0.822798
-28.87	0.82276
-28.88	0.822721
-28.89	0.822683
-28.9	0.822645
-28.91	0.822607
-28.92	0.822569
-28.93	0.82253
-28.94	0.822492
-28.95	0.822454
-28.96	0.822416
-28.97	0.822378
-28.98	0.82234
-28.99	0.822302
-29	0.822264
-29.01	0.822226
-29.02	0.822188
-29.03	0.82215
-29.04	0.822113
-29.05	0.822075
-29.06	0.822037
-29.07	0.821999
-29.08	0.821962
-29.09	0.821924
-29.1	0.821886
-29.11	0.821849
-29.12	0.821811
-29.13	0.821773
-29.14	0.821736
-29.15	0.821698
-29.16	0.821661
-29.17	0.821623
-29.18	0.821586
-29.19	0.821549
-29.2	0.821511
-29.21	0.821474
-29.22	0.821437
-29.23	0.821399
-29.24	0.821362
-29.25	0.821325
-29.26	0.821288
-29.27	0.82125
-29.28	0.821213
-29.29	0.821176
-29.3	0.821139
-29.31	0.821102
-29.32	0.821065
-29.33	0.821028
-29.34	0.820991
-29.35	0.820954
-29.36	0.820917
-29.37	0.82088
-29.38	0.820843
-29.39	0.820807
-29.4	0.82077
-29.41	0.820733
-29.42	0.820696
-29.43	0.820659
-29.44	0.820623
-29.45	0.820586
-29.46	0.820549
-29.47	0.820513
-29.48	0.820476
-29.49	0.82044
-29.5	0.820403
-29.51	0.820367
-29.52	0.82033
-29.53	0.820294
-29.54	0.820257
-29.55	0.820221
-29.56	0.820185
-29.57	0.820148
-29.58	0.820112
-29.59	0.820076
-29.6	0.820039
-29.61	0.820003
-29.62	0.819967
-29.63	0.819931
-29.64	0.819895
-29.65	0.819858
-29.66	0.819822
-29.67	0.819786
-29.68	0.81975
-29.69	0.819714
-29.7	0.819678
-29.71	0.819642
-29.72	0.819606
-29.73	0.81957
-29.74	0.819535
-29.75	0.819499
-29.76	0.819463
-29.77	0.819427
-29.78	0.819391
-29.79	0.819356
-29.8	0.81932
-29.81	0.819284
-29.82	0.819248
-29.83	0.819213
-29.84	0.819177
-29.85	0.819142
-29.86	0.819106
-29.87	0.819071
-29.88	0.819035
-29.89	0.819
-29.9	0.818964
-29.91	0.818929
-29.92	0.818893
-29.93	0.818858
-29.94	0.818823
-29.95	0.818787
-29.96	0.818752
-29.97	0.818717
-29.98	0.818681
-29.99	0.818646
-30	0.818611
