x	y
30	1.05043
29.99	1.05048
29.98	1.05054
29.97	1.05059
29.96	1.05064
29.95	1.0507
29.94	1.05075
29.93	1.0508
29.92	1.05086
29.91	1.05091
29.9	1.05097
29.89	1.05102
29.88	1.05107
29.87	1.05113
29.86	1.05118
29.85	1.05124
29.84	1.05129
29.83	1.05134
29.82	1.0514
29.81	1.05145
29.8	1.05151
29.79	1.05156
29.78	1.05162
29.77	1.05167
29.76	1.05173
29.75	1.05178
29.74	1.05183
29.73	1.05189
29.72	1.05194
29.71	1.052
29.7	1.05205
29.69	1.05211
29.68	1.05216
29.67	1.05222
29.66	1.05227
29.65	1.05233
29.64	1.05238
29.63	1.05244
29.62	1.05249
29.61	1.05255
29.6	1.0526
29.59	1.05266
29.58	1.05271
29.57	1.05277
29.56	1.05282
29.55	1.05288
29.54	1.05293
29.53	1.05299
29.52	1.05305
29.51	1.0531
29.5	1.05316
29.49	1.05321
29.48	1.05327
29.47	1.05332
29.46	1.05338
29.45	1.05344
29.44	1.05349
29.43	1.05355
29.42	1.0536
29.41	1.05366
29.4	1.05371
29.39	1.05377
29.38	1.05383
29.37	1.05388
29.36	1.05394
29.35	1.054
29.34	1.05405
29.33	1.05411
29.32	1.05416
29.31	1.05422
29.3	1.05428
29.29	1.05433
29.28	1.05439
29.27	1.05445
29.26	1.0545
29.25	1.05456
29.24	1.05462
29.23	1.05467
29.22	1.05473
29.21	1.05479
29.2	1.05484
29.19	1.0549
29.18	1.05496
29.17	1.05501
29.16	1.05507
29.15	1.05513
29.14	1.05519
29.13	1.05524
29.12	1.0553
29.11	1.05536
29.1	1.05542
29.09	1.05547
29.08	1.05553
29.07	1.05559
29.06	1.05565
29.05	1.0557
29.04	1.05576
29.03	1.05582
29.02	1.05588
29.01	1.05593
29	1.05599
28.99	1.05605
28.98	1.05611
28.97	1.05616
28.96	1.05622
28.95	1.05628
28.94	1.05634
28.93	1.0564
28.92	1.05645
28.91	1.05651
28.9	1.05657
28.89	1.05663
28.88	1.05669
28.87	1.05675
28.86	1.0568
28.85	1.05686
28.84	1.05692
28.83	1.05698
28.82	1.05704
28.81	1.0571
28.8	1.05716
28.79	1.05721
28.78	1.05727
28.77	1.05733
28.76	1.05739
28.75	1.05745
28.74	1.05751
28.73	1.05757
28.72	1.05763
28.71	1.05769
28.7	1.05775
28.69	1.0578
28.68	1.05786
28.67	1.05792
28.66	1.05798
28.65	1.05804
28.64	1.0581
28.63	1.05816
28.62	1.05822
28.61	1.05828
28.6	1.05834
28.59	1.0584
28.58	1.05846
28.57	1.05852
28.56	1.05858
28.55	1.05864
28.54	1.0587
28.53	1.05876
28.52	1.05882
28.51	1.05888
28.5	1.05894
28.49	1.059
28.48	1.05906
28.47	1.05912
28.46	1.05918
28.45	1.05924
28.44	1.0593
28.43	1.05936
28.42	1.05942
28.41	1.05948
28.4	1.05954
28.39	1.0596
28.38	1.05966
28.37	1.05972
28.36	1.05978
28.35	1.05985
28.34	1.05991
28.33	1.05997
28.32	1.06003
28.31	1.06009
28.3	1.06015
28.29	1.06021
28.28	1.06027
28.27	1.06033
28.26	1.06039
28.25	1.06046
28.24	1.06052
28.23	1.06058
28.22	1.06064
28.21	1.0607
28.2	1.06076
28.19	1.06082
28.18	1.06089
28.17	1.06095
28.16	1.06101
28.15	1.06107
28.14	1.06113
28.13	1.0612
28.12	1.06126
28.11	1.06132
28.1	1.06138
28.09	1.06144
28.08	1.06151
28.07	1.06157
28.06	1.06163
28.05	1.06169
28.04	1.06176
28.03	1.06182
28.02	1.06188
28.01	1.06194
28	1.062
27.99	1.06207
27.98	1.06213
27.97	1.06219
27.96	1.06226
27.95	1.06232
27.94	1.06238
27.93	1.06244
27.92	1.06251
27.91	1.06257
27.9	1.06263
27.89	1.0627
27.88	1.06276
27.87	1.06282
27.86	1.06289
27.85	1.06295
27.84	1.06301
27.83	1.06308
27.82	1.06314
27.81	1.0632
27.8	1.06327
27.79	1.06333
27.78	1.06339
27.77	1.06346
27.76	1.06352
27.75	1.06359
27.74	1.06365
27.73	1.06371
27.72	1.06378
27.71	1.06384
27.7	1.06391
27.69	1.06397
27.68	1.06403
27.67	1.0641
27.66	1.06416
27.65	1.06423
27.64	1.06429
27.63	1.06436
27.62	1.06442
27.61	1.06448
27.6	1.06455
27.59	1.06461
27.58	1.06468
27.57	1.06474
27.56	1.06481
27.55	1.06487
27.54	1.06494
27.53	1.065
27.52	1.06507
27.51	1.06513
27.5	1.0652
27.49	1.06526
27.48	1.06533
27.47	1.06539
27.46	1.06546
27.45	1.06553
27.44	1.06559
27.43	1.06566
27.42	1.06572
27.41	1.06579
27.4	1.06585
27.39	1.06592
27.38	1.06599
27.37	1.06605
27.36	1.06612
27.35	1.06618
27.34	1.06625
27.33	1.06632
27.32	1.06638
27.31	1.06645
27.3	1.06651
27.29	1.06658
27.28	1.06665
27.27	1.06671
27.26	1.06678
27.25	1.06685
27.24	1.06691
27.23	1.06698
27.22	1.06705
27.21	1.06711
27.2	1.06718
27.19	1.06725
27.18	1.06731
27.17	1.06738
27.16	1.06745
27.15	1.06751
27.14	1.06758
27.13	1.06765
27.12	1.06772
27.11	1.06778
27.1	1.06785
27.09	1.06792
27.08	1.06799
27.07	1.06805
27.06	1.06812
27.05	1.06819
27.04	1.06826
27.03	1.06832
27.02	1.06839
27.01	1.06846
27	1.06853
26.99	1.0686
26.98	1.06866
26.97	1.06873
26.96	1.0688
26.95	1.06887
26.94	1.06894
26.93	1.06901
26.92	1.06907
26.91	1.06914
26.9	1.06921
26.89	1.06928
26.88	1.06935
26.87	1.06942
26.86	1.06949
26.85	1.06955
26.84	1.06962
26.83	1.06969
26.82	1.06976
26.81	1.06983
26.8	1.0699
26.79	1.06997
26.78	1.07004
26.77	1.07011
26.76	1.07018
26.75	1.07025
26.74	1.07032
26.73	1.07038
26.72	1.07045
26.71	1.07052
26.7	1.07059
26.69	1.07066
26.68	1.07073
26.67	1.0708
26.66	1.07087
26.65	1.07094
26.64	1.07101
26.63	1.07108
26.62	1.07115
26.61	1.07122
26.6	1.07129
26.59	1.07136
26.58	1.07144
26.57	1.07151
26.56	1.07158
26.55	1.07165
26.54	1.07172
26.53	1.07179
26.52	1.07186
26.51	1.07193
26.5	1.072
26.49	1.07207
26.48	1.07214
26.47	1.07221
26.46	1.07229
26.45	1.07236
26.44	1.07243
26.43	1.0725
26.42	1.07257
26.41	1.07264
26.4	1.07271
26.39	1.07279
26.38	1.07286
26.37	1.07293
26.36	1.073
26.35	1.07307
26.34	1.07314
26.33	1.07322
26.32	1.07329
26.31	1.07336
26.3	1.07343
26.29	1.0735
26.28	1.07358
26.27	1.07365
26.26	1.07372
26.25	1.07379
26.24	1.07387
26.23	1.07394
26.22	1.07401
26.21	1.07408
26.2	1.07416
26.19	1.07423
26.18	1.0743
26.17	1.07438
26.16	1.07445
26.15	1.07452
26.14	1.0746
26.13	1.07467
26.12	1.07474
26.11	1.07482
26.1	1.07489
26.09	1.07496
26.08	1.07504
26.07	1.07511
26.06	1.07518
26.05	1.07526
26.04	1.07533
26.03	1.07541
26.02	1.07548
26.01	1.07555
26	1.07563
25.99	1.0757
25.98	1.07578
25.97	1.07585
25.96	1.07592
25.95	1.076
25.94	1.07607
25.93	1.07615
25.92	1.07622
25.91	1.0763
25.9	1.07637
25.89	1.07645
25.88	1.07652
25.87	1.0766
25.86	1.07667
25.85	1.07675
25.84	1.07682
25.83	1.0769
25.82	1.07697
25.81	1.07705
25.8	1.07712
25.79	1.0772
25.78	1.07727
25.77	1.07735
25.76	1.07743
25.75	1.0775
25.74	1.07758
25.73	1.07765
25.72	1.07773
25.71	1.0778
25.7	1.07788
25.69	1.07796
25.68	1.07803
25.67	1.07811
25.66	1.07819
25.65	1.07826
25.64	1.07834
25.63	1.07842
25.62	1.07849
25.61	1.07857
25.6	1.07865
25.59	1.07872
25.58	1.0788
25.57	1.07888
25.56	1.07895
25.55	1.07903
25.54	1.07911
25.53	1.07919
25.52	1.07926
25.51	1.07934
25.5	1.07942
25.49	1.0795
25.48	1.07957
25.47	1.07965
25.46	1.07973
25.45	1.07981
25.44	1.07988
25.43	1.07996
25.42	1.08004
25.41	1.08012
25.4	1.0802
25.39	1.08027
25.38	1.08035
25.37	1.08043
25.36	1.08051
25.35	1.08059
25.34	1.08067
25.33	1.08075
25.32	1.08082
25.31	1.0809
25.3	1.08098
25.29	1.08106
25.28	1.08114
25.27	1.08122
25.26	1.0813
25.25	1.08138
25.24	1.08146
25.23	1.08154
25.22	1.08162
25.21	1.0817
25.2	1.08177
25.19	1.08185
25.18	1.08193
25.17	1.08201
25.16	1.08209
25.15	1.08217
25.14	1.08225
25.13	1.08233
25.12	1.08241
25.11	1.08249
25.1	1.08258
25.09	1.08266
25.08	1.08274
25.07	1.08282
25.06	1.0829
25.05	1.08298
25.04	1.08306
25.03	1.08314
25.02	1.08322
25.01	1.0833
25	1.08338
24.99	1.08346
24.98	1.08355
24.97	1.08363
24.96	1.08371
24.95	1.08379
24.94	1.08387
24.93	1.08395
24.92	1.08403
24.91	1.08412
24.9	1.0842
24.89	1.08428
24.88	1.08436
24.87	1.08444
24.86	1.08453
24.85	1.08461
24.84	1.08469
24.83	1.08477
24.82	1.08486
24.81	1.08494
24.8	1.08502
24.79	1.0851
24.78	1.08519
24.77	1.08527
24.76	1.08535
24.75	1.08543
24.74	1.08552
24.73	1.0856
24.72	1.08568
24.71	1.08577
24.7	1.08585
24.69	1.08593
24.68	1.08602
24.67	1.0861
24.66	1.08619
24.65	1.08627
24.64	1.08635
24.63	1.08644
24.62	1.08652
24.61	1.08661
24.6	1.08669
24.59	1.08677
24.58	1.08686
24.57	1.08694
24.56	1.08703
24.55	1.08711
24.54	1.0872
24.53	1.08728
24.52	1.08737
24.51	1.08745
24.5	1.08754
24.49	1.08762
24.48	1.08771
24.47	1.08779
24.46	1.08788
24.45	1.08796
24.44	1.08805
24.43	1.08813
24.42	1.08822
24.41	1.0883
24.4	1.08839
24.39	1.08848
24.38	1.08856
24.37	1.08865
24.36	1.08873
24.35	1.08882
24.34	1.08891
24.33	1.08899
24.32	1.08908
24.31	1.08917
24.3	1.08925
24.29	1.08934
24.28	1.08943
24.27	1.08951
24.26	1.0896
24.25	1.08969
24.24	1.08977
24.23	1.08986
24.22	1.08995
24.21	1.09004
24.2	1.09012
24.19	1.09021
24.18	1.0903
24.17	1.09039
24.16	1.09047
24.15	1.09056
24.14	1.09065
24.13	1.09074
24.12	1.09083
24.11	1.09091
24.1	1.091
24.09	1.09109
24.08	1.09118
24.07	1.09127
24.06	1.09136
24.05	1.09144
24.04	1.09153
24.03	1.09162
24.02	1.09171
24.01	1.0918
24	1.09189
23.99	1.09198
23.98	1.09207
23.97	1.09216
23.96	1.09225
23.95	1.09234
23.94	1.09243
23.93	1.09252
23.92	1.09261
23.91	1.0927
23.9	1.09279
23.89	1.09288
23.88	1.09297
23.87	1.09306
23.86	1.09315
23.85	1.09324
23.84	1.09333
23.83	1.09342
23.82	1.09351
23.81	1.0936
23.8	1.09369
23.79	1.09378
23.78	1.09387
23.77	1.09396
23.76	1.09406
23.75	1.09415
23.74	1.09424
23.73	1.09433
23.72	1.09442
23.71	1.09451
23.7	1.0946
23.69	1.0947
23.68	1.09479
23.67	1.09488
23.66	1.09497
23.65	1.09506
23.64	1.09516
23.63	1.09525
23.62	1.09534
23.61	1.09543
23.6	1.09553
23.59	1.09562
23.58	1.09571
23.57	1.09581
23.56	1.0959
23.55	1.09599
23.54	1.09609
23.53	1.09618
23.52	1.09627
23.51	1.09637
23.5	1.09646
23.49	1.09655
23.48	1.09665
23.47	1.09674
23.46	1.09684
23.45	1.09693
23.44	1.09702
23.43	1.09712
23.42	1.09721
23.41	1.09731
23.4	1.0974
23.39	1.0975
23.38	1.09759
23.37	1.09769
23.36	1.09778
23.35	1.09788
23.34	1.09797
23.33	1.09807
23.32	1.09816
23.31	1.09826
23.3	1.09835
23.29	1.09845
23.28	1.09854
23.27	1.09864
23.26	1.09873
23.25	1.09883
23.24	1.09893
23.23	1.09902
23.22	1.09912
23.21	1.09922
23.2	1.09931
23.19	1.09941
23.18	1.09951
23.17	1.0996
23.16	1.0997
23.15	1.0998
23.14	1.09989
23.13	1.09999
23.12	1.10009
23.11	1.10018
23.1	1.10028
23.09	1.10038
23.08	1.10048
23.07	1.10058
23.06	1.10067
23.05	1.10077
23.04	1.10087
23.03	1.10097
23.02	1.10107
23.01	1.10116
23	1.10126
22.99	1.10136
22.98	1.10146
22.97	1.10156
22.96	1.10166
22.95	1.10176
22.94	1.10185
22.93	1.10195
22.92	1.10205
22.91	1.10215
22.9	1.10225
22.89	1.10235
22.88	1.10245
22.87	1.10255
22.86	1.10265
22.85	1.10275
22.84	1.10285
22.83	1.10295
22.82	1.10305
22.81	1.10315
22.8	1.10325
22.79	1.10335
22.78	1.10345
22.77	1.10355
22.76	1.10366
22.75	1.10376
22.74	1.10386
22.73	1.10396
22.72	1.10406
22.71	1.10416
22.7	1.10426
22.69	1.10436
22.68	1.10447
22.67	1.10457
22.66	1.10467
22.65	1.10477
22.64	1.10487
22.63	1.10498
22.62	1.10508
22.61	1.10518
22.6	1.10528
22.59	1.10539
22.58	1.10549
22.57	1.10559
22.56	1.1057
22.55	1.1058
22.54	1.1059
22.53	1.106
22.52	1.10611
22.51	1.10621
22.5	1.10632
22.49	1.10642
22.48	1.10652
22.47	1.10663
22.46	1.10673
22.45	1.10684
22.44	1.10694
22.43	1.10704
22.42	1.10715
22.41	1.10725
22.4	1.10736
22.39	1.10746
22.38	1.10757
22.37	1.10767
22.36	1.10778
22.35	1.10788
22.34	1.10799
22.33	1.10809
22.32	1.1082
22.31	1.10831
22.3	1.10841
22.29	1.10852
22.28	1.10862
22.27	1.10873
22.26	1.10884
22.25	1.10894
22.24	1.10905
22.23	1.10916
22.22	1.10926
22.21	1.10937
22.2	1.10948
22.19	1.10958
22.18	1.10969
22.17	1.1098
22.16	1.10991
22.15	1.11001
22.14	1.11012
22.13	1.11023
22.12	1.11034
22.11	1.11044
22.1	1.11055
22.09	1.11066
22.08	1.11077
22.07	1.11088
22.06	1.11099
22.05	1.11109
22.04	1.1112
22.03	1.11131
22.02	1.11142
22.01	1.11153
22	1.11164
21.99	1.11175
21.98	1.11186
21.97	1.11197
21.96	1.11208
21.95	1.11219
21.94	1.1123
21.93	1.11241
21.92	1.11252
21.91	1.11263
21.9	1.11274
21.89	1.11285
21.88	1.11296
21.87	1.11307
21.86	1.11318
21.85	1.11329
21.84	1.1134
21.83	1.11352
21.82	1.11363
21.81	1.11374
21.8	1.11385
21.79	1.11396
21.78	1.11407
21.77	1.11419
21.76	1.1143
21.75	1.11441
21.74	1.11452
21.73	1.11463
21.72	1.11475
21.71	1.11486
21.7	1.11497
21.69	1.11509
21.68	1.1152
21.67	1.11531
21.66	1.11543
21.65	1.11554
21.64	1.11565
21.63	1.11577
21.62	1.11588
21.61	1.11599
21.6	1.11611
21.59	1.11622
21.58	1.11634
21.57	1.11645
21.56	1.11657
21.55	1.11668
21.54	1.1168
21.53	1.11691
21.52	1.11703
21.51	1.11714
21.5	1.11726
21.49	1.11737
21.48	1.11749
21.47	1.1176
21.46	1.11772
21.45	1.11784
21.44	1.11795
21.43	1.11807
21.42	1.11818
21.41	1.1183
21.4	1.11842
21.39	1.11853
21.38	1.11865
21.37	1.11877
21.36	1.11889
21.35	1.119
21.34	1.11912
21.33	1.11924
21.32	1.11936
21.31	1.11947
21.3	1.11959
21.29	1.11971
21.28	1.11983
21.27	1.11995
21.26	1.12006
21.25	1.12018
21.24	1.1203
21.23	1.12042
21.22	1.12054
21.21	1.12066
21.2	1.12078
21.19	1.1209
21.18	1.12102
21.17	1.12114
21.16	1.12126
21.15	1.12138
21.14	1.1215
21.13	1.12162
21.12	1.12174
21.11	1.12186
21.1	1.12198
21.09	1.1221
21.08	1.12222
21.07	1.12234
21.06	1.12246
21.05	1.12258
21.04	1.1227
21.03	1.12283
21.02	1.12295
21.01	1.12307
21	1.12319
20.99	1.12331
20.98	1.12344
20.97	1.12356
20.96	1.12368
20.95	1.1238
20.94	1.12393
20.93	1.12405
20.92	1.12417
20.91	1.1243
20.9	1.12442
20.89	1.12454
20.88	1.12467
20.87	1.12479
20.86	1.12491
20.85	1.12504
20.84	1.12516
20.83	1.12529
20.82	1.12541
20.81	1.12554
20.8	1.12566
20.79	1.12579
20.78	1.12591
20.77	1.12604
20.76	1.12616
20.75	1.12629
20.74	1.12641
20.73	1.12654
20.72	1.12666
20.71	1.12679
20.7	1.12692
20.69	1.12704
20.68	1.12717
20.67	1.1273
20.66	1.12742
20.65	1.12755
20.64	1.12768
20.63	1.1278
20.62	1.12793
20.61	1.12806
20.6	1.12819
20.59	1.12831
20.58	1.12844
20.57	1.12857
20.56	1.1287
20.55	1.12883
20.54	1.12896
20.53	1.12909
20.52	1.12921
20.51	1.12934
20.5	1.12947
20.49	1.1296
20.48	1.12973
20.47	1.12986
20.46	1.12999
20.45	1.13012
20.44	1.13025
20.43	1.13038
20.42	1.13051
20.41	1.13064
20.4	1.13077
20.39	1.1309
20.38	1.13103
20.37	1.13117
20.36	1.1313
20.35	1.13143
20.34	1.13156
20.33	1.13169
20.32	1.13182
20.31	1.13196
20.3	1.13209
20.29	1.13222
20.28	1.13235
20.27	1.13249
20.26	1.13262
20.25	1.13275
20.24	1.13288
20.23	1.13302
20.22	1.13315
20.21	1.13329
20.2	1.13342
20.19	1.13355
20.18	1.13369
20.17	1.13382
20.16	1.13396
20.15	1.13409
20.14	1.13423
20.13	1.13436
20.12	1.1345
20.11	1.13463
20.1	1.13477
20.09	1.1349
20.08	1.13504
20.07	1.13517
20.06	1.13531
20.05	1.13545
20.04	1.13558
20.03	1.13572
20.02	1.13586
20.01	1.13599
20	1.13613
19.99	1.13627
19.98	1.1364
19.97	1.13654
19.96	1.13668
19.95	1.13682
19.94	1.13696
19.93	1.13709
19.92	1.13723
19.91	1.13737
19.9	1.13751
19.89	1.13765
19.88	1.13779
19.87	1.13793
19.86	1.13807
19.85	1.13821
19.84	1.13835
19.83	1.13848
19.82	1.13863
19.81	1.13877
19.8	1.13891
19.79	1.13905
19.78	1.13919
19.77	1.13933
19.76	1.13947
19.75	1.13961
19.74	1.13975
19.73	1.13989
19.72	1.14004
19.71	1.14018
19.7	1.14032
19.69	1.14046
19.68	1.1406
19.67	1.14075
19.66	1.14089
19.65	1.14103
19.64	1.14118
19.63	1.14132
19.62	1.14146
19.61	1.14161
19.6	1.14175
19.59	1.14189
19.58	1.14204
19.57	1.14218
19.56	1.14233
19.55	1.14247
19.54	1.14262
19.53	1.14276
19.52	1.14291
19.51	1.14305
19.5	1.1432
19.49	1.14334
19.48	1.14349
19.47	1.14364
19.46	1.14378
19.45	1.14393
19.44	1.14408
19.43	1.14422
19.42	1.14437
19.41	1.14452
19.4	1.14466
19.39	1.14481
19.38	1.14496
19.37	1.14511
19.36	1.14526
19.35	1.1454
19.34	1.14555
19.33	1.1457
19.32	1.14585
19.31	1.146
19.3	1.14615
19.29	1.1463
19.28	1.14645
19.27	1.1466
19.26	1.14675
19.25	1.1469
19.24	1.14705
19.23	1.1472
19.22	1.14735
19.21	1.1475
19.2	1.14765
19.19	1.1478
19.18	1.14796
19.17	1.14811
19.16	1.14826
19.15	1.14841
19.14	1.14856
19.13	1.14872
19.12	1.14887
19.11	1.14902
19.1	1.14918
19.09	1.14933
19.08	1.14948
19.07	1.14964
19.06	1.14979
19.05	1.14994
19.04	1.1501
19.03	1.15025
19.02	1.15041
19.01	1.15056
19	1.15072
18.99	1.15087
18.98	1.15103
18.97	1.15118
18.96	1.15134
18.95	1.1515
18.94	1.15165
18.93	1.15181
18.92	1.15197
18.91	1.15212
18.9	1.15228
18.89	1.15244
18.88	1.15259
18.87	1.15275
18.86	1.15291
18.85	1.15307
18.84	1.15323
18.83	1.15338
18.82	1.15354
18.81	1.1537
18.8	1.15386
18.79	1.15402
18.78	1.15418
18.77	1.15434
18.76	1.1545
18.75	1.15466
18.74	1.15482
18.73	1.15498
18.72	1.15514
18.71	1.1553
18.7	1.15546
18.69	1.15563
18.68	1.15579
18.67	1.15595
18.66	1.15611
18.65	1.15627
18.64	1.15644
18.63	1.1566
18.62	1.15676
18.61	1.15692
18.6	1.15709
18.59	1.15725
18.58	1.15741
18.57	1.15758
18.56	1.15774
18.55	1.15791
18.54	1.15807
18.53	1.15824
18.52	1.1584
18.51	1.15857
18.5	1.15873
18.49	1.1589
18.48	1.15906
18.47	1.15923
18.46	1.1594
18.45	1.15956
18.44	1.15973
18.43	1.1599
18.42	1.16006
18.41	1.16023
18.4	1.1604
18.39	1.16057
18.38	1.16073
18.37	1.1609
18.36	1.16107
18.35	1.16124
18.34	1.16141
18.33	1.16158
18.32	1.16175
18.31	1.16192
18.3	1.16209
18.29	1.16226
18.28	1.16243
18.27	1.1626
18.26	1.16277
18.25	1.16294
18.24	1.16311
18.23	1.16328
18.22	1.16346
18.21	1.16363
18.2	1.1638
18.19	1.16397
18.18	1.16414
18.17	1.16432
18.16	1.16449
18.15	1.16466
18.14	1.16484
18.13	1.16501
18.12	1.16518
18.11	1.16536
18.1	1.16553
18.09	1.16571
18.08	1.16588
18.07	1.16606
18.06	1.16623
18.05	1.16641
18.04	1.16659
18.03	1.16676
18.02	1.16694
18.01	1.16712
18	1.16729
17.99	1.16747
17.98	1.16765
17.97	1.16782
17.96	1.168
17.95	1.16818
17.94	1.16836
17.93	1.16854
17.92	1.16872
17.91	1.1689
17.9	1.16907
17.89	1.16925
17.88	1.16943
17.87	1.16961
17.86	1.16979
17.85	1.16997
17.84	1.17016
17.83	1.17034
17.82	1.17052
17.81	1.1707
17.8	1.17088
17.79	1.17106
17.78	1.17125
17.77	1.17143
17.76	1.17161
17.75	1.17179
17.74	1.17198
17.73	1.17216
17.72	1.17234
17.71	1.17253
17.7	1.17271
17.69	1.1729
17.68	1.17308
17.67	1.17327
17.66	1.17345
17.65	1.17364
17.64	1.17382
17.63	1.17401
17.62	1.1742
17.61	1.17438
17.6	1.17457
17.59	1.17476
17.58	1.17495
17.57	1.17513
17.56	1.17532
17.55	1.17551
17.54	1.1757
17.53	1.17589
17.52	1.17608
17.51	1.17627
17.5	1.17645
17.49	1.17664
17.48	1.17683
17.47	1.17702
17.46	1.17722
17.45	1.17741
17.44	1.1776
17.43	1.17779
17.42	1.17798
17.41	1.17817
17.4	1.17837
17.39	1.17856
17.38	1.17875
17.37	1.17894
17.36	1.17914
17.35	1.17933
17.34	1.17952
17.33	1.17972
17.32	1.17991
17.31	1.18011
17.3	1.1803
17.29	1.1805
17.28	1.18069
17.27	1.18089
17.26	1.18109
17.25	1.18128
17.24	1.18148
17.23	1.18168
17.22	1.18187
17.21	1.18207
17.2	1.18227
17.19	1.18247
17.18	1.18267
17.17	1.18286
17.16	1.18306
17.15	1.18326
17.14	1.18346
17.13	1.18366
17.12	1.18386
17.11	1.18406
17.1	1.18426
17.09	1.18446
17.08	1.18466
17.07	1.18487
17.06	1.18507
17.05	1.18527
17.04	1.18547
17.03	1.18568
17.02	1.18588
17.01	1.18608
17	1.18629
16.99	1.18649
16.98	1.18669
16.97	1.1869
16.96	1.1871
16.95	1.18731
16.94	1.18751
16.93	1.18772
16.92	1.18793
16.91	1.18813
16.9	1.18834
16.89	1.18855
16.88	1.18875
16.87	1.18896
16.86	1.18917
16.85	1.18938
16.84	1.18959
16.83	1.18979
16.82	1.19
16.81	1.19021
16.8	1.19042
16.79	1.19063
16.78	1.19084
16.77	1.19105
16.76	1.19126
16.75	1.19148
16.74	1.19169
16.73	1.1919
16.72	1.19211
16.71	1.19232
16.7	1.19254
16.69	1.19275
16.68	1.19296
16.67	1.19318
16.66	1.19339
16.65	1.19361
16.64	1.19382
16.63	1.19404
16.62	1.19425
16.61	1.19447
16.6	1.19468
16.59	1.1949
16.58	1.19512
16.57	1.19533
16.56	1.19555
16.55	1.19577
16.54	1.19599
16.53	1.1962
16.52	1.19642
16.51	1.19664
16.5	1.19686
16.49	1.19708
16.48	1.1973
16.47	1.19752
16.46	1.19774
16.45	1.19796
16.44	1.19818
16.43	1.19841
16.42	1.19863
16.41	1.19885
16.4	1.19907
16.39	1.1993
16.38	1.19952
16.37	1.19974
16.36	1.19997
16.35	1.20019
16.34	1.20042
16.33	1.20064
16.32	1.20087
16.31	1.20109
16.3	1.20132
16.29	1.20155
16.28	1.20177
16.27	1.202
16.26	1.20223
16.25	1.20245
16.24	1.20268
16.23	1.20291
16.22	1.20314
16.21	1.20337
16.2	1.2036
16.19	1.20383
16.18	1.20406
16.17	1.20429
16.16	1.20452
16.15	1.20475
16.14	1.20498
16.13	1.20522
16.12	1.20545
16.11	1.20568
16.1	1.20592
16.09	1.20615
16.08	1.20638
16.07	1.20662
16.06	1.20685
16.05	1.20709
16.04	1.20732
16.03	1.20756
16.02	1.20779
16.01	1.20803
16	1.20827
15.99	1.20851
15.98	1.20874
15.97	1.20898
15.96	1.20922
15.95	1.20946
15.94	1.2097
15.93	1.20994
15.92	1.21018
15.91	1.21042
15.9	1.21066
15.89	1.2109
15.88	1.21114
15.87	1.21138
15.86	1.21162
15.85	1.21187
15.84	1.21211
15.83	1.21235
15.82	1.2126
15.81	1.21284
15.8	1.21309
15.79	1.21333
15.78	1.21358
15.77	1.21382
15.76	1.21407
15.75	1.21431
15.74	1.21456
15.73	1.21481
15.72	1.21506
15.71	1.2153
15.7	1.21555
15.69	1.2158
15.68	1.21605
15.67	1.2163
15.66	1.21655
15.65	1.2168
15.64	1.21705
15.63	1.2173
15.62	1.21756
15.61	1.21781
15.6	1.21806
15.59	1.21831
15.58	1.21857
15.57	1.21882
15.56	1.21907
15.55	1.21933
15.54	1.21958
15.53	1.21984
15.52	1.2201
15.51	1.22035
15.5	1.22061
15.49	1.22087
15.48	1.22112
15.47	1.22138
15.46	1.22164
15.45	1.2219
15.44	1.22216
15.43	1.22242
15.42	1.22268
15.41	1.22294
15.4	1.2232
15.39	1.22346
15.38	1.22372
15.37	1.22398
15.36	1.22425
15.35	1.22451
15.34	1.22477
15.33	1.22504
15.32	1.2253
15.31	1.22557
15.3	1.22583
15.29	1.2261
15.28	1.22636
15.27	1.22663
15.26	1.2269
15.25	1.22716
15.24	1.22743
15.23	1.2277
15.22	1.22797
15.21	1.22824
15.2	1.22851
15.19	1.22878
15.18	1.22905
15.17	1.22932
15.16	1.22959
15.15	1.22986
15.14	1.23014
15.13	1.23041
15.12	1.23068
15.11	1.23096
15.1	1.23123
15.09	1.23151
15.08	1.23178
15.07	1.23206
15.06	1.23233
15.05	1.23261
15.04	1.23289
15.03	1.23317
15.02	1.23344
15.01	1.23372
15	1.234
14.99	1.23428
14.98	1.23456
14.97	1.23484
14.96	1.23512
14.95	1.2354
14.94	1.23568
14.93	1.23597
14.92	1.23625
14.91	1.23653
14.9	1.23682
14.89	1.2371
14.88	1.23739
14.87	1.23767
14.86	1.23796
14.85	1.23824
14.84	1.23853
14.83	1.23882
14.82	1.23911
14.81	1.23939
14.8	1.23968
14.79	1.23997
14.78	1.24026
14.77	1.24055
14.76	1.24084
14.75	1.24113
14.74	1.24143
14.73	1.24172
14.72	1.24201
14.71	1.2423
14.7	1.2426
14.69	1.24289
14.68	1.24319
14.67	1.24348
14.66	1.24378
14.65	1.24408
14.64	1.24437
14.63	1.24467
14.62	1.24497
14.61	1.24527
14.6	1.24557
14.59	1.24586
14.58	1.24616
14.57	1.24647
14.56	1.24677
14.55	1.24707
14.54	1.24737
14.53	1.24767
14.52	1.24798
14.51	1.24828
14.5	1.24858
14.49	1.24889
14.48	1.2492
14.47	1.2495
14.46	1.24981
14.45	1.25011
14.44	1.25042
14.43	1.25073
14.42	1.25104
14.41	1.25135
14.4	1.25166
14.39	1.25197
14.38	1.25228
14.37	1.25259
14.36	1.2529
14.35	1.25322
14.34	1.25353
14.33	1.25384
14.32	1.25416
14.31	1.25447
14.3	1.25479
14.29	1.2551
14.28	1.25542
14.27	1.25574
14.26	1.25606
14.25	1.25637
14.24	1.25669
14.23	1.25701
14.22	1.25733
14.21	1.25765
14.2	1.25798
14.19	1.2583
14.18	1.25862
14.17	1.25894
14.16	1.25927
14.15	1.25959
14.14	1.25992
14.13	1.26024
14.12	1.26057
14.11	1.26089
14.1	1.26122
14.09	1.26155
14.08	1.26188
14.07	1.26221
14.06	1.26254
14.05	1.26287
14.04	1.2632
14.03	1.26353
14.02	1.26386
14.01	1.26419
14	1.26453
13.99	1.26486
13.98	1.2652
13.97	1.26553
13.96	1.26587
13.95	1.2662
13.94	1.26654
13.93	1.26688
13.92	1.26722
13.91	1.26755
13.9	1.26789
13.89	1.26823
13.88	1.26858
13.87	1.26892
13.86	1.26926
13.85	1.2696
13.84	1.26995
13.83	1.27029
13.82	1.27063
13.81	1.27098
13.8	1.27133
13.79	1.27167
13.78	1.27202
13.77	1.27237
13.76	1.27272
13.75	1.27307
13.74	1.27342
13.73	1.27377
13.72	1.27412
13.71	1.27447
13.7	1.27482
13.69	1.27518
13.68	1.27553
13.67	1.27589
13.66	1.27624
13.65	1.2766
13.64	1.27695
13.63	1.27731
13.62	1.27767
13.61	1.27803
13.6	1.27839
13.59	1.27875
13.58	1.27911
13.57	1.27947
13.56	1.27983
13.55	1.2802
13.54	1.28056
13.53	1.28093
13.52	1.28129
13.51	1.28166
13.5	1.28202
13.49	1.28239
13.48	1.28276
13.47	1.28313
13.46	1.2835
13.45	1.28387
13.44	1.28424
13.43	1.28461
13.42	1.28498
13.41	1.28536
13.4	1.28573
13.39	1.2861
13.38	1.28648
13.37	1.28686
13.36	1.28723
13.35	1.28761
13.34	1.28799
13.33	1.28837
13.32	1.28875
13.31	1.28913
13.3	1.28951
13.29	1.28989
13.28	1.29027
13.27	1.29066
13.26	1.29104
13.25	1.29143
13.24	1.29181
13.23	1.2922
13.22	1.29259
13.21	1.29298
13.2	1.29336
13.19	1.29375
13.18	1.29414
13.17	1.29454
13.16	1.29493
13.15	1.29532
13.14	1.29571
13.13	1.29611
13.12	1.2965
13.11	1.2969
13.1	1.2973
13.09	1.2977
13.08	1.29809
13.07	1.29849
13.06	1.29889
13.05	1.29929
13.04	1.2997
13.03	1.3001
13.02	1.3005
13.01	1.30091
13	1.30131
12.99	1.30172
12.98	1.30213
12.97	1.30253
12.96	1.30294
12.95	1.30335
12.94	1.30376
12.93	1.30417
12.92	1.30458
12.91	1.305
12.9	1.30541
12.89	1.30582
12.88	1.30624
12.87	1.30666
12.86	1.30707
12.85	1.30749
12.84	1.30791
12.83	1.30833
12.82	1.30875
12.81	1.30917
12.8	1.30959
12.79	1.31002
12.78	1.31044
12.77	1.31086
12.76	1.31129
12.75	1.31172
12.74	1.31214
12.73	1.31257
12.72	1.313
12.71	1.31343
12.7	1.31386
12.69	1.3143
12.68	1.31473
12.67	1.31516
12.66	1.3156
12.65	1.31603
12.64	1.31647
12.63	1.31691
12.62	1.31735
12.61	1.31779
12.6	1.31823
12.59	1.31867
12.58	1.31911
12.57	1.31955
12.56	1.32
12.55	1.32044
12.54	1.32089
12.53	1.32134
12.52	1.32178
12.51	1.32223
12.5	1.32268
12.49	1.32313
12.48	1.32359
12.47	1.32404
12.46	1.32449
12.45	1.32495
12.44	1.3254
12.43	1.32586
12.42	1.32632
12.41	1.32678
12.4	1.32724
12.39	1.3277
12.38	1.32816
12.37	1.32862
12.36	1.32909
12.35	1.32955
12.34	1.33002
12.33	1.33048
12.32	1.33095
12.31	1.33142
12.3	1.33189
12.29	1.33236
12.28	1.33283
12.27	1.33331
12.26	1.33378
12.25	1.33426
12.24	1.33473
12.23	1.33521
12.22	1.33569
12.21	1.33617
12.2	1.33665
12.19	1.33713
12.18	1.33761
12.17	1.3381
12.16	1.33858
12.15	1.33907
12.14	1.33955
12.13	1.34004
12.12	1.34053
12.11	1.34102
12.1	1.34151
12.09	1.34201
12.08	1.3425
12.07	1.34299
12.06	1.34349
12.05	1.34399
12.04	1.34448
12.03	1.34498
12.02	1.34548
12.01	1.34599
12	1.34649
11.99	1.34699
11.98	1.3475
11.97	1.348
11.96	1.34851
11.95	1.34902
11.94	1.34953
11.93	1.35004
11.92	1.35055
11.91	1.35106
11.9	1.35158
11.89	1.35209
11.88	1.35261
11.87	1.35313
11.86	1.35365
11.85	1.35417
11.84	1.35469
11.83	1.35521
11.82	1.35574
11.81	1.35626
11.8	1.35679
11.79	1.35731
11.78	1.35784
11.77	1.35837
11.76	1.3589
11.75	1.35944
11.74	1.35997
11.73	1.36051
11.72	1.36104
11.71	1.36158
11.7	1.36212
11.69	1.36266
11.68	1.3632
11.67	1.36374
11.66	1.36429
11.65	1.36483
11.64	1.36538
11.63	1.36593
11.62	1.36647
11.61	1.36702
11.6	1.36758
11.59	1.36813
11.58	1.36868
11.57	1.36924
11.56	1.3698
11.55	1.37035
11.54	1.37091
11.53	1.37148
11.52	1.37204
11.51	1.3726
11.5	1.37317
11.49	1.37373
11.48	1.3743
11.47	1.37487
11.46	1.37544
11.45	1.37601
11.44	1.37659
11.43	1.37716
11.42	1.37774
11.41	1.37831
11.4	1.37889
11.39	1.37947
11.38	1.38005
11.37	1.38064
11.36	1.38122
11.35	1.38181
11.34	1.3824
11.33	1.38298
11.32	1.38358
11.31	1.38417
11.3	1.38476
11.29	1.38536
11.28	1.38595
11.27	1.38655
11.26	1.38715
11.25	1.38775
11.24	1.38835
11.23	1.38895
11.22	1.38956
11.21	1.39017
11.2	1.39077
11.19	1.39138
11.18	1.392
11.17	1.39261
11.16	1.39322
11.15	1.39384
11.14	1.39446
11.13	1.39508
11.12	1.3957
11.11	1.39632
11.1	1.39694
11.09	1.39757
11.08	1.39819
11.07	1.39882
11.06	1.39945
11.05	1.40008
11.04	1.40072
11.03	1.40135
11.02	1.40199
11.01	1.40263
11	1.40327
10.99	1.40391
10.98	1.40455
10.97	1.4052
10.96	1.40584
10.95	1.40649
10.94	1.40714
10.93	1.40779
10.92	1.40844
10.91	1.4091
10.9	1.40976
10.89	1.41041
10.88	1.41107
10.87	1.41173
10.86	1.4124
10.85	1.41306
10.84	1.41373
10.83	1.4144
10.82	1.41507
10.81	1.41574
10.8	1.41641
10.79	1.41709
10.78	1.41777
10.77	1.41845
10.76	1.41913
10.75	1.41981
10.74	1.42049
10.73	1.42118
10.72	1.42187
10.71	1.42256
10.7	1.42325
10.69	1.42394
10.68	1.42464
10.67	1.42534
10.66	1.42604
10.65	1.42674
10.64	1.42744
10.63	1.42815
10.62	1.42885
10.61	1.42956
10.6	1.43027
10.59	1.43098
10.58	1.4317
10.57	1.43242
10.56	1.43313
10.55	1.43385
10.54	1.43458
10.53	1.4353
10.52	1.43603
10.51	1.43676
10.5	1.43749
10.49	1.43822
10.48	1.43895
10.47	1.43969
10.46	1.44043
10.45	1.44117
10.44	1.44191
10.43	1.44265
10.42	1.4434
10.41	1.44415
10.4	1.4449
10.39	1.44565
10.38	1.44641
10.37	1.44716
10.36	1.44792
10.35	1.44868
10.34	1.44945
10.33	1.45021
10.32	1.45098
10.31	1.45175
10.3	1.45252
10.29	1.45329
10.28	1.45407
10.27	1.45485
10.26	1.45563
10.25	1.45641
10.24	1.4572
10.23	1.45798
10.22	1.45877
10.21	1.45956
10.2	1.46036
10.19	1.46115
10.18	1.46195
10.17	1.46275
10.16	1.46356
10.15	1.46436
10.14	1.46517
10.13	1.46598
10.12	1.46679
10.11	1.46761
10.1	1.46842
10.09	1.46924
10.08	1.47006
10.07	1.47089
10.06	1.47171
10.05	1.47254
10.04	1.47337
10.03	1.47421
10.02	1.47504
10.01	1.47588
10	1.47672
9.99	1.47757
9.98	1.47841
9.97	1.47926
9.96	1.48011
9.95	1.48097
9.94	1.48182
9.93	1.48268
9.92	1.48354
9.91	1.48441
9.9	1.48527
9.89	1.48614
9.88	1.48701
9.87	1.48789
9.86	1.48876
9.85	1.48964
9.84	1.49052
9.83	1.49141
9.82	1.49229
9.81	1.49318
9.8	1.49408
9.79	1.49497
9.78	1.49587
9.77	1.49677
9.76	1.49767
9.75	1.49858
9.74	1.49949
9.73	1.5004
9.72	1.50131
9.71	1.50223
9.7	1.50315
9.69	1.50407
9.68	1.505
9.67	1.50593
9.66	1.50686
9.65	1.50779
9.64	1.50873
9.63	1.50967
9.62	1.51061
9.61	1.51156
9.6	1.51251
9.59	1.51346
9.58	1.51442
9.57	1.51537
9.56	1.51633
9.55	1.5173
9.54	1.51826
9.53	1.51923
9.52	1.52021
9.51	1.52118
9.5	1.52216
9.49	1.52314
9.48	1.52413
9.47	1.52512
9.46	1.52611
9.45	1.5271
9.44	1.5281
9.43	1.5291
9.42	1.53011
9.41	1.53111
9.4	1.53212
9.39	1.53314
9.38	1.53415
9.37	1.53517
9.36	1.5362
9.35	1.53722
9.34	1.53825
9.33	1.53929
9.32	1.54033
9.31	1.54137
9.3	1.54241
9.29	1.54346
9.28	1.54451
9.27	1.54556
9.26	1.54662
9.25	1.54768
9.24	1.54874
9.23	1.54981
9.22	1.55088
9.21	1.55196
9.2	1.55304
9.19	1.55412
9.18	1.5552
9.17	1.55629
9.16	1.55739
9.15	1.55848
9.14	1.55958
9.13	1.56069
9.12	1.56179
9.11	1.5629
9.1	1.56402
9.09	1.56514
9.08	1.56626
9.07	1.56739
9.06	1.56852
9.05	1.56965
9.04	1.57079
9.03	1.57193
9.02	1.57308
9.01	1.57423
9	1.57538
8.99	1.57654
8.98	1.5777
8.97	1.57886
8.96	1.58003
8.95	1.58121
8.94	1.58238
8.93	1.58356
8.92	1.58475
8.91	1.58594
8.9	1.58713
8.89	1.58833
8.88	1.58953
8.87	1.59074
8.86	1.59195
8.85	1.59316
8.84	1.59438
8.83	1.59561
8.82	1.59684
8.81	1.59807
8.8	1.5993
8.79	1.60054
8.78	1.60179
8.77	1.60304
8.76	1.60429
8.75	1.60555
8.74	1.60681
8.73	1.60808
8.72	1.60935
8.71	1.61063
8.7	1.61191
8.69	1.6132
8.68	1.61449
8.67	1.61578
8.66	1.61708
8.65	1.61839
8.64	1.6197
8.63	1.62101
8.62	1.62233
8.61	1.62365
8.6	1.62498
8.59	1.62632
8.58	1.62765
8.57	1.629
8.56	1.63035
8.55	1.6317
8.54	1.63306
8.53	1.63442
8.52	1.63579
8.51	1.63716
8.5	1.63854
8.49	1.63992
8.48	1.64131
8.47	1.64271
8.46	1.64411
8.45	1.64551
8.44	1.64692
8.43	1.64834
8.42	1.64976
8.41	1.65118
8.4	1.65261
8.39	1.65405
8.38	1.65549
8.37	1.65694
8.36	1.65839
8.35	1.65985
8.34	1.66132
8.33	1.66279
8.32	1.66426
8.31	1.66574
8.3	1.66723
8.29	1.66872
8.28	1.67022
8.27	1.67173
8.26	1.67324
8.25	1.67476
8.24	1.67628
8.23	1.67781
8.22	1.67934
8.21	1.68088
8.2	1.68243
8.19	1.68398
8.18	1.68554
8.17	1.6871
8.16	1.68867
8.15	1.69025
8.14	1.69184
8.13	1.69343
8.12	1.69502
8.11	1.69662
8.1	1.69823
8.09	1.69985
8.08	1.70147
8.07	1.7031
8.06	1.70474
8.05	1.70638
8.04	1.70803
8.03	1.70968
8.02	1.71135
8.01	1.71301
8	1.71469
7.99	1.71637
7.98	1.71806
7.97	1.71976
7.96	1.72146
7.95	1.72317
7.94	1.72489
7.93	1.72662
7.92	1.72835
7.91	1.73009
7.9	1.73184
7.89	1.73359
7.88	1.73535
7.87	1.73712
7.86	1.7389
7.85	1.74068
7.84	1.74247
7.83	1.74427
7.82	1.74608
7.81	1.74789
7.8	1.74972
7.79	1.75155
7.78	1.75338
7.77	1.75523
7.76	1.75708
7.75	1.75895
7.74	1.76082
7.73	1.76269
7.72	1.76458
7.71	1.76647
7.7	1.76838
7.69	1.77029
7.68	1.77221
7.67	1.77414
7.66	1.77607
7.65	1.77802
7.64	1.77997
7.63	1.78193
7.62	1.7839
7.61	1.78588
7.6	1.78787
7.59	1.78987
7.58	1.79188
7.57	1.79389
7.56	1.79592
7.55	1.79795
7.54	1.79999
7.53	1.80204
7.52	1.80411
7.51	1.80618
7.5	1.80826
7.49	1.81035
7.48	1.81245
7.47	1.81456
7.46	1.81667
7.45	1.8188
7.44	1.82094
7.43	1.82309
7.42	1.82525
7.41	1.82742
7.4	1.8296
7.39	1.83178
7.38	1.83398
7.37	1.83619
7.36	1.83841
7.35	1.84064
7.34	1.84288
7.33	1.84514
7.32	1.8474
7.31	1.84967
7.3	1.85195
7.29	1.85425
7.28	1.85656
7.27	1.85887
7.26	1.8612
7.25	1.86354
7.24	1.86589
7.23	1.86825
7.22	1.87063
7.21	1.87301
7.2	1.87541
7.19	1.87782
7.18	1.88024
7.17	1.88267
7.16	1.88512
7.15	1.88757
7.14	1.89004
7.13	1.89252
7.12	1.89502
7.11	1.89752
7.1	1.90004
7.09	1.90257
7.08	1.90512
7.07	1.90768
7.06	1.91025
7.05	1.91283
7.04	1.91542
7.03	1.91803
7.02	1.92066
7.01	1.92329
7	1.92594
6.99	1.92861
6.98	1.93129
6.97	1.93398
6.96	1.93668
6.95	1.9394
6.94	1.94214
6.93	1.94488
6.92	1.94765
6.91	1.95042
6.9	1.95322
6.89	1.95602
6.88	1.95884
6.87	1.96168
6.86	1.96453
6.85	1.9674
6.84	1.97028
6.83	1.97318
6.82	1.97609
6.81	1.97902
6.8	1.98197
6.79	1.98493
6.78	1.98791
6.77	1.9909
6.76	1.99391
6.75	1.99694
6.74	1.99998
6.73	2.00304
6.72	2.00612
6.71	2.00921
6.7	2.01233
6.69	2.01546
6.68	2.0186
6.67	2.02177
6.66	2.02495
6.65	2.02815
6.64	2.03137
6.63	2.03461
6.62	2.03786
6.61	2.04114
6.6	2.04443
6.59	2.04774
6.58	2.05107
6.57	2.05442
6.56	2.05779
6.55	2.06118
6.54	2.06459
6.53	2.06802
6.52	2.07147
6.51	2.07494
6.5	2.07843
6.49	2.08194
6.48	2.08547
6.47	2.08903
6.46	2.0926
6.45	2.0962
6.44	2.09982
6.43	2.10345
6.42	2.10712
6.41	2.1108
6.4	2.11451
6.39	2.11824
6.38	2.12199
6.37	2.12576
6.36	2.12956
6.35	2.13338
6.34	2.13723
6.33	2.1411
6.32	2.14499
6.31	2.14891
6.3	2.15286
6.29	2.15682
6.28	2.16082
6.27	2.16484
6.26	2.16888
6.25	2.17295
6.24	2.17705
6.23	2.18117
6.22	2.18532
6.21	2.1895
6.2	2.1937
6.19	2.19793
6.18	2.20219
6.17	2.20648
6.16	2.21079
6.15	2.21514
6.14	2.21951
6.13	2.22391
6.12	2.22835
6.11	2.23281
6.1	2.2373
6.09	2.24182
6.08	2.24637
6.07	2.25096
6.06	2.25557
6.05	2.26022
6.04	2.2649
6.03	2.26961
6.02	2.27435
6.01	2.27913
6	2.28394
5.99	2.28878
5.98	2.29366
5.97	2.29858
5.96	2.30352
5.95	2.30851
5.94	2.31352
5.93	2.31858
5.92	2.32367
5.91	2.3288
5.9	2.33396
5.89	2.33917
5.88	2.34441
5.87	2.34969
5.86	2.355
5.85	2.36036
5.84	2.36576
5.83	2.3712
5.82	2.37667
5.81	2.38219
5.8	2.38776
5.79	2.39336
5.78	2.39901
5.77	2.4047
5.76	2.41043
5.75	2.41621
5.74	2.42203
5.73	2.4279
5.72	2.43381
5.71	2.43977
5.7	2.44578
5.69	2.45183
5.68	2.45793
5.67	2.46409
5.66	2.47029
5.65	2.47654
5.64	2.48284
5.63	2.48919
5.62	2.49559
5.61	2.50205
5.6	2.50856
5.59	2.51512
5.58	2.52174
5.57	2.52842
5.56	2.53515
5.55	2.54193
5.54	2.54878
5.53	2.55568
5.52	2.56264
5.51	2.56966
5.5	2.57674
5.49	2.58388
5.48	2.59109
5.47	2.59836
5.46	2.60569
5.45	2.61309
5.44	2.62055
5.43	2.62808
5.42	2.63568
5.41	2.64334
5.4	2.65108
5.39	2.65888
5.38	2.66676
5.37	2.67471
5.36	2.68274
5.35	2.69084
5.34	2.69901
5.33	2.70726
5.32	2.71559
5.31	2.724
5.3	2.73249
5.29	2.74106
5.28	2.74972
5.27	2.75846
5.26	2.76728
5.25	2.77619
5.24	2.78519
5.23	2.79428
5.22	2.80346
5.21	2.81274
5.2	2.8221
5.19	2.83157
5.18	2.84113
5.17	2.85079
5.16	2.86055
5.15	2.87041
5.14	2.88037
5.13	2.89045
5.12	2.90062
5.11	2.91091
5.1	2.92131
5.09	2.93183
5.08	2.94245
5.07	2.9532
5.06	2.96406
5.05	2.97505
5.04	2.98616
5.03	2.99739
5.02	3.00876
5.01	3.02025
5	3.03188
4.99	3.04364
4.98	3.05554
4.97	3.06758
4.96	3.07977
4.95	3.0921
4.94	3.10458
4.93	3.11722
4.92	3.13001
4.91	3.14295
4.9	3.15606
4.89	3.16934
4.88	3.18278
4.87	3.1964
4.86	3.21019
4.85	3.22416
4.84	3.23831
4.83	3.25265
4.82	3.26719
4.81	3.28191
4.8	3.29684
4.79	3.31198
4.78	3.32732
4.77	3.34288
4.76	3.35866
4.75	3.37466
4.74	3.39089
4.73	3.40736
4.72	3.42407
4.71	3.44103
4.7	3.45824
4.69	3.47572
4.68	3.49346
4.67	3.51147
4.66	3.52976
4.65	3.54835
4.64	3.56723
4.63	3.58641
4.62	3.60591
4.61	3.62573
4.6	3.64588
4.59	3.66638
4.58	3.68722
4.57	3.70843
4.56	3.73
4.55	3.75196
4.54	3.77432
4.53	3.79709
4.52	3.82027
4.51	3.84389
4.5	3.86796
4.49	3.8925
4.48	3.91751
4.47	3.94302
4.46	3.96905
4.45	3.9956
4.44	4.02271
4.43	4.0504
4.42	4.07868
4.41	4.10757
4.4	4.13711
4.39	4.16731
4.38	4.19821
4.37	4.22983
4.36	4.26221
4.35	4.29538
4.34	4.32936
4.33	4.36421
4.32	4.39995
4.31	4.43664
4.3	4.47432
4.29	4.51303
4.28	4.55283
4.27	4.59379
4.26	4.63595
4.25	4.67938
4.24	4.72417
4.23	4.77038
4.22	4.8181
4.21	4.86743
4.2	4.91848
4.19	4.97134
4.18	5.02615
4.17	5.08305
4.16	5.14219
4.15	5.20373
4.14	5.26787
4.13	5.33483
4.12	5.40484
4.11	5.47818
4.1	5.55516
4.09	5.63613
4.08	5.72152
4.07	5.81181
4.06	5.90755
4.05	6.00942
4.04	6.11823
4.03	6.23492
4.02	6.3607
4.01	6.49704
4	6.64579
3.99	6.80937
3.98	6.99096
3.97	7.19488
3.96	7.42725
3.95	7.69707
3.94	8.01846
3.93	8.41541
3.92	8.93391
3.91	9.68117
3.9	11.0312
-3.9	11.0312
-3.91	9.68117
-3.92	8.93391
-3.93	8.41541
-3.94	8.01846
-3.95	7.69707
-3.96	7.42725
-3.97	7.19488
-3.98	6.99096
-3.99	6.80937
-4	6.64579
-4.01	6.49704
-4.02	6.3607
-4.03	6.23492
-4.04	6.11823
-4.05	6.00942
-4.06	5.90755
-4.07	5.81181
-4.08	5.72152
-4.09	5.63613
-4.1	5.55516
-4.11	5.47818
-4.12	5.40484
-4.13	5.33483
-4.14	5.26787
-4.15	5.20373
-4.16	5.14219
-4.17	5.08305
-4.18	5.02615
-4.19	4.97134
-4.2	4.91848
-4.21	4.86743
-4.22	4.8181
-4.23	4.77038
-4.24	4.72417
-4.25	4.67938
-4.26	4.63595
-4.27	4.59379
-4.28	4.55283
-4.29	4.51303
-4.3	4.47432
-4.31	4.43664
-4.32	4.39995
-4.33	4.36421
-4.34	4.32936
-4.35	4.29538
-4.36	4.26221
-4.37	4.22983
-4.38	4.19821
-4.39	4.16731
-4.4	4.13711
-4.41	4.10757
-4.42	4.07868
-4.43	4.0504
-4.44	4.02271
-4.45	3.9956
-4.46	3.96905
-4.47	3.94302
-4.48	3.91751
-4.49	3.8925
-4.5	3.86796
-4.51	3.84389
-4.52	3.82027
-4.53	3.79709
-4.54	3.77432
-4.55	3.75196
-4.56	3.73
-4.57	3.70843
-4.58	3.68722
-4.59	3.66638
-4.6	3.64588
-4.61	3.62573
-4.62	3.60591
-4.63	3.58641
-4.64	3.56723
-4.65	3.54835
-4.66	3.52976
-4.67	3.51147
-4.68	3.49346
-4.69	3.47572
-4.7	3.45824
-4.71	3.44103
-4.72	3.42407
-4.73	3.40736
-4.74	3.39089
-4.75	3.37466
-4.76	3.35866
-4.77	3.34288
-4.78	3.32732
-4.79	3.31198
-4.8	3.29684
-4.81	3.28191
-4.82	3.26719
-4.83	3.25265
-4.84	3.23831
-4.85	3.22416
-4.86	3.21019
-4.87	3.1964
-4.88	3.18278
-4.89	3.16934
-4.9	3.15606
-4.91	3.14295
-4.92	3.13001
-4.93	3.11722
-4.94	3.10458
-4.95	3.0921
-4.96	3.07977
-4.97	3.06758
-4.98	3.05554
-4.99	3.04364
-5	3.03188
-5.01	3.02025
-5.02	3.00876
-5.03	2.99739
-5.04	2.98616
-5.05	2.97505
-5.06	2.96406
-5.07	2.9532
-5.08	2.94245
-5.09	2.93183
-5.1	2.92131
-5.11	2.91091
-5.12	2.90062
-5.13	2.89045
-5.14	2.88037
-5.15	2.87041
-5.16	2.86055
-5.17	2.85079
-5.18	2.84113
-5.19	2.83157
-5.2	2.8221
-5.21	2.81274
-5.22	2.80346
-5.23	2.79428
-5.24	2.78519
-5.25	2.77619
-5.26	2.76728
-5.27	2.75846
-5.28	2.74972
-5.29	2.74106
-5.3	2.73249
-5.31	2.724
-5.32	2.71559
-5.33	2.70726
-5.34	2.69901
-5.35	2.69084
-5.36	2.68274
-5.37	2.67471
-5.38	2.66676
-5.39	2.65888
-5.4	2.65108
-5.41	2.64334
-5.42	2.63568
-5.43	2.62808
-5.44	2.62055
-5.45	2.61309
-5.46	2.60569
-5.47	2.59836
-5.48	2.59109
-5.49	2.58388
-5.5	2.57674
-5.51	2.56966
-5.52	2.56264
-5.53	2.55568
-5.54	2.54878
-5.55	2.54193
-5.56	2.53515
-5.57	2.52842
-5.58	2.52174
-5.59	2.51512
-5.6	2.50856
-5.61	2.50205
-5.62	2.49559
-5.63	2.48919
-5.64	2.48284
-5.65	2.47654
-5.66	2.47029
-5.67	2.46409
-5.68	2.45793
-5.69	2.45183
-5.7	2.44578
-5.71	2.43977
-5.72	2.43381
-5.73	2.4279
-5.74	2.42203
-5.75	2.41621
-5.76	2.41043
-5.77	2.4047
-5.78	2.39901
-5.79	2.39336
-5.8	2.38776
-5.81	2.38219
-5.82	2.37667
-5.83	2.3712
-5.84	2.36576
-5.85	2.36036
-5.86	2.355
-5.87	2.34969
-5.88	2.34441
-5.89	2.33917
-5.9	2.33396
-5.91	2.3288
-5.92	2.32367
-5.93	2.31858
-5.94	2.31352
-5.95	2.30851
-5.96	2.30352
-5.97	2.29858
-5.98	2.29366
-5.99	2.28878
-6	2.28394
-6.01	2.27913
-6.02	2.27435
-6.03	2.26961
-6.04	2.2649
-6.05	2.26022
-6.06	2.25557
-6.07	2.25096
-6.08	2.24637
-6.09	2.24182
-6.1	2.2373
-6.11	2.23281
-6.12	2.22835
-6.13	2.22391
-6.14	2.21951
-6.15	2.21514
-6.16	2.21079
-6.17	2.20648
-6.18	2.20219
-6.19	2.19793
-6.2	2.1937
-6.21	2.1895
-6.22	2.18532
-6.23	2.18117
-6.24	2.17705
-6.25	2.17295
-6.26	2.16888
-6.27	2.16484
-6.28	2.16082
-6.29	2.15682
-6.3	2.15286
-6.31	2.14891
-6.32	2.14499
-6.33	2.1411
-6.34	2.13723
-6.35	2.13338
-6.36	2.12956
-6.37	2.12576
-6.38	2.12199
-6.39	2.11824
-6.4	2.11451
-6.41	2.1108
-6.42	2.10712
-6.43	2.10345
-6.44	2.09982
-6.45	2.0962
-6.46	2.0926
-6.47	2.08903
-6.48	2.08547
-6.49	2.08194
-6.5	2.07843
-6.51	2.07494
-6.52	2.07147
-6.53	2.06802
-6.54	2.06459
-6.55	2.06118
-6.56	2.05779
-6.57	2.05442
-6.58	2.05107
-6.59	2.04774
-6.6	2.04443
-6.61	2.04114
-6.62	2.03786
-6.63	2.03461
-6.64	2.03137
-6.65	2.02815
-6.66	2.02495
-6.67	2.02177
-6.68	2.0186
-6.69	2.01546
-6.7	2.01233
-6.71	2.00921
-6.72	2.00612
-6.73	2.00304
-6.74	1.99998
-6.75	1.99694
-6.76	1.99391
-6.77	1.9909
-6.78	1.98791
-6.79	1.98493
-6.8	1.98197
-6.81	1.97902
-6.82	1.97609
-6.83	1.97318
-6.84	1.97028
-6.85	1.9674
-6.86	1.96453
-6.87	1.96168
-6.88	1.95884
-6.89	1.95602
-6.9	1.95322
-6.91	1.95042
-6.92	1.94765
-6.93	1.94488
-6.94	1.94214
-6.95	1.9394
-6.96	1.93668
-6.97	1.93398
-6.98	1.93129
-6.99	1.92861
-7	1.92594
-7.01	1.92329
-7.02	1.92066
-7.03	1.91803
-7.04	1.91542
-7.05	1.91283
-7.06	1.91025
-7.07	1.90768
-7.08	1.90512
-7.09	1.90257
-7.1	1.90004
-7.11	1.89752
-7.12	1.89502
-7.13	1.89252
-7.14	1.89004
-7.15	1.88757
-7.16	1.88512
-7.17	1.88267
-7.18	1.88024
-7.19	1.87782
-7.2	1.87541
-7.21	1.87301
-7.22	1.87063
-7.23	1.86825
-7.24	1.86589
-7.25	1.86354
-7.26	1.8612
-7.27	1.85887
-7.28	1.85656
-7.29	1.85425
-7.3	1.85195
-7.31	1.84967
-7.32	1.8474
-7.33	1.84514
-7.34	1.84288
-7.35	1.84064
-7.36	1.83841
-7.37	1.83619
-7.38	1.83398
-7.39	1.83178
-7.4	1.8296
-7.41	1.82742
-7.42	1.82525
-7.43	1.82309
-7.44	1.82094
-7.45	1.8188
-7.46	1.81667
-7.47	1.81456
-7.48	1.81245
-7.49	1.81035
-7.5	1.80826
-7.51	1.80618
-7.52	1.80411
-7.53	1.80204
-7.54	1.79999
-7.55	1.79795
-7.56	1.79592
-7.57	1.79389
-7.58	1.79188
-7.59	1.78987
-7.6	1.78787
-7.61	1.78588
-7.62	1.7839
-7.63	1.78193
-7.64	1.77997
-7.65	1.77802
-7.66	1.77607
-7.67	1.77414
-7.68	1.77221
-7.69	1.77029
-7.7	1.76838
-7.71	1.76647
-7.72	1.76458
-7.73	1.76269
-7.74	1.76082
-7.75	1.75895
-7.76	1.75708
-7.77	1.75523
-7.78	1.75338
-7.79	1.75155
-7.8	1.74972
-7.81	1.74789
-7.82	1.74608
-7.83	1.74427
-7.84	1.74247
-7.85	1.74068
-7.86	1.7389
-7.87	1.73712
-7.88	1.73535
-7.89	1.73359
-7.9	1.73184
-7.91	1.73009
-7.92	1.72835
-7.93	1.72662
-7.94	1.72489
-7.95	1.72317
-7.96	1.72146
-7.97	1.71976
-7.98	1.71806
-7.99	1.71637
-8	1.71469
-8.01	1.71301
-8.02	1.71135
-8.03	1.70968
-8.04	1.70803
-8.05	1.70638
-8.06	1.70474
-8.07	1.7031
-8.08	1.70147
-8.09	1.69985
-8.1	1.69823
-8.11	1.69662
-8.12	1.69502
-8.13	1.69343
-8.14	1.69184
-8.15	1.69025
-8.16	1.68867
-8.17	1.6871
-8.18	1.68554
-8.19	1.68398
-8.2	1.68243
-8.21	1.68088
-8.22	1.67934
-8.23	1.67781
-8.24	1.67628
-8.25	1.67476
-8.26	1.67324
-8.27	1.67173
-8.28	1.67022
-8.29	1.66872
-8.3	1.66723
-8.31	1.66574
-8.32	1.66426
-8.33	1.66279
-8.34	1.66132
-8.35	1.65985
-8.36	1.65839
-8.37	1.65694
-8.38	1.65549
-8.39	1.65405
-8.4	1.65261
-8.41	1.65118
-8.42	1.64976
-8.43	1.64834
-8.44	1.64692
-8.45	1.64551
-8.46	1.64411
-8.47	1.64271
-8.48	1.64131
-8.49	1.63992
-8.5	1.63854
-8.51	1.63716
-8.52	1.63579
-8.53	1.63442
-8.54	1.63306
-8.55	1.6317
-8.56	1.63035
-8.57	1.629
-8.58	1.62765
-8.59	1.62632
-8.6	1.62498
-8.61	1.62365
-8.62	1.62233
-8.63	1.62101
-8.64	1.6197
-8.65	1.61839
-8.66	1.61708
-8.67	1.61578
-8.68	1.61449
-8.69	1.6132
-8.7	1.61191
-8.71	1.61063
-8.72	1.60935
-8.73	1.60808
-8.74	1.60681
-8.75	1.60555
-8.76	1.60429
-8.77	1.60304
-8.78	1.60179
-8.79	1.60054
-8.8	1.5993
-8.81	1.59807
-8.82	1.59684
-8.83	1.59561
-8.84	1.59438
-8.85	1.59316
-8.86	1.59195
-8.87	1.59074
-8.88	1.58953
-8.89	1.58833
-8.9	1.58713
-8.91	1.58594
-8.92	1.58475
-8.93	1.58356
-8.94	1.58238
-8.95	1.58121
-8.96	1.58003
-8.97	1.57886
-8.98	1.5777
-8.99	1.57654
-9	1.57538
-9.01	1.57423
-9.02	1.57308
-9.03	1.57193
-9.04	1.57079
-9.05	1.56965
-9.06	1.56852
-9.07	1.56739
-9.08	1.56626
-9.09	1.56514
-9.1	1.56402
-9.11	1.5629
-9.12	1.56179
-9.13	1.56069
-9.14	1.55958
-9.15	1.55848
-9.16	1.55739
-9.17	1.55629
-9.18	1.5552
-9.19	1.55412
-9.2	1.55304
-9.21	1.55196
-9.22	1.55088
-9.23	1.54981
-9.24	1.54874
-9.25	1.54768
-9.26	1.54662
-9.27	1.54556
-9.28	1.54451
-9.29	1.54346
-9.3	1.54241
-9.31	1.54137
-9.32	1.54033
-9.33	1.53929
-9.34	1.53825
-9.35	1.53722
-9.36	1.5362
-9.37	1.53517
-9.38	1.53415
-9.39	1.53314
-9.4	1.53212
-9.41	1.53111
-9.42	1.53011
-9.43	1.5291
-9.44	1.5281
-9.45	1.5271
-9.46	1.52611
-9.47	1.52512
-9.48	1.52413
-9.49	1.52314
-9.5	1.52216
-9.51	1.52118
-9.52	1.52021
-9.53	1.51923
-9.54	1.51826
-9.55	1.5173
-9.56	1.51633
-9.57	1.51537
-9.58	1.51442
-9.59	1.51346
-9.6	1.51251
-9.61	1.51156
-9.62	1.51061
-9.63	1.50967
-9.64	1.50873
-9.65	1.50779
-9.66	1.50686
-9.67	1.50593
-9.68	1.505
-9.69	1.50407
-9.7	1.50315
-9.71	1.50223
-9.72	1.50131
-9.73	1.5004
-9.74	1.49949
-9.75	1.49858
-9.76	1.49767
-9.77	1.49677
-9.78	1.49587
-9.79	1.49497
-9.8	1.49408
-9.81	1.49318
-9.82	1.49229
-9.83	1.49141
-9.84	1.49052
-9.85	1.48964
-9.86	1.48876
-9.87	1.48789
-9.88	1.48701
-9.89	1.48614
-9.9	1.48527
-9.91	1.48441
-9.92	1.48354
-9.93	1.48268
-9.94	1.48182
-9.95	1.48097
-9.96	1.48011
-9.97	1.47926
-9.98	1.47841
-9.99	1.47757
-10	1.47672
-10.01	1.47588
-10.02	1.47504
-10.03	1.47421
-10.04	1.47337
-10.05	1.47254
-10.06	1.47171
-10.07	1.47089
-10.08	1.47006
-10.09	1.46924
-10.1	1.46842
-10.11	1.46761
-10.12	1.46679
-10.13	1.46598
-10.14	1.46517
-10.15	1.46436
-10.16	1.46356
-10.17	1.46275
-10.18	1.46195
-10.19	1.46115
-10.2	1.46036
-10.21	1.45956
-10.22	1.45877
-10.23	1.45798
-10.24	1.4572
-10.25	1.45641
-10.26	1.45563
-10.27	1.45485
-10.28	1.45407
-10.29	1.45329
-10.3	1.45252
-10.31	1.45175
-10.32	1.45098
-10.33	1.45021
-10.34	1.44945
-10.35	1.44868
-10.36	1.44792
-10.37	1.44716
-10.38	1.44641
-10.39	1.44565
-10.4	1.4449
-10.41	1.44415
-10.42	1.4434
-10.43	1.44265
-10.44	1.44191
-10.45	1.44117
-10.46	1.44043
-10.47	1.43969
-10.48	1.43895
-10.49	1.43822
-10.5	1.43749
-10.51	1.43676
-10.52	1.43603
-10.53	1.4353
-10.54	1.43458
-10.55	1.43385
-10.56	1.43313
-10.57	1.43242
-10.58	1.4317
-10.59	1.43098
-10.6	1.43027
-10.61	1.42956
-10.62	1.42885
-10.63	1.42815
-10.64	1.42744
-10.65	1.42674
-10.66	1.42604
-10.67	1.42534
-10.68	1.42464
-10.69	1.42394
-10.7	1.42325
-10.71	1.42256
-10.72	1.42187
-10.73	1.42118
-10.74	1.42049
-10.75	1.41981
-10.76	1.41913
-10.77	1.41845
-10.78	1.41777
-10.79	1.41709
-10.8	1.41641
-10.81	1.41574
-10.82	1.41507
-10.83	1.4144
-10.84	1.41373
-10.85	1.41306
-10.86	1.4124
-10.87	1.41173
-10.88	1.41107
-10.89	1.41041
-10.9	1.40976
-10.91	1.4091
-10.92	1.40844
-10.93	1.40779
-10.94	1.40714
-10.95	1.40649
-10.96	1.40584
-10.97	1.4052
-10.98	1.40455
-10.99	1.40391
-11	1.40327
-11.01	1.40263
-11.02	1.40199
-11.03	1.40135
-11.04	1.40072
-11.05	1.40008
-11.06	1.39945
-11.07	1.39882
-11.08	1.39819
-11.09	1.39757
-11.1	1.39694
-11.11	1.39632
-11.12	1.3957
-11.13	1.39508
-11.14	1.39446
-11.15	1.39384
-11.16	1.39322
-11.17	1.39261
-11.18	1.392
-11.19	1.39138
-11.2	1.39077
-11.21	1.39017
-11.22	1.38956
-11.23	1.38895
-11.24	1.38835
-11.25	1.38775
-11.26	1.38715
-11.27	1.38655
-11.28	1.38595
-11.29	1.38536
-11.3	1.38476
-11.31	1.38417
-11.32	1.38358
-11.33	1.38298
-11.34	1.3824
-11.35	1.38181
-11.36	1.38122
-11.37	1.38064
-11.38	1.38005
-11.39	1.37947
-11.4	1.37889
-11.41	1.37831
-11.42	1.37774
-11.43	1.37716
-11.44	1.37659
-11.45	1.37601
-11.46	1.37544
-11.47	1.37487
-11.48	1.3743
-11.49	1.37373
-11.5	1.37317
-11.51	1.3726
-11.52	1.37204
-11.53	1.37148
-11.54	1.37091
-11.55	1.37035
-11.56	1.3698
-11.57	1.36924
-11.58	1.36868
-11.59	1.36813
-11.6	1.36758
-11.61	1.36702
-11.62	1.36647
-11.63	1.36593
-11.64	1.36538
-11.65	1.36483
-11.66	1.36429
-11.67	1.36374
-11.68	1.3632
-11.69	1.36266
-11.7	1.36212
-11.71	1.36158
-11.72	1.36104
-11.73	1.36051
-11.74	1.35997
-11.75	1.35944
-11.76	1.3589
-11.77	1.35837
-11.78	1.35784
-11.79	1.35731
-11.8	1.35679
-11.81	1.35626
-11.82	1.35574
-11.83	1.35521
-11.84	1.35469
-11.85	1.35417
-11.86	1.35365
-11.87	1.35313
-11.88	1.35261
-11.89	1.35209
-11.9	1.35158
-11.91	1.35106
-11.92	1.35055
-11.93	1.35004
-11.94	1.34953
-11.95	1.34902
-11.96	1.34851
-11.97	1.348
-11.98	1.3475
-11.99	1.34699
-12	1.34649
-12.01	1.34599
-12.02	1.34548
-12.03	1.34498
-12.04	1.34448
-12.05	1.34399
-12.06	1.34349
-12.07	1.34299
-12.08	1.3425
-12.09	1.34201
-12.1	1.34151
-12.11	1.34102
-12.12	1.34053
-12.13	1.34004
-12.14	1.33955
-12.15	1.33907
-12.16	1.33858
-12.17	1.3381
-12.18	1.33761
-12.19	1.33713
-12.2	1.33665
-12.21	1.33617
-12.22	1.33569
-12.23	1.33521
-12.24	1.33473
-12.25	1.33426
-12.26	1.33378
-12.27	1.33331
-12.28	1.33283
-12.29	1.33236
-12.3	1.33189
-12.31	1.33142
-12.32	1.33095
-12.33	1.33048
-12.34	1.33002
-12.35	1.32955
-12.36	1.32909
-12.37	1.32862
-12.38	1.32816
-12.39	1.3277
-12.4	1.32724
-12.41	1.32678
-12.42	1.32632
-12.43	1.32586
-12.44	1.3254
-12.45	1.32495
-12.46	1.32449
-12.47	1.32404
-12.48	1.32359
-12.49	1.32313
-12.5	1.32268
-12.51	1.32223
-12.52	1.32178
-12.53	1.32134
-12.54	1.32089
-12.55	1.32044
-12.56	1.32
-12.57	1.31955
-12.58	1.31911
-12.59	1.31867
-12.6	1.31823
-12.61	1.31779
-12.62	1.31735
-12.63	1.31691
-12.64	1.31647
-12.65	1.31603
-12.66	1.3156
-12.67	1.31516
-12.68	1.31473
-12.69	1.3143
-12.7	1.31386
-12.71	1.31343
-12.72	1.313
-12.73	1.31257
-12.74	1.31214
-12.75	1.31172
-12.76	1.31129
-12.77	1.31086
-12.78	1.31044
-12.79	1.31002
-12.8	1.30959
-12.81	1.30917
-12.82	1.30875
-12.83	1.30833
-12.84	1.30791
-12.85	1.30749
-12.86	1.30707
-12.87	1.30666
-12.88	1.30624
-12.89	1.30582
-12.9	1.30541
-12.91	1.305
-12.92	1.30458
-12.93	1.30417
-12.94	1.30376
-12.95	1.30335
-12.96	1.30294
-12.97	1.30253
-12.98	1.30213
-12.99	1.30172
-13	1.30131
-13.01	1.30091
-13.02	1.3005
-13.03	1.3001
-13.04	1.2997
-13.05	1.29929
-13.06	1.29889
-13.07	1.29849
-13.08	1.29809
-13.09	1.2977
-13.1	1.2973
-13.11	1.2969
-13.12	1.2965
-13.13	1.29611
-13.14	1.29571
-13.15	1.29532
-13.16	1.29493
-13.17	1.29454
-13.18	1.29414
-13.19	1.29375
-13.2	1.29336
-13.21	1.29298
-13.22	1.29259
-13.23	1.2922
-13.24	1.29181
-13.25	1.29143
-13.26	1.29104
-13.27	1.29066
-13.28	1.29027
-13.29	1.28989
-13.3	1.28951
-13.31	1.28913
-13.32	1.28875
-13.33	1.28837
-13.34	1.28799
-13.35	1.28761
-13.36	1.28723
-13.37	1.28686
-13.38	1.28648
-13.39	1.2861
-13.4	1.28573
-13.41	1.28536
-13.42	1.28498
-13.43	1.28461
-13.44	1.28424
-13.45	1.28387
-13.46	1.2835
-13.47	1.28313
-13.48	1.28276
-13.49	1.28239
-13.5	1.28202
-13.51	1.28166
-13.52	1.28129
-13.53	1.28093
-13.54	1.28056
-13.55	1.2802
-13.56	1.27983
-13.57	1.27947
-13.58	1.27911
-13.59	1.27875
-13.6	1.27839
-13.61	1.27803
-13.62	1.27767
-13.63	1.27731
-13.64	1.27695
-13.65	1.2766
-13.66	1.27624
-13.67	1.27589
-13.68	1.27553
-13.69	1.27518
-13.7	1.27482
-13.71	1.27447
-13.72	1.27412
-13.73	1.27377
-13.74	1.27342
-13.75	1.27307
-13.76	1.27272
-13.77	1.27237
-13.78	1.27202
-13.79	1.27167
-13.8	1.27133
-13.81	1.27098
-13.82	1.27063
-13.83	1.27029
-13.84	1.26995
-13.85	1.2696
-13.86	1.26926
-13.87	1.26892
-13.88	1.26858
-13.89	1.26823
-13.9	1.26789
-13.91	1.26755
-13.92	1.26722
-13.93	1.26688
-13.94	1.26654
-13.95	1.2662
-13.96	1.26587
-13.97	1.26553
-13.98	1.2652
-13.99	1.26486
-14	1.26453
-14.01	1.26419
-14.02	1.26386
-14.03	1.26353
-14.04	1.2632
-14.05	1.26287
-14.06	1.26254
-14.07	1.26221
-14.08	1.26188
-14.09	1.26155
-14.1	1.26122
-14.11	1.26089
-14.12	1.26057
-14.13	1.26024
-14.14	1.25992
-14.15	1.25959
-14.16	1.25927
-14.17	1.25894
-14.18	1.25862
-14.19	1.2583
-14.2	1.25798
-14.21	1.25765
-14.22	1.25733
-14.23	1.25701
-14.24	1.25669
-14.25	1.25637
-14.26	1.25606
-14.27	1.25574
-14.28	1.25542
-14.29	1.2551
-14.3	1.25479
-14.31	1.25447
-14.32	1.25416
-14.33	1.25384
-14.34	1.25353
-14.35	1.25322
-14.36	1.2529
-14.37	1.25259
-14.38	1.25228
-14.39	1.25197
-14.4	1.25166
-14.41	1.25135
-14.42	1.25104
-14.43	1.25073
-14.44	1.25042
-14.45	1.25011
-14.46	1.24981
-14.47	1.2495
-14.48	1.2492
-14.49	1.24889
-14.5	1.24858
-14.51	1.24828
-14.52	1.24798
-14.53	1.24767
-14.54	1.24737
-14.55	1.24707
-14.56	1.24677
-14.57	1.24647
-14.58	1.24616
-14.59	1.24586
-14.6	1.24557
-14.61	1.24527
-14.62	1.24497
-14.63	1.24467
-14.64	1.24437
-14.65	1.24408
-14.66	1.24378
-14.67	1.24348
-14.68	1.24319
-14.69	1.24289
-14.7	1.2426
-14.71	1.2423
-14.72	1.24201
-14.73	1.24172
-14.74	1.24143
-14.75	1.24113
-14.76	1.24084
-14.77	1.24055
-14.78	1.24026
-14.79	1.23997
-14.8	1.23968
-14.81	1.23939
-14.82	1.23911
-14.83	1.23882
-14.84	1.23853
-14.85	1.23824
-14.86	1.23796
-14.87	1.23767
-14.88	1.23739
-14.89	1.2371
-14.9	1.23682
-14.91	1.23653
-14.92	1.23625
-14.93	1.23597
-14.94	1.23568
-14.95	1.2354
-14.96	1.23512
-14.97	1.23484
-14.98	1.23456
-14.99	1.23428
-15	1.234
-15.01	1.23372
-15.02	1.23344
-15.03	1.23317
-15.04	1.23289
-15.05	1.23261
-15.06	1.23233
-15.07	1.23206
-15.08	1.23178
-15.09	1.23151
-15.1	1.23123
-15.11	1.23096
-15.12	1.23068
-15.13	1.23041
-15.14	1.23014
-15.15	1.22986
-15.16	1.22959
-15.17	1.22932
-15.18	1.22905
-15.19	1.22878
-15.2	1.22851
-15.21	1.22824
-15.22	1.22797
-15.23	1.2277
-15.24	1.22743
-15.25	1.22716
-15.26	1.2269
-15.27	1.22663
-15.28	1.22636
-15.29	1.2261
-15.3	1.22583
-15.31	1.22557
-15.32	1.2253
-15.33	1.22504
-15.34	1.22477
-15.35	1.22451
-15.36	1.22425
-15.37	1.22398
-15.38	1.22372
-15.39	1.22346
-15.4	1.2232
-15.41	1.22294
-15.42	1.22268
-15.43	1.22242
-15.44	1.22216
-15.45	1.2219
-15.46	1.22164
-15.47	1.22138
-15.48	1.22112
-15.49	1.22087
-15.5	1.22061
-15.51	1.22035
-15.52	1.2201
-15.53	1.21984
-15.54	1.21958
-15.55	1.21933
-15.56	1.21907
-15.57	1.21882
-15.58	1.21857
-15.59	1.21831
-15.6	1.21806
-15.61	1.21781
-15.62	1.21756
-15.63	1.2173
-15.64	1.21705
-15.65	1.2168
-15.66	1.21655
-15.67	1.2163
-15.68	1.21605
-15.69	1.2158
-15.7	1.21555
-15.71	1.2153
-15.72	1.21506
-15.73	1.21481
-15.74	1.21456
-15.75	1.21431
-15.76	1.21407
-15.77	1.21382
-15.78	1.21358
-15.79	1.21333
-15.8	1.21309
-15.81	1.21284
-15.82	1.2126
-15.83	1.21235
-15.84	1.21211
-15.85	1.21187
-15.86	1.21162
-15.87	1.21138
-15.88	1.21114
-15.89	1.2109
-15.9	1.21066
-15.91	1.21042
-15.92	1.21018
-15.93	1.20994
-15.94	1.2097
-15.95	1.20946
-15.96	1.20922
-15.97	1.20898
-15.98	1.20874
-15.99	1.20851
-16	1.20827
-16.01	1.20803
-16.02	1.20779
-16.03	1.20756
-16.04	1.20732
-16.05	1.20709
-16.06	1.20685
-16.07	1.20662
-16.08	1.20638
-16.09	1.20615
-16.1	1.20592
-16.11	1.20568
-16.12	1.20545
-16.13	1.20522
-16.14	1.20498
-16.15	1.20475
-16.16	1.20452
-16.17	1.20429
-16.18	1.20406
-16.19	1.20383
-16.2	1.2036
-16.21	1.20337
-16.22	1.20314
-16.23	1.20291
-16.24	1.20268
-16.25	1.20245
-16.26	1.20223
-16.27	1.202
-16.28	1.20177
-16.29	1.20155
-16.3	1.20132
-16.31	1.20109
-16.32	1.20087
-16.33	1.20064
-16.34	1.20042
-16.35	1.20019
-16.36	1.19997
-16.37	1.19974
-16.38	1.19952
-16.39	1.1993
-16.4	1.19907
-16.41	1.19885
-16.42	1.19863
-16.43	1.19841
-16.44	1.19818
-16.45	1.19796
-16.46	1.19774
-16.47	1.19752
-16.48	1.1973
-16.49	1.19708
-16.5	1.19686
-16.51	1.19664
-16.52	1.19642
-16.53	1.1962
-16.54	1.19599
-16.55	1.19577
-16.56	1.19555
-16.57	1.19533
-16.58	1.19512
-16.59	1.1949
-16.6	1.19468
-16.61	1.19447
-16.62	1.19425
-16.63	1.19404
-16.64	1.19382
-16.65	1.19361
-16.66	1.19339
-16.67	1.19318
-16.68	1.19296
-16.69	1.19275
-16.7	1.19254
-16.71	1.19232
-16.72	1.19211
-16.73	1.1919
-16.74	1.19169
-16.75	1.19148
-16.76	1.19126
-16.77	1.19105
-16.78	1.19084
-16.79	1.19063
-16.8	1.19042
-16.81	1.19021
-16.82	1.19
-16.83	1.18979
-16.84	1.18959
-16.85	1.18938
-16.86	1.18917
-16.87	1.18896
-16.88	1.18875
-16.89	1.18855
-16.9	1.18834
-16.91	1.18813
-16.92	1.18793
-16.93	1.18772
-16.94	1.18751
-16.95	1.18731
-16.96	1.1871
-16.97	1.1869
-16.98	1.18669
-16.99	1.18649
-17	1.18629
-17.01	1.18608
-17.02	1.18588
-17.03	1.18568
-17.04	1.18547
-17.05	1.18527
-17.06	1.18507
-17.07	1.18487
-17.08	1.18466
-17.09	1.18446
-17.1	1.18426
-17.11	1.18406
-17.12	1.18386
-17.13	1.18366
-17.14	1.18346
-17.15	1.18326
-17.16	1.18306
-17.17	1.18286
-17.18	1.18267
-17.19	1.18247
-17.2	1.18227
-17.21	1.18207
-17.22	1.18187
-17.23	1.18168
-17.24	1.18148
-17.25	1.18128
-17.26	1.18109
-17.27	1.18089
-17.28	1.18069
-17.29	1.1805
-17.3	1.1803
-17.31	1.18011
-17.32	1.17991
-17.33	1.17972
-17.34	1.17952
-17.35	1.17933
-17.36	1.17914
-17.37	1.17894
-17.38	1.17875
-17.39	1.17856
-17.4	1.17837
-17.41	1.17817
-17.42	1.17798
-17.43	1.17779
-17.44	1.1776
-17.45	1.17741
-17.46	1.17722
-17.47	1.17702
-17.48	1.17683
-17.49	1.17664
-17.5	1.17645
-17.51	1.17627
-17.52	1.17608
-17.53	1.17589
-17.54	1.1757
-17.55	1.17551
-17.56	1.17532
-17.57	1.17513
-17.58	1.17495
-17.59	1.17476
-17.6	1.17457
-17.61	1.17438
-17.62	1.1742
-17.63	1.17401
-17.64	1.17382
-17.65	1.17364
-17.66	1.17345
-17.67	1.17327
-17.68	1.17308
-17.69	1.1729
-17.7	1.17271
-17.71	1.17253
-17.72	1.17234
-17.73	1.17216
-17.74	1.17198
-17.75	1.17179
-17.76	1.17161
-17.77	1.17143
-17.78	1.17125
-17.79	1.17106
-17.8	1.17088
-17.81	1.1707
-17.82	1.17052
-17.83	1.17034
-17.84	1.17016
-17.85	1.16997
-17.86	1.16979
-17.87	1.16961
-17.88	1.16943
-17.89	1.16925
-17.9	1.16907
-17.91	1.1689
-17.92	1.16872
-17.93	1.16854
-17.94	1.16836
-17.95	1.16818
-17.96	1.168
-17.97	1.16782
-17.98	1.16765
-17.99	1.16747
-18	1.16729
-18.01	1.16712
-18.02	1.16694
-18.03	1.16676
-18.04	1.16659
-18.05	1.16641
-18.06	1.16623
-18.07	1.16606
-18.08	1.16588
-18.09	1.16571
-18.1	1.16553
-18.11	1.16536
-18.12	1.16518
-18.13	1.16501
-18.14	1.16484
-18.15	1.16466
-18.16	1.16449
-18.17	1.16432
-18.18	1.16414
-18.19	1.16397
-18.2	1.1638
-18.21	1.16363
-18.22	1.16346
-18.23	1.16328
-18.24	1.16311
-18.25	1.16294
-18.26	1.16277
-18.27	1.1626
-18.28	1.16243
-18.29	1.16226
-18.3	1.16209
-18.31	1.16192
-18.32	1.16175
-18.33	1.16158
-18.34	1.16141
-18.35	1.16124
-18.36	1.16107
-18.37	1.1609
-18.38	1.16073
-18.39	1.16057
-18.4	1.1604
-18.41	1.16023
-18.42	1.16006
-18.43	1.1599
-18.44	1.15973
-18.45	1.15956
-18.46	1.1594
-18.47	1.15923
-18.48	1.15906
-18.49	1.1589
-18.5	1.15873
-18.51	1.15857
-18.52	1.1584
-18.53	1.15824
-18.54	1.15807
-18.55	1.15791
-18.56	1.15774
-18.57	1.15758
-18.58	1.15741
-18.59	1.15725
-18.6	1.15709
-18.61	1.15692
-18.62	1.15676
-18.63	1.1566
-18.64	1.15644
-18.65	1.15627
-18.66	1.15611
-18.67	1.15595
-18.68	1.15579
-18.69	1.15563
-18.7	1.15546
-18.71	1.1553
-18.72	1.15514
-18.73	1.15498
-18.74	1.15482
-18.75	1.15466
-18.76	1.1545
-18.77	1.15434
-18.78	1.15418
-18.79	1.15402
-18.8	1.15386
-18.81	1.1537
-18.82	1.15354
-18.83	1.15338
-18.84	1.15323
-18.85	1.15307
-18.86	1.15291
-18.87	1.15275
-18.88	1.15259
-18.89	1.15244
-18.9	1.15228
-18.91	1.15212
-18.92	1.15197
-18.93	1.15181
-18.94	1.15165
-18.95	1.1515
-18.96	1.15134
-18.97	1.15118
-18.98	1.15103
-18.99	1.15087
-19	1.15072
-19.01	1.15056
-19.02	1.15041
-19.03	1.15025
-19.04	1.1501
-19.05	1.14994
-19.06	1.14979
-19.07	1.14964
-19.08	1.14948
-19.09	1.14933
-19.1	1.14918
-19.11	1.14902
-19.12	1.14887
-19.13	1.14872
-19.14	1.14856
-19.15	1.14841
-19.16	1.14826
-19.17	1.14811
-19.18	1.14796
-19.19	1.1478
-19.2	1.14765
-19.21	1.1475
-19.22	1.14735
-19.23	1.1472
-19.24	1.14705
-19.25	1.1469
-19.26	1.14675
-19.27	1.1466
-19.28	1.14645
-19.29	1.1463
-19.3	1.14615
-19.31	1.146
-19.32	1.14585
-19.33	1.1457
-19.34	1.14555
-19.35	1.1454
-19.36	1.14526
-19.37	1.14511
-19.38	1.14496
-19.39	1.14481
-19.4	1.14466
-19.41	1.14452
-19.42	1.14437
-19.43	1.14422
-19.44	1.14408
-19.45	1.14393
-19.46	1.14378
-19.47	1.14364
-19.48	1.14349
-19.49	1.14334
-19.5	1.1432
-19.51	1.14305
-19.52	1.14291
-19.53	1.14276
-19.54	1.14262
-19.55	1.14247
-19.56	1.14233
-19.57	1.14218
-19.58	1.14204
-19.59	1.14189
-19.6	1.14175
-19.61	1.14161
-19.62	1.14146
-19.63	1.14132
-19.64	1.14118
-19.65	1.14103
-19.66	1.14089
-19.67	1.14075
-19.68	1.1406
-19.69	1.14046
-19.7	1.14032
-19.71	1.14018
-19.72	1.14004
-19.73	1.13989
-19.74	1.13975
-19.75	1.13961
-19.76	1.13947
-19.77	1.13933
-19.78	1.13919
-19.79	1.13905
-19.8	1.13891
-19.81	1.13877
-19.82	1.13863
-19.83	1.13848
-19.84	1.13835
-19.85	1.13821
-19.86	1.13807
-19.87	1.13793
-19.88	1.13779
-19.89	1.13765
-19.9	1.13751
-19.91	1.13737
-19.92	1.13723
-19.93	1.13709
-19.94	1.13696
-19.95	1.13682
-19.96	1.13668
-19.97	1.13654
-19.98	1.1364
-19.99	1.13627
-20	1.13613
-20.01	1.13599
-20.02	1.13586
-20.03	1.13572
-20.04	1.13558
-20.05	1.13545
-20.06	1.13531
-20.07	1.13517
-20.08	1.13504
-20.09	1.1349
-20.1	1.13477
-20.11	1.13463
-20.12	1.1345
-20.13	1.13436
-20.14	1.13423
-20.15	1.13409
-20.16	1.13396
-20.17	1.13382
-20.18	1.13369
-20.19	1.13355
-20.2	1.13342
-20.21	1.13329
-20.22	1.13315
-20.23	1.13302
-20.24	1.13288
-20.25	1.13275
-20.26	1.13262
-20.27	1.13249
-20.28	1.13235
-20.29	1.13222
-20.3	1.13209
-20.31	1.13196
-20.32	1.13182
-20.33	1.13169
-20.34	1.13156
-20.35	1.13143
-20.36	1.1313
-20.37	1.13117
-20.38	1.13103
-20.39	1.1309
-20.4	1.13077
-20.41	1.13064
-20.42	1.13051
-20.43	1.13038
-20.44	1.13025
-20.45	1.13012
-20.46	1.12999
-20.47	1.12986
-20.48	1.12973
-20.49	1.1296
-20.5	1.12947
-20.51	1.12934
-20.52	1.12921
-20.53	1.12909
-20.54	1.12896
-20.55	1.12883
-20.56	1.1287
-20.57	1.12857
-20.58	1.12844
-20.59	1.12831
-20.6	1.12819
-20.61	1.12806
-20.62	1.12793
-20.63	1.1278
-20.64	1.12768
-20.65	1.12755
-20.66	1.12742
-20.67	1.1273
-20.68	1.12717
-20.69	1.12704
-20.7	1.12692
-20.71	1.12679
-20.72	1.12666
-20.73	1.12654
-20.74	1.12641
-20.75	1.12629
-20.76	1.12616
-20.77	1.12604
-20.78	1.12591
-20.79	1.12579
-20.8	1.12566
-20.81	1.12554
-20.82	1.12541
-20.83	1.12529
-20.84	1.12516
-20.85	1.12504
-20.86	1.12491
-20.87	1.12479
-20.88	1.12467
-20.89	1.12454
-20.9	1.12442
-20.91	1.1243
-20.92	1.12417
-20.93	1.12405
-20.94	1.12393
-20.95	1.1238
-20.96	1.12368
-20.97	1.12356
-20.98	1.12344
-20.99	1.12331
-21	1.12319
-21.01	1.12307
-21.02	1.12295
-21.03	1.12283
-21.04	1.1227
-21.05	1.12258
-21.06	1.12246
-21.07	1.12234
-21.08	1.12222
-21.09	1.1221
-21.1	1.12198
-21.11	1.12186
-21.12	1.12174
-21.13	1.12162
-21.14	1.1215
-21.15	1.12138
-21.16	1.12126
-21.17	1.12114
-21.18	1.12102
-21.19	1.1209
-21.2	1.12078
-21.21	1.12066
-21.22	1.12054
-21.23	1.12042
-21.24	1.1203
-21.25	1.12018
-21.26	1.12006
-21.27	1.11995
-21.28	1.11983
-21.29	1.11971
-21.3	1.11959
-21.31	1.11947
-21.32	1.11936
-21.33	1.11924
-21.34	1.11912
-21.35	1.119
-21.36	1.11889
-21.37	1.11877
-21.38	1.11865
-21.39	1.11853
-21.4	1.11842
-21.41	1.1183
-21.42	1.11818
-21.43	1.11807
-21.44	1.11795
-21.45	1.11784
-21.46	1.11772
-21.47	1.1176
-21.48	1.11749
-21.49	1.11737
-21.5	1.11726
-21.51	1.11714
-21.52	1.11703
-21.53	1.11691
-21.54	1.1168
-21.55	1.11668
-21.56	1.11657
-21.57	1.11645
-21.58	1.11634
-21.59	1.11622
-21.6	1.11611
-21.61	1.11599
-21.62	1.11588
-21.63	1.11577
-21.64	1.11565
-21.65	1.11554
-21.66	1.11543
-21.67	1.11531
-21.68	1.1152
-21.69	1.11509
-21.7	1.11497
-21.71	1.11486
-21.72	1.11475
-21.73	1.11463
-21.74	1.11452
-21.75	1.11441
-21.76	1.1143
-21.77	1.11419
-21.78	1.11407
-21.79	1.11396
-21.8	1.11385
-21.81	1.11374
-21.82	1.11363
-21.83	1.11352
-21.84	1.1134
-21.85	1.11329
-21.86	1.11318
-21.87	1.11307
-21.88	1.11296
-21.89	1.11285
-21.9	1.11274
-21.91	1.11263
-21.92	1.11252
-21.93	1.11241
-21.94	1.1123
-21.95	1.11219
-21.96	1.11208
-21.97	1.11197
-21.98	1.11186
-21.99	1.11175
-22	1.11164
-22.01	1.11153
-22.02	1.11142
-22.03	1.11131
-22.04	1.1112
-22.05	1.11109
-22.06	1.11099
-22.07	1.11088
-22.08	1.11077
-22.09	1.11066
-22.1	1.11055
-22.11	1.11044
-22.12	1.11034
-22.13	1.11023
-22.14	1.11012
-22.15	1.11001
-22.16	1.10991
-22.17	1.1098
-22.18	1.10969
-22.19	1.10958
-22.2	1.10948
-22.21	1.10937
-22.22	1.10926
-22.23	1.10916
-22.24	1.10905
-22.25	1.10894
-22.26	1.10884
-22.27	1.10873
-22.28	1.10862
-22.29	1.10852
-22.3	1.10841
-22.31	1.10831
-22.32	1.1082
-22.33	1.10809
-22.34	1.10799
-22.35	1.10788
-22.36	1.10778
-22.37	1.10767
-22.38	1.10757
-22.39	1.10746
-22.4	1.10736
-22.41	1.10725
-22.42	1.10715
-22.43	1.10704
-22.44	1.10694
-22.45	1.10684
-22.46	1.10673
-22.47	1.10663
-22.48	1.10652
-22.49	1.10642
-22.5	1.10632
-22.51	1.10621
-22.52	1.10611
-22.53	1.106
-22.54	1.1059
-22.55	1.1058
-22.56	1.1057
-22.57	1.10559
-22.58	1.10549
-22.59	1.10539
-22.6	1.10528
-22.61	1.10518
-22.62	1.10508
-22.63	1.10498
-22.64	1.10487
-22.65	1.10477
-22.66	1.10467
-22.67	1.10457
-22.68	1.10447
-22.69	1.10436
-22.7	1.10426
-22.71	1.10416
-22.72	1.10406
-22.73	1.10396
-22.74	1.10386
-22.75	1.10376
-22.76	1.10366
-22.77	1.10355
-22.78	1.10345
-22.79	1.10335
-22.8	1.10325
-22.81	1.10315
-22.82	1.10305
-22.83	1.10295
-22.84	1.10285
-22.85	1.10275
-22.86	1.10265
-22.87	1.10255
-22.88	1.10245
-22.89	1.10235
-22.9	1.10225
-22.91	1.10215
-22.92	1.10205
-22.93	1.10195
-22.94	1.10185
-22.95	1.10176
-22.96	1.10166
-22.97	1.10156
-22.98	1.10146
-22.99	1.10136
-23	1.10126
-23.01	1.10116
-23.02	1.10107
-23.03	1.10097
-23.04	1.10087
-23.05	1.10077
-23.06	1.10067
-23.07	1.10058
-23.08	1.10048
-23.09	1.10038
-23.1	1.10028
-23.11	1.10018
-23.12	1.10009
-23.13	1.09999
-23.14	1.09989
-23.15	1.0998
-23.16	1.0997
-23.17	1.0996
-23.18	1.09951
-23.19	1.09941
-23.2	1.09931
-23.21	1.09922
-23.22	1.09912
-23.23	1.09902
-23.24	1.09893
-23.25	1.09883
-23.26	1.09873
-23.27	1.09864
-23.28	1.09854
-23.29	1.09845
-23.3	1.09835
-23.31	1.09826
-23.32	1.09816
-23.33	1.09807
-23.34	1.09797
-23.35	1.09788
-23.36	1.09778
-23.37	1.09769
-23.38	1.09759
-23.39	1.0975
-23.4	1.0974
-23.41	1.09731
-23.42	1.09721
-23.43	1.09712
-23.44	1.09702
-23.45	1.09693
-23.46	1.09684
-23.47	1.09674
-23.48	1.09665
-23.49	1.09655
-23.5	1.09646
-23.51	1.09637
-23.52	1.09627
-23.53	1.09618
-23.54	1.09609
-23.55	1.09599
-23.56	1.0959
-23.57	1.09581
-23.58	1.09571
-23.59	1.09562
-23.6	1.09553
-23.61	1.09543
-23.62	1.09534
-23.63	1.09525
-23.64	1.09516
-23.65	1.09506
-23.66	1.09497
-23.67	1.09488
-23.68	1.09479
-23.69	1.0947
-23.7	1.0946
-23.71	1.09451
-23.72	1.09442
-23.73	1.09433
-23.74	1.09424
-23.75	1.09415
-23.76	1.09406
-23.77	1.09396
-23.78	1.09387
-23.79	1.09378
-23.8	1.09369
-23.81	1.0936
-23.82	1.09351
-23.83	1.09342
-23.84	1.09333
-23.85	1.09324
-23.86	1.09315
-23.87	1.09306
-23.88	1.09297
-23.89	1.09288
-23.9	1.09279
-23.91	1.0927
-23.92	1.09261
-23.93	1.09252
-23.94	1.09243
-23.95	1.09234
-23.96	1.09225
-23.97	1.09216
-23.98	1.09207
-23.99	1.09198
-24	1.09189
-24.01	1.0918
-24.02	1.09171
-24.03	1.09162
-24.04	1.09153
-24.05	1.09144
-24.06	1.09136
-24.07	1.09127
-24.08	1.09118
-24.09	1.09109
-24.1	1.091
-24.11	1.09091
-24.12	1.09083
-24.13	1.09074
-24.14	1.09065
-24.15	1.09056
-24.16	1.09047
-24.17	1.09039
-24.18	1.0903
-24.19	1.09021
-24.2	1.09012
-24.21	1.09004
-24.22	1.08995
-24.23	1.08986
-24.24	1.08977
-24.25	1.08969
-24.26	1.0896
-24.27	1.08951
-24.28	1.08943
-24.29	1.08934
-24.3	1.08925
-24.31	1.08917
-24.32	1.08908
-24.33	1.08899
-24.34	1.08891
-24.35	1.08882
-24.36	1.08873
-24.37	1.08865
-24.38	1.08856
-24.39	1.08848
-24.4	1.08839
-24.41	1.0883
-24.42	1.08822
-24.43	1.08813
-24.44	1.08805
-24.45	1.08796
-24.46	1.08788
-24.47	1.08779
-24.48	1.08771
-24.49	1.08762
-24.5	1.08754
-24.51	1.08745
-24.52	1.08737
-24.53	1.08728
-24.54	1.0872
-24.55	1.08711
-24.56	1.08703
-24.57	1.08694
-24.58	1.08686
-24.59	1.08677
-24.6	1.08669
-24.61	1.08661
-24.62	1.08652
-24.63	1.08644
-24.64	1.08635
-24.65	1.08627
-24.66	1.08619
-24.67	1.0861
-24.68	1.08602
-24.69	1.08593
-24.7	1.08585
-24.71	1.08577
-24.72	1.08568
-24.73	1.0856
-24.74	1.08552
-24.75	1.08543
-24.76	1.08535
-24.77	1.08527
-24.78	1.08519
-24.79	1.0851
-24.8	1.08502
-24.81	1.08494
-24.82	1.08486
-24.83	1.08477
-24.84	1.08469
-24.85	1.08461
-24.86	1.08453
-24.87	1.08444
-24.88	1.08436
-24.89	1.08428
-24.9	1.0842
-24.91	1.08412
-24.92	1.08403
-24.93	1.08395
-24.94	1.08387
-24.95	1.08379
-24.96	1.08371
-24.97	1.08363
-24.98	1.08355
-24.99	1.08346
-25	1.08338
-25.01	1.0833
-25.02	1.08322
-25.03	1.08314
-25.04	1.08306
-25.05	1.08298
-25.06	1.0829
-25.07	1.08282
-25.08	1.08274
-25.09	1.08266
-25.1	1.08258
-25.11	1.08249
-25.12	1.08241
-25.13	1.08233
-25.14	1.08225
-25.15	1.08217
-25.16	1.08209
-25.17	1.08201
-25.18	1.08193
-25.19	1.08185
-25.2	1.08177
-25.21	1.0817
-25.22	1.08162
-25.23	1.08154
-25.24	1.08146
-25.25	1.08138
-25.26	1.0813
-25.27	1.08122
-25.28	1.08114
-25.29	1.08106
-25.3	1.08098
-25.31	1.0809
-25.32	1.08082
-25.33	1.08075
-25.34	1.08067
-25.35	1.08059
-25.36	1.08051
-25.37	1.08043
-25.38	1.08035
-25.39	1.08027
-25.4	1.0802
-25.41	1.08012
-25.42	1.08004
-25.43	1.07996
-25.44	1.07988
-25.45	1.07981
-25.46	1.07973
-25.47	1.07965
-25.48	1.07957
-25.49	1.0795
-25.5	1.07942
-25.51	1.07934
-25.52	1.07926
-25.53	1.07919
-25.54	1.07911
-25.55	1.07903
-25.56	1.07895
-25.57	1.07888
-25.58	1.0788
-25.59	1.07872
-25.6	1.07865
-25.61	1.07857
-25.62	1.07849
-25.63	1.07842
-25.64	1.07834
-25.65	1.07826
-25.66	1.07819
-25.67	1.07811
-25.68	1.07803
-25.69	1.07796
-25.7	1.07788
-25.71	1.0778
-25.72	1.07773
-25.73	1.07765
-25.74	1.07758
-25.75	1.0775
-25.76	1.07743
-25.77	1.07735
-25.78	1.07727
-25.79	1.0772
-25.8	1.07712
-25.81	1.07705
-25.82	1.07697
-25.83	1.0769
-25.84	1.07682
-25.85	1.07675
-25.86	1.07667
-25.87	1.0766
-25.88	1.07652
-25.89	1.07645
-25.9	1.07637
-25.91	1.0763
-25.92	1.07622
-25.93	1.07615
-25.94	1.07607
-25.95	1.076
-25.96	1.07592
-25.97	1.07585
-25.98	1.07578
-25.99	1.0757
-26	1.07563
-26.01	1.07555
-26.02	1.07548
-26.03	1.07541
-26.04	1.07533
-26.05	1.07526
-26.06	1.07518
-26.07	1.07511
-26.08	1.07504
-26.09	1.07496
-26.1	1.07489
-26.11	1.07482
-26.12	1.07474
-26.13	1.07467
-26.14	1.0746
-26.15	1.07452
-26.16	1.07445
-26.17	1.07438
-26.18	1.0743
-26.19	1.07423
-26.2	1.07416
-26.21	1.07408
-26.22	1.07401
-26.23	1.07394
-26.24	1.07387
-26.25	1.07379
-26.26	1.07372
-26.27	1.07365
-26.28	1.07358
-26.29	1.0735
-26.3	1.07343
-26.31	1.07336
-26.32	1.07329
-26.33	1.07322
-26.34	1.07314
-26.35	1.07307
-26.36	1.073
-26.37	1.07293
-26.38	1.07286
-26.39	1.07279
-26.4	1.07271
-26.41	1.07264
-26.42	1.07257
-26.43	1.0725
-26.44	1.07243
-26.45	1.07236
-26.46	1.07229
-26.47	1.07221
-26.48	1.07214
-26.49	1.07207
-26.5	1.072
-26.51	1.07193
-26.52	1.07186
-26.53	1.07179
-26.54	1.07172
-26.55	1.07165
-26.56	1.07158
-26.57	1.07151
-26.58	1.07144
-26.59	1.07136
-26.6	1.07129
-26.61	1.07122
-26.62	1.07115
-26.63	1.07108
-26.64	1.07101
-26.65	1.07094
-26.66	1.07087
-26.67	1.0708
-26.68	1.07073
-26.69	1.07066
-26.7	1.07059
-26.71	1.07052
-26.72	1.07045
-26.73	1.07038
-26.74	1.07032
-26.75	1.07025
-26.76	1.07018
-26.77	1.07011
-26.78	1.07004
-26.79	1.06997
-26.8	1.0699
-26.81	1.06983
-26.82	1.06976
-26.83	1.06969
-26.84	1.06962
-26.85	1.06955
-26.86	1.06949
-26.87	1.06942
-26.88	1.06935
-26.89	1.06928
-26.9	1.06921
-26.91	1.06914
-26.92	1.06907
-26.93	1.06901
-26.94	1.06894
-26.95	1.06887
-26.96	1.0688
-26.97	1.06873
-26.98	1.06866
-26.99	1.0686
-27	1.06853
-27.01	1.06846
-27.02	1.06839
-27.03	1.06832
-27.04	1.06826
-27.05	1.06819
-27.06	1.06812
-27.07	1.06805
-27.08	1.06799
-27.09	1.06792
-27.1	1.06785
-27.11	1.06778
-27.12	1.06772
-27.13	1.06765
-27.14	1.06758
-27.15	1.06751
-27.16	1.06745
-27.17	1.06738
-27.18	1.06731
-27.19	1.06725
-27.2	1.06718
-27.21	1.06711
-27.22	1.06705
-27.23	1.06698
-27.24	1.06691
-27.25	1.06685
-27.26	1.06678
-27.27	1.06671
-27.28	1.06665
-27.29	1.06658
-27.3	1.06651
-27.31	1.06645
-27.32	1.06638
-27.33	1.06632
-27.34	1.06625
-27.35	1.06618
-27.36	1.06612
-27.37	1.06605
-27.38	1.06599
-27.39	1.06592
-27.4	1.06585
-27.41	1.06579
-27.42	1.06572
-27.43	1.06566
-27.44	1.06559
-27.45	1.06553
-27.46	1.06546
-27.47	1.06539
-27.48	1.06533
-27.49	1.06526
-27.5	1.0652
-27.51	1.06513
-27.52	1.06507
-27.53	1.065
-27.54	1.06494
-27.55	1.06487
-27.56	1.06481
-27.57	1.06474
-27.58	1.06468
-27.59	1.06461
-27.6	1.06455
-27.61	1.06448
-27.62	1.06442
-27.63	1.06436
-27.64	1.06429
-27.65	1.06423
-27.66	1.06416
-27.67	1.0641
-27.68	1.06403
-27.69	1.06397
-27.7	1.06391
-27.71	1.06384
-27.72	1.06378
-27.73	1.06371
-27.74	1.06365
-27.75	1.06359
-27.76	1.06352
-27.77	1.06346
-27.78	1.06339
-27.79	1.06333
-27.8	1.06327
-27.81	1.0632
-27.82	1.06314
-27.83	1.06308
-27.84	1.06301
-27.85	1.06295
-27.86	1.06289
-27.87	1.06282
-27.88	1.06276
-27.89	1.0627
-27.9	1.06263
-27.91	1.06257
-27.92	1.06251
-27.93	1.06244
-27.94	1.06238
-27.95	1.06232
-27.96	1.06226
-27.97	1.06219
-27.98	1.06213
-27.99	1.06207
-28	1.062
-28.01	1.06194
-28.02	1.06188
-28.03	1.06182
-28.04	1.06176
-28.05	1.06169
-28.06	1.06163
-28.07	1.06157
-28.08	1.06151
-28.09	1.06144
-28.1	1.06138
-28.11	1.06132
-28.12	1.06126
-28.13	1.0612
-28.14	1.06113
-28.15	1.06107
-28.16	1.06101
-28.17	1.06095
-28.18	1.06089
-28.19	1.06082
-28.2	1.06076
-28.21	1.0607
-28.22	1.06064
-28.23	1.06058
-28.24	1.06052
-28.25	1.06046
-28.26	1.06039
-28.27	1.06033
-28.28	1.06027
-28.29	1.06021
-28.3	1.06015
-28.31	1.06009
-28.32	1.06003
-28.33	1.05997
-28.34	1.05991
-28.35	1.05985
-28.36	1.05978
-28.37	1.05972
-28.38	1.05966
-28.39	1.0596
-28.4	1.05954
-28.41	1.05948
-28.42	1.05942
-28.43	1.05936
-28.44	1.0593
-28.45	1.05924
-28.46	1.05918
-28.47	1.05912
-28.48	1.05906
-28.49	1.059
-28.5	1.05894
-28.51	1.05888
-28.52	1.05882
-28.53	1.05876
-28.54	1.0587
-28.55	1.05864
-28.56	1.05858
-28.57	1.05852
-28.58	1.05846
-28.59	1.0584
-28.6	1.05834
-28.61	1.05828
-28.62	1.05822
-28.63	1.05816
-28.64	1.0581
-28.65	1.05804
-28.66	1.05798
-28.67	1.05792
-28.68	1.05786
-28.69	1.0578
-28.7	1.05775
-28.71	1.05769
-28.72	1.05763
-28.73	1.05757
-28.74	1.05751
-28.75	1.05745
-28.76	1.05739
-28.77	1.05733
-28.78	1.05727
-28.79	1.05721
-28.8	1.05716
-28.81	1.0571
-28.82	1.05704
-28.83	1.05698
-28.84	1.05692
-28.85	1.05686
-28.86	1.0568
-28.87	1.05675
-28.88	1.05669
-28.89	1.05663
-28.9	1.05657
-28.91	1.05651
-28.92	1.05645
-28.93	1.0564
-28.94	1.05634
-28.95	1.05628
-28.96	1.05622
-28.97	1.05616
-28.98	1.05611
-28.99	1.05605
-29	1.05599
-29.01	1.05593
-29.02	1.05588
-29.03	1.05582
-29.04	1.05576
-29.05	1.0557
-29.06	1.05565
-29.07	1.05559
-29.08	1.05553
-29.09	1.05547
-29.1	1.05542
-29.11	1.05536
-29.12	1.0553
-29.13	1.05524
-29.14	1.05519
-29.15	1.05513
-29.16	1.05507
-29.17	1.05501
-29.18	1.05496
-29.19	1.0549
-29.2	1.05484
-29.21	1.05479
-29.22	1.05473
-29.23	1.05467
-29.24	1.05462
-29.25	1.05456
-29.26	1.0545
-29.27	1.05445
-29.28	1.05439
-29.29	1.05433
-29.3	1.05428
-29.31	1.05422
-29.32	1.05416
-29.33	1.05411
-29.34	1.05405
-29.35	1.054
-29.36	1.05394
-29.37	1.05388
-29.38	1.05383
-29.39	1.05377
-29.4	1.05371
-29.41	1.05366
-29.42	1.0536
-29.43	1.05355
-29.44	1.05349
-29.45	1.05344
-29.46	1.05338
-29.47	1.05332
-29.48	1.05327
-29.49	1.05321
-29.5	1.05316
-29.51	1.0531
-29.52	1.05305
-29.53	1.05299
-29.54	1.05293
-29.55	1.05288
-29.56	1.05282
-29.57	1.05277
-29.58	1.05271
-29.59	1.05266
-29.6	1.0526
-29.61	1.05255
-29.62	1.05249
-29.63	1.05244
-29.64	1.05238
-29.65	1.05233
-29.66	1.05227
-29.67	1.05222
-29.68	1.05216
-29.69	1.05211
-29.7	1.05205
-29.71	1.052
-29.72	1.05194
-29.73	1.05189
-29.74	1.05183
-29.75	1.05178
-29.76	1.05173
-29.77	1.05167
-29.78	1.05162
-29.79	1.05156
-29.8	1.05151
-29.81	1.05145
-29.82	1.0514
-29.83	1.05134
-29.84	1.05129
-29.85	1.05124
-29.86	1.05118
-29.87	1.05113
-29.88	1.05107
-29.89	1.05102
-29.9	1.05097
-29.91	1.05091
-29.92	1.05086
-29.93	1.0508
-29.94	1.05075
-29.95	1.0507
-29.96	1.05064
-29.97	1.05059
-29.98	1.05054
-29.99	1.05048
-30	1.05043
