x	y
30	0.855491
29.99	0.855528
29.98	0.855566
29.97	0.855604
29.96	0.855642
29.95	0.85568
29.94	0.855719
29.93	0.855757
29.92	0.855795
29.91	0.855833
29.9	0.855871
29.89	0.855909
29.88	0.855948
29.87	0.855986
29.86	0.856024
29.85	0.856063
29.84	0.856101
29.83	0.856139
29.82	0.856178
29.81	0.856216
29.8	0.856255
29.79	0.856293
29.78	0.856332
29.77	0.85637
29.76	0.856409
29.75	0.856447
29.74	0.856486
29.73	0.856525
29.72	0.856564
29.71	0.856602
29.7	0.856641
29.69	0.85668
29.68	0.856719
29.67	0.856757
29.66	0.856796
29.65	0.856835
29.64	0.856874
29.63	0.856913
29.62	0.856952
29.61	0.856991
29.6	0.85703
29.59	0.857069
29.58	0.857108
29.57	0.857148
29.56	0.857187
29.55	0.857226
29.54	0.857265
29.53	0.857305
29.52	0.857344
29.51	0.857383
29.5	0.857422
29.49	0.857462
29.48	0.857501
29.47	0.857541
29.46	0.85758
29.45	0.85762
29.44	0.857659
29.43	0.857699
29.42	0.857738
29.41	0.857778
29.4	0.857818
29.39	0.857857
29.38	0.857897
29.37	0.857937
29.36	0.857977
29.35	0.858016
29.34	0.858056
29.33	0.858096
29.32	0.858136
29.31	0.858176
29.3	0.858216
29.29	0.858256
29.28	0.858296
29.27	0.858336
29.26	0.858376
29.25	0.858416
29.24	0.858456
29.23	0.858496
29.22	0.858537
29.21	0.858577
29.2	0.858617
29.19	0.858657
29.18	0.858698
29.17	0.858738
29.16	0.858778
29.15	0.858819
29.14	0.858859
29.13	0.8589
29.12	0.85894
29.11	0.858981
29.1	0.859021
29.09	0.859062
29.08	0.859103
29.07	0.859143
29.06	0.859184
29.05	0.859225
29.04	0.859266
29.03	0.859306
29.02	0.859347
29.01	0.859388
29	0.859429
28.99	0.85947
28.98	0.859511
28.97	0.859552
28.96	0.859593
28.95	0.859634
28.94	0.859675
28.93	0.859716
28.92	0.859757
28.91	0.859798
28.9	0.859839
28.89	0.859881
28.88	0.859922
28.87	0.859963
28.86	0.860005
28.85	0.860046
28.84	0.860087
28.83	0.860129
28.82	0.86017
28.81	0.860212
28.8	0.860253
28.79	0.860295
28.78	0.860336
28.77	0.860378
28.76	0.86042
28.75	0.860461
28.74	0.860503
28.73	0.860545
28.72	0.860587
28.71	0.860628
28.7	0.86067
28.69	0.860712
28.68	0.860754
28.67	0.860796
28.66	0.860838
28.65	0.86088
28.64	0.860922
28.63	0.860964
28.62	0.861006
28.61	0.861048
28.6	0.86109
28.59	0.861133
28.58	0.861175
28.57	0.861217
28.56	0.86126
28.55	0.861302
28.54	0.861344
28.53	0.861387
28.52	0.861429
28.51	0.861472
28.5	0.861514
28.49	0.861557
28.48	0.861599
28.47	0.861642
28.46	0.861684
28.45	0.861727
28.44	0.86177
28.43	0.861813
28.42	0.861855
28.41	0.861898
28.4	0.861941
28.39	0.861984
28.38	0.862027
28.37	0.86207
28.36	0.862113
28.35	0.862156
28.34	0.862199
28.33	0.862242
28.32	0.862285
28.31	0.862328
28.3	0.862371
28.29	0.862414
28.28	0.862458
28.27	0.862501
28.26	0.862544
28.25	0.862588
28.24	0.862631
28.23	0.862674
28.22	0.862718
28.21	0.862761
28.2	0.862805
28.19	0.862849
28.18	0.862892
28.17	0.862936
28.16	0.862979
28.15	0.863023
28.14	0.863067
28.13	0.863111
28.12	0.863154
28.11	0.863198
28.1	0.863242
28.09	0.863286
28.08	0.86333
28.07	0.863374
28.06	0.863418
28.05	0.863462
28.04	0.863506
28.03	0.86355
28.02	0.863594
28.01	0.863639
28	0.863683
27.99	0.863727
27.98	0.863771
27.97	0.863816
27.96	0.86386
27.95	0.863904
27.94	0.863949
27.93	0.863993
27.92	0.864038
27.91	0.864082
27.9	0.864127
27.89	0.864172
27.88	0.864216
27.87	0.864261
27.86	0.864306
27.85	0.86435
27.84	0.864395
27.83	0.86444
27.82	0.864485
27.81	0.86453
27.8	0.864575
27.79	0.86462
27.78	0.864665
27.77	0.86471
27.76	0.864755
27.75	0.8648
27.74	0.864845
27.73	0.86489
27.72	0.864936
27.71	0.864981
27.7	0.865026
27.69	0.865072
27.68	0.865117
27.67	0.865162
27.66	0.865208
27.65	0.865253
27.64	0.865299
27.63	0.865344
27.62	0.86539
27.61	0.865436
27.6	0.865481
27.59	0.865527
27.58	0.865573
27.57	0.865619
27.56	0.865664
27.55	0.86571
27.54	0.865756
27.53	0.865802
27.52	0.865848
27.51	0.865894
27.5	0.86594
27.49	0.865986
27.48	0.866032
27.47	0.866079
27.46	0.866125
27.45	0.866171
27.44	0.866217
27.43	0.866264
27.42	0.86631
27.41	0.866356
27.4	0.866403
27.39	0.866449
27.38	0.866496
27.37	0.866542
27.36	0.866589
27.35	0.866636
27.34	0.866682
27.33	0.866729
27.32	0.866776
27.31	0.866822
27.3	0.866869
27.29	0.866916
27.28	0.866963
27.27	0.86701
27.26	0.867057
27.25	0.867104
27.24	0.867151
27.23	0.867198
27.22	0.867245
27.21	0.867292
27.2	0.867339
27.19	0.867387
27.18	0.867434
27.17	0.867481
27.16	0.867529
27.15	0.867576
27.14	0.867624
27.13	0.867671
27.12	0.867718
27.11	0.867766
27.1	0.867814
27.09	0.867861
27.08	0.867909
27.07	0.867957
27.06	0.868004
27.05	0.868052
27.04	0.8681
27.03	0.868148
27.02	0.868196
27.01	0.868244
27	0.868292
26.99	0.86834
26.98	0.868388
26.97	0.868436
26.96	0.868484
26.95	0.868532
26.94	0.868581
26.93	0.868629
26.92	0.868677
26.91	0.868726
26.9	0.868774
26.89	0.868822
26.88	0.868871
26.87	0.868919
26.86	0.868968
26.85	0.869017
26.84	0.869065
26.83	0.869114
26.82	0.869163
26.81	0.869211
26.8	0.86926
26.79	0.869309
26.78	0.869358
26.77	0.869407
26.76	0.869456
26.75	0.869505
26.74	0.869554
26.73	0.869603
26.72	0.869652
26.71	0.869701
26.7	0.86975
26.69	0.8698
26.68	0.869849
26.67	0.869898
26.66	0.869948
26.65	0.869997
26.64	0.870047
26.63	0.870096
26.62	0.870146
26.61	0.870195
26.6	0.870245
26.59	0.870295
26.58	0.870344
26.57	0.870394
26.56	0.870444
26.55	0.870494
26.54	0.870544
26.53	0.870594
26.52	0.870643
26.51	0.870694
26.5	0.870744
26.49	0.870794
26.48	0.870844
26.47	0.870894
26.46	0.870944
26.45	0.870995
26.44	0.871045
26.43	0.871095
26.42	0.871146
26.41	0.871196
26.4	0.871247
26.39	0.871297
26.38	0.871348
26.37	0.871398
26.36	0.871449
26.35	0.8715
26.34	0.87155
26.33	0.871601
26.32	0.871652
26.31	0.871703
26.3	0.871754
26.29	0.871805
26.28	0.871856
26.27	0.871907
26.26	0.871958
26.25	0.872009
26.24	0.87206
26.23	0.872111
26.22	0.872163
26.21	0.872214
26.2	0.872265
26.19	0.872317
26.18	0.872368
26.17	0.87242
26.16	0.872471
26.15	0.872523
26.14	0.872575
26.13	0.872626
26.12	0.872678
26.11	0.87273
26.1	0.872782
26.09	0.872833
26.08	0.872885
26.07	0.872937
26.06	0.872989
26.05	0.873041
26.04	0.873093
26.03	0.873146
26.02	0.873198
26.01	0.87325
26	0.873302
25.99	0.873354
25.98	0.873407
25.97	0.873459
25.96	0.873512
25.95	0.873564
25.94	0.873617
25.93	0.873669
25.92	0.873722
25.91	0.873775
25.9	0.873827
25.89	0.87388
25.88	0.873933
25.87	0.873986
25.86	0.874039
25.85	0.874092
25.84	0.874145
25.83	0.874198
25.82	0.874251
25.81	0.874304
25.8	0.874357
25.79	0.87441
25.78	0.874464
25.77	0.874517
25.76	0.87457
25.75	0.874624
25.74	0.874677
25.73	0.874731
25.72	0.874784
25.71	0.874838
25.7	0.874891
25.69	0.874945
25.68	0.874999
25.67	0.875053
25.66	0.875107
25.65	0.87516
25.64	0.875214
25.63	0.875268
25.62	0.875322
25.61	0.875377
25.6	0.875431
25.59	0.875485
25.58	0.875539
25.57	0.875593
25.56	0.875648
25.55	0.875702
25.54	0.875756
25.53	0.875811
25.52	0.875865
25.51	0.87592
25.5	0.875975
25.49	0.876029
25.48	0.876084
25.47	0.876139
25.46	0.876194
25.45	0.876248
25.44	0.876303
25.43	0.876358
25.42	0.876413
25.41	0.876468
25.4	0.876523
25.39	0.876579
25.38	0.876634
25.37	0.876689
25.36	0.876744
25.35	0.8768
25.34	0.876855
25.33	0.876911
25.32	0.876966
25.31	0.877022
25.3	0.877077
25.29	0.877133
25.28	0.877189
25.27	0.877244
25.26	0.8773
25.25	0.877356
25.24	0.877412
25.23	0.877468
25.22	0.877524
25.21	0.87758
25.2	0.877636
25.19	0.877692
25.18	0.877748
25.17	0.877805
25.16	0.877861
25.15	0.877917
25.14	0.877974
25.13	0.87803
25.12	0.878087
25.11	0.878143
25.1	0.8782
25.09	0.878256
25.08	0.878313
25.07	0.87837
25.06	0.878427
25.05	0.878484
25.04	0.87854
25.03	0.878597
25.02	0.878654
25.01	0.878712
25	0.878769
24.99	0.878826
24.98	0.878883
24.97	0.87894
24.96	0.878998
24.95	0.879055
24.94	0.879113
24.93	0.87917
24.92	0.879228
24.91	0.879285
24.9	0.879343
24.89	0.8794
24.88	0.879458
24.87	0.879516
24.86	0.879574
24.85	0.879632
24.84	0.87969
24.83	0.879748
24.82	0.879806
24.81	0.879864
24.8	0.879922
24.79	0.87998
24.78	0.880039
24.77	0.880097
24.76	0.880156
24.75	0.880214
24.74	0.880272
24.73	0.880331
24.72	0.88039
24.71	0.880448
24.7	0.880507
24.69	0.880566
24.68	0.880625
24.67	0.880683
24.66	0.880742
24.65	0.880801
24.64	0.88086
24.63	0.88092
24.62	0.880979
24.61	0.881038
24.6	0.881097
24.59	0.881157
24.58	0.881216
24.57	0.881275
24.56	0.881335
24.55	0.881394
24.54	0.881454
24.53	0.881514
24.52	0.881573
24.51	0.881633
24.5	0.881693
24.49	0.881753
24.48	0.881813
24.47	0.881873
24.46	0.881933
24.45	0.881993
24.44	0.882053
24.43	0.882113
24.42	0.882173
24.41	0.882234
24.4	0.882294
24.39	0.882355
24.38	0.882415
24.37	0.882476
24.36	0.882536
24.35	0.882597
24.34	0.882658
24.33	0.882718
24.32	0.882779
24.31	0.88284
24.3	0.882901
24.29	0.882962
24.28	0.883023
24.27	0.883084
24.26	0.883145
24.25	0.883207
24.24	0.883268
24.23	0.883329
24.22	0.883391
24.21	0.883452
24.2	0.883514
24.19	0.883575
24.18	0.883637
24.17	0.883699
24.16	0.88376
24.15	0.883822
24.14	0.883884
24.13	0.883946
24.12	0.884008
24.11	0.88407
24.1	0.884132
24.09	0.884194
24.08	0.884256
24.07	0.884319
24.06	0.884381
24.05	0.884444
24.04	0.884506
24.03	0.884569
24.02	0.884631
24.01	0.884694
24	0.884756
23.99	0.884819
23.98	0.884882
23.97	0.884945
23.96	0.885008
23.95	0.885071
23.94	0.885134
23.93	0.885197
23.92	0.88526
23.91	0.885323
23.9	0.885387
23.89	0.88545
23.88	0.885514
23.87	0.885577
23.86	0.885641
23.85	0.885704
23.84	0.885768
23.83	0.885832
23.82	0.885895
23.81	0.885959
23.8	0.886023
23.79	0.886087
23.78	0.886151
23.77	0.886215
23.76	0.886279
23.75	0.886344
23.74	0.886408
23.73	0.886472
23.72	0.886537
23.71	0.886601
23.7	0.886666
23.69	0.88673
23.68	0.886795
23.67	0.88686
23.66	0.886924
23.65	0.886989
23.64	0.887054
23.63	0.887119
23.62	0.887184
23.61	0.887249
23.6	0.887314
23.59	0.88738
23.58	0.887445
23.57	0.88751
23.56	0.887576
23.55	0.887641
23.54	0.887707
23.53	0.887772
23.52	0.887838
23.51	0.887904
23.5	0.88797
23.49	0.888035
23.48	0.888101
23.47	0.888167
23.46	0.888233
23.45	0.8883
23.44	0.888366
23.43	0.888432
23.42	0.888498
23.41	0.888565
23.4	0.888631
23.39	0.888698
23.38	0.888764
23.37	0.888831
23.36	0.888898
23.35	0.888964
23.34	0.889031
23.33	0.889098
23.32	0.889165
23.31	0.889232
23.3	0.889299
23.29	0.889366
23.28	0.889434
23.27	0.889501
23.26	0.889568
23.25	0.889636
23.24	0.889703
23.23	0.889771
23.22	0.889838
23.21	0.889906
23.2	0.889974
23.19	0.890042
23.18	0.89011
23.17	0.890178
23.16	0.890246
23.15	0.890314
23.14	0.890382
23.13	0.89045
23.12	0.890519
23.11	0.890587
23.1	0.890655
23.09	0.890724
23.08	0.890792
23.07	0.890861
23.06	0.89093
23.05	0.890999
23.04	0.891068
23.03	0.891136
23.02	0.891205
23.01	0.891274
23	0.891344
22.99	0.891413
22.98	0.891482
22.97	0.891551
22.96	0.891621
22.95	0.89169
22.94	0.89176
22.93	0.891829
22.92	0.891899
22.91	0.891969
22.9	0.892039
22.89	0.892109
22.88	0.892179
22.87	0.892249
22.86	0.892319
22.85	0.892389
22.84	0.892459
22.83	0.89253
22.82	0.8926
22.81	0.89267
22.8	0.892741
22.79	0.892812
22.78	0.892882
22.77	0.892953
22.76	0.893024
22.75	0.893095
22.74	0.893166
22.73	0.893237
22.72	0.893308
22.71	0.893379
22.7	0.89345
22.69	0.893522
22.68	0.893593
22.67	0.893664
22.66	0.893736
22.65	0.893808
22.64	0.893879
22.63	0.893951
22.62	0.894023
22.61	0.894095
22.6	0.894167
22.59	0.894239
22.58	0.894311
22.57	0.894383
22.56	0.894456
22.55	0.894528
22.54	0.8946
22.53	0.894673
22.52	0.894745
22.51	0.894818
22.5	0.894891
22.49	0.894964
22.48	0.895036
22.47	0.895109
22.46	0.895182
22.45	0.895256
22.44	0.895329
22.43	0.895402
22.42	0.895475
22.41	0.895549
22.4	0.895622
22.39	0.895696
22.38	0.895769
22.37	0.895843
22.36	0.895917
22.35	0.895991
22.34	0.896065
22.33	0.896139
22.32	0.896213
22.31	0.896287
22.3	0.896361
22.29	0.896435
22.28	0.89651
22.27	0.896584
22.26	0.896659
22.25	0.896734
22.24	0.896808
22.23	0.896883
22.22	0.896958
22.21	0.897033
22.2	0.897108
22.19	0.897183
22.18	0.897258
22.17	0.897333
22.16	0.897409
22.15	0.897484
22.14	0.89756
22.13	0.897635
22.12	0.897711
22.11	0.897786
22.1	0.897862
22.09	0.897938
22.08	0.898014
22.07	0.89809
22.06	0.898166
22.05	0.898243
22.04	0.898319
22.03	0.898395
22.02	0.898472
22.01	0.898548
22	0.898625
21.99	0.898701
21.98	0.898778
21.97	0.898855
21.96	0.898932
21.95	0.899009
21.94	0.899086
21.93	0.899163
21.92	0.89924
21.91	0.899318
21.9	0.899395
21.89	0.899473
21.88	0.89955
21.87	0.899628
21.86	0.899706
21.85	0.899784
21.84	0.899862
21.83	0.89994
21.82	0.900018
21.81	0.900096
21.8	0.900174
21.79	0.900252
21.78	0.900331
21.77	0.900409
21.76	0.900488
21.75	0.900566
21.74	0.900645
21.73	0.900724
21.72	0.900803
21.71	0.900882
21.7	0.900961
21.69	0.90104
21.68	0.901119
21.67	0.901199
21.66	0.901278
21.65	0.901358
21.64	0.901437
21.63	0.901517
21.62	0.901597
21.61	0.901677
21.6	0.901757
21.59	0.901837
21.58	0.901917
21.57	0.901997
21.56	0.902077
21.55	0.902158
21.54	0.902238
21.53	0.902319
21.52	0.902399
21.51	0.90248
21.5	0.902561
21.49	0.902642
21.48	0.902723
21.47	0.902804
21.46	0.902885
21.45	0.902966
21.44	0.903047
21.43	0.903129
21.42	0.90321
21.41	0.903292
21.4	0.903374
21.39	0.903455
21.38	0.903537
21.37	0.903619
21.36	0.903701
21.35	0.903783
21.34	0.903866
21.33	0.903948
21.32	0.90403
21.31	0.904113
21.3	0.904195
21.29	0.904278
21.28	0.904361
21.27	0.904444
21.26	0.904527
21.25	0.90461
21.24	0.904693
21.23	0.904776
21.22	0.904859
21.21	0.904943
21.2	0.905026
21.19	0.90511
21.18	0.905193
21.17	0.905277
21.16	0.905361
21.15	0.905445
21.14	0.905529
21.13	0.905613
21.12	0.905697
21.11	0.905782
21.1	0.905866
21.09	0.905951
21.08	0.906035
21.07	0.90612
21.06	0.906205
21.05	0.90629
21.04	0.906375
21.03	0.90646
21.02	0.906545
21.01	0.90663
21	0.906715
20.99	0.906801
20.98	0.906886
20.97	0.906972
20.96	0.907058
20.95	0.907144
20.94	0.907229
20.93	0.907315
20.92	0.907402
20.91	0.907488
20.9	0.907574
20.89	0.907661
20.88	0.907747
20.87	0.907834
20.86	0.90792
20.85	0.908007
20.84	0.908094
20.83	0.908181
20.82	0.908268
20.81	0.908355
20.8	0.908443
20.79	0.90853
20.78	0.908617
20.77	0.908705
20.76	0.908793
20.75	0.90888
20.74	0.908968
20.73	0.909056
20.72	0.909144
20.71	0.909233
20.7	0.909321
20.69	0.909409
20.68	0.909498
20.67	0.909586
20.66	0.909675
20.65	0.909764
20.64	0.909853
20.63	0.909942
20.62	0.910031
20.61	0.91012
20.6	0.910209
20.59	0.910298
20.58	0.910388
20.57	0.910478
20.56	0.910567
20.55	0.910657
20.54	0.910747
20.53	0.910837
20.52	0.910927
20.51	0.911017
20.5	0.911107
20.49	0.911198
20.48	0.911288
20.47	0.911379
20.46	0.91147
20.45	0.911561
20.44	0.911651
20.43	0.911743
20.42	0.911834
20.41	0.911925
20.4	0.912016
20.39	0.912108
20.38	0.912199
20.37	0.912291
20.36	0.912383
20.35	0.912475
20.34	0.912566
20.33	0.912659
20.32	0.912751
20.31	0.912843
20.3	0.912935
20.29	0.913028
20.28	0.913121
20.27	0.913213
20.26	0.913306
20.25	0.913399
20.24	0.913492
20.23	0.913585
20.22	0.913679
20.21	0.913772
20.2	0.913865
20.19	0.913959
20.18	0.914053
20.17	0.914146
20.16	0.91424
20.15	0.914334
20.14	0.914429
20.13	0.914523
20.12	0.914617
20.11	0.914712
20.1	0.914806
20.09	0.914901
20.08	0.914996
20.07	0.915091
20.06	0.915186
20.05	0.915281
20.04	0.915376
20.03	0.915471
20.02	0.915567
20.01	0.915662
20	0.915758
19.99	0.915854
19.98	0.91595
19.97	0.916046
19.96	0.916142
19.95	0.916238
19.94	0.916335
19.93	0.916431
19.92	0.916528
19.91	0.916624
19.9	0.916721
19.89	0.916818
19.88	0.916915
19.87	0.917012
19.86	0.91711
19.85	0.917207
19.84	0.917305
19.83	0.917402
19.82	0.9175
19.81	0.917598
19.8	0.917696
19.79	0.917794
19.78	0.917892
19.77	0.91799
19.76	0.918089
19.75	0.918187
19.74	0.918286
19.73	0.918385
19.72	0.918484
19.71	0.918583
19.7	0.918682
19.69	0.918781
19.68	0.918881
19.67	0.91898
19.66	0.91908
19.65	0.919179
19.64	0.919279
19.63	0.919379
19.62	0.919479
19.61	0.91958
19.6	0.91968
19.59	0.919781
19.58	0.919881
19.57	0.919982
19.56	0.920083
19.55	0.920184
19.54	0.920285
19.53	0.920386
19.52	0.920487
19.51	0.920589
19.5	0.92069
19.49	0.920792
19.48	0.920894
19.47	0.920996
19.46	0.921098
19.45	0.9212
19.44	0.921302
19.43	0.921405
19.42	0.921507
19.41	0.92161
19.4	0.921713
19.39	0.921816
19.38	0.921919
19.37	0.922022
19.36	0.922125
19.35	0.922229
19.34	0.922332
19.33	0.922436
19.32	0.92254
19.31	0.922644
19.3	0.922748
19.29	0.922852
19.28	0.922956
19.27	0.923061
19.26	0.923166
19.25	0.92327
19.24	0.923375
19.23	0.92348
19.22	0.923585
19.21	0.92369
19.2	0.923796
19.19	0.923901
19.18	0.924007
19.17	0.924113
19.16	0.924219
19.15	0.924325
19.14	0.924431
19.13	0.924537
19.12	0.924643
19.11	0.92475
19.1	0.924857
19.09	0.924963
19.08	0.92507
19.07	0.925177
19.06	0.925285
19.05	0.925392
19.04	0.925499
19.03	0.925607
19.02	0.925715
19.01	0.925823
19	0.925931
18.99	0.926039
18.98	0.926147
18.97	0.926256
18.96	0.926364
18.95	0.926473
18.94	0.926582
18.93	0.926691
18.92	0.9268
18.91	0.926909
18.9	0.927018
18.89	0.927128
18.88	0.927238
18.87	0.927347
18.86	0.927457
18.85	0.927567
18.84	0.927678
18.83	0.927788
18.82	0.927898
18.81	0.928009
18.8	0.92812
18.79	0.928231
18.78	0.928342
18.77	0.928453
18.76	0.928564
18.75	0.928676
18.74	0.928787
18.73	0.928899
18.72	0.929011
18.71	0.929123
18.7	0.929235
18.69	0.929347
18.68	0.92946
18.67	0.929573
18.66	0.929685
18.65	0.929798
18.64	0.929911
18.63	0.930024
18.62	0.930138
18.61	0.930251
18.6	0.930365
18.59	0.930479
18.58	0.930592
18.57	0.930707
18.56	0.930821
18.55	0.930935
18.54	0.93105
18.53	0.931164
18.52	0.931279
18.51	0.931394
18.5	0.931509
18.49	0.931624
18.48	0.93174
18.47	0.931855
18.46	0.931971
18.45	0.932087
18.44	0.932203
18.43	0.932319
18.42	0.932435
18.41	0.932552
18.4	0.932668
18.39	0.932785
18.38	0.932902
18.37	0.933019
18.36	0.933136
18.35	0.933253
18.34	0.933371
18.33	0.933488
18.32	0.933606
18.31	0.933724
18.3	0.933842
18.29	0.933961
18.28	0.934079
18.27	0.934198
18.26	0.934316
18.25	0.934435
18.24	0.934554
18.23	0.934673
18.22	0.934793
18.21	0.934912
18.2	0.935032
18.19	0.935152
18.18	0.935272
18.17	0.935392
18.16	0.935512
18.15	0.935633
18.14	0.935753
18.13	0.935874
18.12	0.935995
18.11	0.936116
18.1	0.936237
18.09	0.936359
18.08	0.93648
18.07	0.936602
18.06	0.936724
18.05	0.936846
18.04	0.936968
18.03	0.937091
18.02	0.937213
18.01	0.937336
18	0.937459
17.99	0.937582
17.98	0.937705
17.97	0.937828
17.96	0.937952
17.95	0.938076
17.94	0.9382
17.93	0.938324
17.92	0.938448
17.91	0.938572
17.9	0.938697
17.89	0.938821
17.88	0.938946
17.87	0.939071
17.86	0.939196
17.85	0.939322
17.84	0.939447
17.83	0.939573
17.82	0.939699
17.81	0.939825
17.8	0.939951
17.79	0.940078
17.78	0.940204
17.77	0.940331
17.76	0.940458
17.75	0.940585
17.74	0.940712
17.73	0.940839
17.72	0.940967
17.71	0.941095
17.7	0.941223
17.69	0.941351
17.68	0.941479
17.67	0.941608
17.66	0.941736
17.65	0.941865
17.64	0.941994
17.63	0.942123
17.62	0.942253
17.61	0.942382
17.6	0.942512
17.59	0.942642
17.58	0.942772
17.57	0.942902
17.56	0.943032
17.55	0.943163
17.54	0.943294
17.53	0.943425
17.52	0.943556
17.51	0.943687
17.5	0.943818
17.49	0.94395
17.48	0.944082
17.47	0.944214
17.46	0.944346
17.45	0.944479
17.44	0.944611
17.43	0.944744
17.42	0.944877
17.41	0.94501
17.4	0.945143
17.39	0.945277
17.38	0.94541
17.37	0.945544
17.36	0.945678
17.35	0.945813
17.34	0.945947
17.33	0.946082
17.32	0.946216
17.31	0.946351
17.3	0.946487
17.29	0.946622
17.28	0.946757
17.27	0.946893
17.26	0.947029
17.25	0.947165
17.24	0.947302
17.23	0.947438
17.22	0.947575
17.21	0.947712
17.2	0.947849
17.19	0.947986
17.18	0.948124
17.17	0.948261
17.16	0.948399
17.15	0.948537
17.14	0.948675
17.13	0.948814
17.12	0.948952
17.11	0.949091
17.1	0.94923
17.09	0.94937
17.08	0.949509
17.07	0.949649
17.06	0.949788
17.05	0.949928
17.04	0.950069
17.03	0.950209
17.02	0.95035
17.01	0.95049
17	0.950631
16.99	0.950773
16.98	0.950914
16.97	0.951056
16.96	0.951198
16.95	0.95134
16.94	0.951482
16.93	0.951624
16.92	0.951767
16.91	0.95191
16.9	0.952053
16.89	0.952196
16.88	0.95234
16.87	0.952483
16.86	0.952627
16.85	0.952771
16.84	0.952915
16.83	0.95306
16.82	0.953205
16.81	0.95335
16.8	0.953495
16.79	0.95364
16.78	0.953786
16.77	0.953931
16.76	0.954077
16.75	0.954223
16.74	0.95437
16.73	0.954516
16.72	0.954663
16.71	0.95481
16.7	0.954958
16.69	0.955105
16.68	0.955253
16.67	0.955401
16.66	0.955549
16.65	0.955697
16.64	0.955846
16.63	0.955994
16.62	0.956143
16.61	0.956293
16.6	0.956442
16.59	0.956592
16.58	0.956741
16.57	0.956891
16.56	0.957042
16.55	0.957192
16.54	0.957343
16.53	0.957494
16.52	0.957645
16.51	0.957797
16.5	0.957948
16.49	0.9581
16.48	0.958252
16.47	0.958404
16.46	0.958557
16.45	0.95871
16.44	0.958863
16.43	0.959016
16.42	0.959169
16.41	0.959323
16.4	0.959477
16.39	0.959631
16.38	0.959785
16.37	0.95994
16.36	0.960095
16.35	0.96025
16.34	0.960405
16.33	0.960561
16.32	0.960716
16.31	0.960872
16.3	0.961029
16.29	0.961185
16.28	0.961342
16.27	0.961499
16.26	0.961656
16.25	0.961813
16.24	0.961971
16.23	0.962129
16.22	0.962287
16.21	0.962445
16.2	0.962604
16.19	0.962762
16.18	0.962921
16.17	0.963081
16.16	0.96324
16.15	0.9634
16.14	0.96356
16.13	0.96372
16.12	0.963881
16.11	0.964042
16.1	0.964203
16.09	0.964364
16.08	0.964525
16.07	0.964687
16.06	0.964849
16.05	0.965011
16.04	0.965174
16.03	0.965337
16.02	0.9655
16.01	0.965663
16	0.965826
15.99	0.96599
15.98	0.966154
15.97	0.966318
15.96	0.966483
15.95	0.966647
15.94	0.966812
15.93	0.966978
15.92	0.967143
15.91	0.967309
15.9	0.967475
15.89	0.967641
15.88	0.967808
15.87	0.967974
15.86	0.968141
15.85	0.968309
15.84	0.968476
15.83	0.968644
15.82	0.968812
15.81	0.968981
15.8	0.969149
15.79	0.969318
15.78	0.969487
15.77	0.969657
15.76	0.969826
15.75	0.969996
15.74	0.970166
15.73	0.970337
15.72	0.970508
15.71	0.970679
15.7	0.97085
15.69	0.971021
15.68	0.971193
15.67	0.971365
15.66	0.971538
15.65	0.97171
15.64	0.971883
15.63	0.972056
15.62	0.97223
15.61	0.972403
15.6	0.972577
15.59	0.972752
15.58	0.972926
15.57	0.973101
15.56	0.973276
15.55	0.973451
15.54	0.973627
15.53	0.973803
15.52	0.973979
15.51	0.974156
15.5	0.974333
15.49	0.97451
15.48	0.974687
15.47	0.974864
15.46	0.975042
15.45	0.975221
15.44	0.975399
15.43	0.975578
15.42	0.975757
15.41	0.975936
15.4	0.976116
15.39	0.976296
15.38	0.976476
15.37	0.976656
15.36	0.976837
15.35	0.977018
15.34	0.9772
15.33	0.977381
15.32	0.977563
15.31	0.977745
15.3	0.977928
15.29	0.978111
15.28	0.978294
15.27	0.978477
15.26	0.978661
15.25	0.978845
15.24	0.979029
15.23	0.979214
15.22	0.979399
15.21	0.979584
15.2	0.97977
15.19	0.979956
15.18	0.980142
15.17	0.980328
15.16	0.980515
15.15	0.980702
15.14	0.980889
15.13	0.981077
15.12	0.981265
15.11	0.981453
15.1	0.981642
15.09	0.981831
15.08	0.98202
15.07	0.982209
15.06	0.982399
15.05	0.982589
15.04	0.98278
15.03	0.982971
15.02	0.983162
15.01	0.983353
15	0.983545
14.99	0.983737
14.98	0.983929
14.97	0.984122
14.96	0.984315
14.95	0.984508
14.94	0.984702
14.93	0.984896
14.92	0.98509
14.91	0.985285
14.9	0.98548
14.89	0.985675
14.88	0.985871
14.87	0.986067
14.86	0.986263
14.85	0.98646
14.84	0.986657
14.83	0.986854
14.82	0.987051
14.81	0.987249
14.8	0.987448
14.79	0.987646
14.78	0.987845
14.77	0.988044
14.76	0.988244
14.75	0.988444
14.74	0.988644
14.73	0.988845
14.72	0.989046
14.71	0.989247
14.7	0.989449
14.69	0.989651
14.68	0.989853
14.67	0.990056
14.66	0.990259
14.65	0.990462
14.64	0.990666
14.63	0.99087
14.62	0.991074
14.61	0.991279
14.6	0.991484
14.59	0.99169
14.58	0.991896
14.57	0.992102
14.56	0.992308
14.55	0.992515
14.54	0.992722
14.53	0.99293
14.52	0.993138
14.51	0.993346
14.5	0.993555
14.49	0.993764
14.48	0.993973
14.47	0.994183
14.46	0.994393
14.45	0.994604
14.44	0.994815
14.43	0.995026
14.42	0.995238
14.41	0.99545
14.4	0.995662
14.39	0.995875
14.38	0.996088
14.37	0.996301
14.36	0.996515
14.35	0.996729
14.34	0.996944
14.33	0.997159
14.32	0.997374
14.31	0.99759
14.3	0.997806
14.29	0.998022
14.28	0.998239
14.27	0.998456
14.26	0.998674
14.25	0.998892
14.24	0.99911
14.23	0.999329
14.22	0.999548
14.21	0.999768
14.2	0.999988
14.19	1.00021
14.18	1.00043
14.17	1.00065
14.16	1.00087
14.15	1.00109
14.14	1.00132
14.13	1.00154
14.12	1.00176
14.11	1.00199
14.1	1.00221
14.09	1.00243
14.08	1.00266
14.07	1.00288
14.06	1.00311
14.05	1.00333
14.04	1.00356
14.03	1.00379
14.02	1.00401
14.01	1.00424
14	1.00447
13.99	1.0047
13.98	1.00493
13.97	1.00516
13.96	1.00539
13.95	1.00562
13.94	1.00585
13.93	1.00608
13.92	1.00631
13.91	1.00654
13.9	1.00677
13.89	1.00701
13.88	1.00724
13.87	1.00747
13.86	1.00771
13.85	1.00794
13.84	1.00817
13.83	1.00841
13.82	1.00865
13.81	1.00888
13.8	1.00912
13.79	1.00935
13.78	1.00959
13.77	1.00983
13.76	1.01007
13.75	1.01031
13.74	1.01055
13.73	1.01078
13.72	1.01102
13.71	1.01127
13.7	1.01151
13.69	1.01175
13.68	1.01199
13.67	1.01223
13.66	1.01247
13.65	1.01272
13.64	1.01296
13.63	1.0132
13.62	1.01345
13.61	1.01369
13.6	1.01394
13.59	1.01419
13.58	1.01443
13.57	1.01468
13.56	1.01493
13.55	1.01517
13.54	1.01542
13.53	1.01567
13.52	1.01592
13.51	1.01617
13.5	1.01642
13.49	1.01667
13.48	1.01692
13.47	1.01717
13.46	1.01742
13.45	1.01768
13.44	1.01793
13.43	1.01818
13.42	1.01844
13.41	1.01869
13.4	1.01895
13.39	1.0192
13.38	1.01946
13.37	1.01971
13.36	1.01997
13.35	1.02023
13.34	1.02048
13.33	1.02074
13.32	1.021
13.31	1.02126
13.3	1.02152
13.29	1.02178
13.28	1.02204
13.27	1.0223
13.26	1.02256
13.25	1.02283
13.24	1.02309
13.23	1.02335
13.22	1.02362
13.21	1.02388
13.2	1.02415
13.19	1.02441
13.18	1.02468
13.17	1.02494
13.16	1.02521
13.15	1.02548
13.14	1.02575
13.13	1.02601
13.12	1.02628
13.11	1.02655
13.1	1.02682
13.09	1.02709
13.08	1.02736
13.07	1.02764
13.06	1.02791
13.05	1.02818
13.04	1.02845
13.03	1.02873
13.02	1.029
13.01	1.02928
13	1.02955
12.99	1.02983
12.98	1.03011
12.97	1.03038
12.96	1.03066
12.95	1.03094
12.94	1.03122
12.93	1.0315
12.92	1.03178
12.91	1.03206
12.9	1.03234
12.89	1.03262
12.88	1.0329
12.87	1.03318
12.86	1.03347
12.85	1.03375
12.84	1.03404
12.83	1.03432
12.82	1.03461
12.81	1.03489
12.8	1.03518
12.79	1.03547
12.78	1.03575
12.77	1.03604
12.76	1.03633
12.75	1.03662
12.74	1.03691
12.73	1.0372
12.72	1.03749
12.71	1.03779
12.7	1.03808
12.69	1.03837
12.68	1.03867
12.67	1.03896
12.66	1.03926
12.65	1.03955
12.64	1.03985
12.63	1.04014
12.62	1.04044
12.61	1.04074
12.6	1.04104
12.59	1.04134
12.58	1.04164
12.57	1.04194
12.56	1.04224
12.55	1.04254
12.54	1.04284
12.53	1.04315
12.52	1.04345
12.51	1.04375
12.5	1.04406
12.49	1.04436
12.48	1.04467
12.47	1.04498
12.46	1.04529
12.45	1.04559
12.44	1.0459
12.43	1.04621
12.42	1.04652
12.41	1.04683
12.4	1.04714
12.39	1.04746
12.38	1.04777
12.37	1.04808
12.36	1.0484
12.35	1.04871
12.34	1.04903
12.33	1.04934
12.32	1.04966
12.31	1.04998
12.3	1.05029
12.29	1.05061
12.28	1.05093
12.27	1.05125
12.26	1.05157
12.25	1.05189
12.24	1.05222
12.23	1.05254
12.22	1.05286
12.21	1.05319
12.2	1.05351
12.19	1.05384
12.18	1.05416
12.17	1.05449
12.16	1.05482
12.15	1.05515
12.14	1.05548
12.13	1.05581
12.12	1.05614
12.11	1.05647
12.1	1.0568
12.09	1.05713
12.08	1.05747
12.07	1.0578
12.06	1.05814
12.05	1.05847
12.04	1.05881
12.03	1.05915
12.02	1.05948
12.01	1.05982
12	1.06016
11.99	1.0605
11.98	1.06084
11.97	1.06118
11.96	1.06153
11.95	1.06187
11.94	1.06221
11.93	1.06256
11.92	1.0629
11.91	1.06325
11.9	1.0636
11.89	1.06394
11.88	1.06429
11.87	1.06464
11.86	1.06499
11.85	1.06534
11.84	1.06569
11.83	1.06605
11.82	1.0664
11.81	1.06675
11.8	1.06711
11.79	1.06746
11.78	1.06782
11.77	1.06818
11.76	1.06854
11.75	1.06889
11.74	1.06925
11.73	1.06961
11.72	1.06998
11.71	1.07034
11.7	1.0707
11.69	1.07106
11.68	1.07143
11.67	1.07179
11.66	1.07216
11.65	1.07253
11.64	1.0729
11.63	1.07326
11.62	1.07363
11.61	1.074
11.6	1.07438
11.59	1.07475
11.58	1.07512
11.57	1.07549
11.56	1.07587
11.55	1.07624
11.54	1.07662
11.53	1.077
11.52	1.07738
11.51	1.07776
11.5	1.07814
11.49	1.07852
11.48	1.0789
11.47	1.07928
11.46	1.07966
11.45	1.08005
11.44	1.08043
11.43	1.08082
11.42	1.08121
11.41	1.0816
11.4	1.08198
11.39	1.08237
11.38	1.08276
11.37	1.08316
11.36	1.08355
11.35	1.08394
11.34	1.08434
11.33	1.08473
11.32	1.08513
11.31	1.08553
11.3	1.08592
11.29	1.08632
11.28	1.08672
11.27	1.08712
11.26	1.08753
11.25	1.08793
11.24	1.08833
11.23	1.08874
11.22	1.08914
11.21	1.08955
11.2	1.08996
11.19	1.09037
11.18	1.09078
11.17	1.09119
11.16	1.0916
11.15	1.09201
11.14	1.09243
11.13	1.09284
11.12	1.09326
11.11	1.09367
11.1	1.09409
11.09	1.09451
11.08	1.09493
11.07	1.09535
11.06	1.09577
11.05	1.0962
11.04	1.09662
11.03	1.09705
11.02	1.09747
11.01	1.0979
11	1.09833
10.99	1.09876
10.98	1.09919
10.97	1.09962
10.96	1.10005
10.95	1.10048
10.94	1.10092
10.93	1.10135
10.92	1.10179
10.91	1.10223
10.9	1.10267
10.89	1.10311
10.88	1.10355
10.87	1.10399
10.86	1.10443
10.85	1.10488
10.84	1.10532
10.83	1.10577
10.82	1.10622
10.81	1.10667
10.8	1.10712
10.79	1.10757
10.78	1.10802
10.77	1.10847
10.76	1.10893
10.75	1.10939
10.74	1.10984
10.73	1.1103
10.72	1.11076
10.71	1.11122
10.7	1.11168
10.69	1.11214
10.68	1.11261
10.67	1.11307
10.66	1.11354
10.65	1.11401
10.64	1.11448
10.63	1.11495
10.62	1.11542
10.61	1.11589
10.6	1.11636
10.59	1.11684
10.58	1.11731
10.57	1.11779
10.56	1.11827
10.55	1.11875
10.54	1.11923
10.53	1.11971
10.52	1.1202
10.51	1.12068
10.5	1.12117
10.49	1.12166
10.48	1.12214
10.47	1.12263
10.46	1.12313
10.45	1.12362
10.44	1.12411
10.43	1.12461
10.42	1.1251
10.41	1.1256
10.4	1.1261
10.39	1.1266
10.38	1.1271
10.37	1.12761
10.36	1.12811
10.35	1.12862
10.34	1.12912
10.33	1.12963
10.32	1.13014
10.31	1.13065
10.3	1.13117
10.29	1.13168
10.28	1.1322
10.27	1.13271
10.26	1.13323
10.25	1.13375
10.24	1.13427
10.23	1.13479
10.22	1.13532
10.21	1.13584
10.2	1.13637
10.19	1.1369
10.18	1.13743
10.17	1.13796
10.16	1.13849
10.15	1.13903
10.14	1.13956
10.13	1.1401
10.12	1.14064
10.11	1.14118
10.1	1.14172
10.09	1.14226
10.08	1.1428
10.07	1.14335
10.06	1.1439
10.05	1.14445
10.04	1.145
10.03	1.14555
10.02	1.1461
10.01	1.14666
10	1.14721
9.99	1.14777
9.98	1.14833
9.97	1.14889
9.96	1.14946
9.95	1.15002
9.94	1.15059
9.93	1.15115
9.92	1.15172
9.91	1.15229
9.9	1.15287
9.89	1.15344
9.88	1.15402
9.87	1.15459
9.86	1.15517
9.85	1.15575
9.84	1.15634
9.83	1.15692
9.82	1.15751
9.81	1.15809
9.8	1.15868
9.79	1.15927
9.78	1.15987
9.77	1.16046
9.76	1.16106
9.75	1.16165
9.74	1.16225
9.73	1.16285
9.72	1.16346
9.71	1.16406
9.7	1.16467
9.69	1.16528
9.68	1.16589
9.67	1.1665
9.66	1.16711
9.65	1.16773
9.64	1.16834
9.63	1.16896
9.62	1.16958
9.61	1.17021
9.6	1.17083
9.59	1.17146
9.58	1.17209
9.57	1.17272
9.56	1.17335
9.55	1.17398
9.54	1.17462
9.53	1.17526
9.52	1.1759
9.51	1.17654
9.5	1.17718
9.49	1.17783
9.48	1.17847
9.47	1.17912
9.46	1.17977
9.45	1.18043
9.44	1.18108
9.43	1.18174
9.42	1.1824
9.41	1.18306
9.4	1.18372
9.39	1.18439
9.38	1.18506
9.37	1.18572
9.36	1.1864
9.35	1.18707
9.34	1.18774
9.33	1.18842
9.32	1.1891
9.31	1.18978
9.3	1.19047
9.29	1.19115
9.28	1.19184
9.27	1.19253
9.26	1.19322
9.25	1.19392
9.24	1.19462
9.23	1.19531
9.22	1.19602
9.21	1.19672
9.2	1.19742
9.19	1.19813
9.18	1.19884
9.17	1.19955
9.16	1.20027
9.15	1.20099
9.14	1.2017
9.13	1.20243
9.12	1.20315
9.11	1.20387
9.1	1.2046
9.09	1.20533
9.08	1.20607
9.07	1.2068
9.06	1.20754
9.05	1.20828
9.04	1.20902
9.03	1.20977
9.02	1.21051
9.01	1.21126
9	1.21201
8.99	1.21277
8.98	1.21353
8.97	1.21429
8.96	1.21505
8.95	1.21581
8.94	1.21658
8.93	1.21735
8.92	1.21812
8.91	1.21889
8.9	1.21967
8.89	1.22045
8.88	1.22123
8.87	1.22202
8.86	1.2228
8.85	1.22359
8.84	1.22439
8.83	1.22518
8.82	1.22598
8.81	1.22678
8.8	1.22758
8.79	1.22839
8.78	1.2292
8.77	1.23001
8.76	1.23082
8.75	1.23164
8.74	1.23246
8.73	1.23328
8.72	1.23411
8.71	1.23493
8.7	1.23576
8.69	1.2366
8.68	1.23743
8.67	1.23827
8.66	1.23912
8.65	1.23996
8.64	1.24081
8.63	1.24166
8.62	1.24251
8.61	1.24337
8.6	1.24423
8.59	1.24509
8.58	1.24596
8.57	1.24683
8.56	1.2477
8.55	1.24857
8.54	1.24945
8.53	1.25033
8.52	1.25122
8.51	1.2521
8.5	1.25299
8.49	1.25389
8.48	1.25478
8.47	1.25568
8.46	1.25658
8.45	1.25749
8.44	1.2584
8.43	1.25931
8.42	1.26023
8.41	1.26115
8.4	1.26207
8.39	1.26299
8.38	1.26392
8.37	1.26486
8.36	1.26579
8.35	1.26673
8.34	1.26767
8.33	1.26862
8.32	1.26957
8.31	1.27052
8.3	1.27148
8.29	1.27244
8.28	1.2734
8.27	1.27437
8.26	1.27534
8.25	1.27631
8.24	1.27729
8.23	1.27827
8.22	1.27925
8.21	1.28024
8.2	1.28123
8.19	1.28223
8.18	1.28323
8.17	1.28423
8.16	1.28524
8.15	1.28625
8.14	1.28726
8.13	1.28828
8.12	1.2893
8.11	1.29033
8.1	1.29136
8.09	1.29239
8.08	1.29343
8.07	1.29447
8.06	1.29551
8.05	1.29656
8.04	1.29762
8.03	1.29867
8.02	1.29974
8.01	1.3008
8	1.30187
7.99	1.30294
7.98	1.30402
7.97	1.3051
7.96	1.30619
7.95	1.30728
7.94	1.30838
7.93	1.30947
7.92	1.31058
7.91	1.31169
7.9	1.3128
7.89	1.31391
7.88	1.31503
7.87	1.31616
7.86	1.31729
7.85	1.31842
7.84	1.31956
7.83	1.3207
7.82	1.32185
7.81	1.323
7.8	1.32416
7.79	1.32532
7.78	1.32649
7.77	1.32766
7.76	1.32883
7.75	1.33001
7.74	1.3312
7.73	1.33239
7.72	1.33358
7.71	1.33478
7.7	1.33599
7.69	1.3372
7.68	1.33841
7.67	1.33963
7.66	1.34085
7.65	1.34208
7.64	1.34332
7.63	1.34455
7.62	1.3458
7.61	1.34705
7.6	1.3483
7.59	1.34956
7.58	1.35083
7.57	1.3521
7.56	1.35337
7.55	1.35466
7.54	1.35594
7.53	1.35723
7.52	1.35853
7.51	1.35983
7.5	1.36114
7.49	1.36246
7.48	1.36378
7.47	1.3651
7.46	1.36643
7.45	1.36777
7.44	1.36911
7.43	1.37046
7.42	1.37181
7.41	1.37317
7.4	1.37454
7.39	1.37591
7.38	1.37729
7.37	1.37867
7.36	1.38006
7.35	1.38146
7.34	1.38286
7.33	1.38426
7.32	1.38568
7.31	1.3871
7.3	1.38853
7.29	1.38996
7.28	1.3914
7.27	1.39284
7.26	1.3943
7.25	1.39575
7.24	1.39722
7.23	1.39869
7.22	1.40017
7.21	1.40165
7.2	1.40315
7.19	1.40464
7.18	1.40615
7.17	1.40766
7.16	1.40918
7.15	1.41071
7.14	1.41224
7.13	1.41378
7.12	1.41532
7.11	1.41688
7.1	1.41844
7.09	1.42001
7.08	1.42158
7.07	1.42317
7.06	1.42476
7.05	1.42635
7.04	1.42796
7.03	1.42957
7.02	1.43119
7.01	1.43282
7	1.43446
6.99	1.4361
6.98	1.43775
6.97	1.43941
6.96	1.44108
6.95	1.44275
6.94	1.44443
6.93	1.44613
6.92	1.44782
6.91	1.44953
6.9	1.45125
6.89	1.45297
6.88	1.4547
6.87	1.45644
6.86	1.45819
6.85	1.45995
6.84	1.46172
6.83	1.46349
6.82	1.46528
6.81	1.46707
6.8	1.46887
6.79	1.47068
6.78	1.4725
6.77	1.47433
6.76	1.47616
6.75	1.47801
6.74	1.47987
6.73	1.48173
6.72	1.48361
6.71	1.48549
6.7	1.48738
6.69	1.48929
6.68	1.4912
6.67	1.49312
6.66	1.49505
6.65	1.497
6.64	1.49895
6.63	1.50091
6.62	1.50288
6.61	1.50487
6.6	1.50686
6.59	1.50886
6.58	1.51088
6.57	1.5129
6.56	1.51494
6.55	1.51698
6.54	1.51904
6.53	1.52111
6.52	1.52319
6.51	1.52527
6.5	1.52737
6.49	1.52949
6.48	1.53161
6.47	1.53374
6.46	1.53589
6.45	1.53805
6.44	1.54022
6.43	1.5424
6.42	1.54459
6.41	1.54679
6.4	1.54901
6.39	1.55124
6.38	1.55348
6.37	1.55573
6.36	1.558
6.35	1.56028
6.34	1.56257
6.33	1.56487
6.32	1.56719
6.31	1.56952
6.3	1.57186
6.29	1.57422
6.28	1.57659
6.27	1.57897
6.26	1.58137
6.25	1.58378
6.24	1.5862
6.23	1.58864
6.22	1.59109
6.21	1.59355
6.2	1.59603
6.19	1.59853
6.18	1.60104
6.17	1.60356
6.16	1.6061
6.15	1.60865
6.14	1.61122
6.13	1.6138
6.12	1.6164
6.11	1.61901
6.1	1.62164
6.09	1.62428
6.08	1.62694
6.07	1.62962
6.06	1.63231
6.05	1.63502
6.04	1.63775
6.03	1.64049
6.02	1.64325
6.01	1.64602
6	1.64881
5.99	1.65162
5.98	1.65445
5.97	1.65729
5.96	1.66015
5.95	1.66303
5.94	1.66593
5.93	1.66884
5.92	1.67177
5.91	1.67473
5.9	1.6777
5.89	1.68068
5.88	1.68369
5.87	1.68672
5.86	1.68977
5.85	1.69283
5.84	1.69592
5.83	1.69902
5.82	1.70215
5.81	1.70529
5.8	1.70846
5.79	1.71164
5.78	1.71485
5.77	1.71808
5.76	1.72133
5.75	1.7246
5.74	1.72789
5.73	1.73121
5.72	1.73454
5.71	1.7379
5.7	1.74128
5.69	1.74469
5.68	1.74811
5.67	1.75157
5.66	1.75504
5.65	1.75854
5.64	1.76206
5.63	1.7656
5.62	1.76917
5.61	1.77277
5.6	1.77639
5.59	1.78003
5.58	1.7837
5.57	1.7874
5.56	1.79112
5.55	1.79487
5.54	1.79864
5.53	1.80244
5.52	1.80627
5.51	1.81013
5.5	1.81401
5.49	1.81792
5.48	1.82186
5.47	1.82583
5.46	1.82983
5.45	1.83386
5.44	1.83791
5.43	1.842
5.42	1.84612
5.41	1.85026
5.4	1.85444
5.39	1.85865
5.38	1.86289
5.37	1.86716
5.36	1.87147
5.35	1.8758
5.34	1.88017
5.33	1.88458
5.32	1.88901
5.31	1.89349
5.3	1.89799
5.29	1.90253
5.28	1.90711
5.27	1.91172
5.26	1.91637
5.25	1.92105
5.24	1.92578
5.23	1.93054
5.22	1.93533
5.21	1.94017
5.2	1.94504
5.19	1.94996
5.18	1.95491
5.17	1.95991
5.16	1.96494
5.15	1.97002
5.14	1.97514
5.13	1.9803
5.12	1.9855
5.11	1.99075
5.1	1.99604
5.09	2.00137
5.08	2.00675
5.07	2.01218
5.06	2.01765
5.05	2.02317
5.04	2.02874
5.03	2.03435
5.02	2.04001
5.01	2.04573
5	2.05149
4.99	2.0573
4.98	2.06317
4.97	2.06908
4.96	2.07505
4.95	2.08107
4.94	2.08715
4.93	2.09328
4.92	2.09947
4.91	2.10571
4.9	2.11202
4.89	2.11837
4.88	2.12479
4.87	2.13127
4.86	2.13781
4.85	2.14441
4.84	2.15107
4.83	2.15779
4.82	2.16458
4.81	2.17143
4.8	2.17835
4.79	2.18534
4.78	2.19239
4.77	2.19952
4.76	2.20671
4.75	2.21397
4.74	2.22131
4.73	2.22872
4.72	2.2362
4.71	2.24376
4.7	2.2514
4.69	2.25911
4.68	2.2669
4.67	2.27477
4.66	2.28273
4.65	2.29076
4.64	2.29888
4.63	2.30709
4.62	2.31538
4.61	2.32377
4.6	2.33224
4.59	2.3408
4.58	2.34946
4.57	2.35821
4.56	2.36705
4.55	2.37599
4.54	2.38504
4.53	2.39418
4.52	2.40343
4.51	2.41278
4.5	2.42224
4.49	2.4318
4.48	2.44148
4.47	2.45127
4.46	2.46117
4.45	2.47119
4.44	2.48133
4.43	2.49158
4.42	2.50196
4.41	2.51247
4.4	2.52311
4.39	2.53387
4.38	2.54477
4.37	2.5558
4.36	2.56697
4.35	2.57828
4.34	2.58973
4.33	2.60133
4.32	2.61308
4.31	2.62498
4.3	2.63704
4.29	2.64926
4.28	2.66164
4.27	2.67418
4.26	2.68689
4.25	2.69978
4.24	2.71284
4.23	2.72608
4.22	2.73951
4.21	2.75312
4.2	2.76693
4.19	2.78094
4.18	2.79514
4.17	2.80956
4.16	2.82418
4.15	2.83902
4.14	2.85408
4.13	2.86937
4.12	2.88489
4.11	2.90065
4.1	2.91666
4.09	2.93291
4.08	2.94942
4.07	2.9662
4.06	2.98324
4.05	3.00057
4.04	3.01818
4.03	3.03608
4.02	3.05428
4.01	3.0728
4	3.09163
3.99	3.11078
3.98	3.13028
3.97	3.15012
3.96	3.17032
3.95	3.19089
3.94	3.21184
3.93	3.23318
3.92	3.25492
3.91	3.27708
3.9	3.29967
3.89	3.3227
3.88	3.3462
3.87	3.37017
3.86	3.39463
3.85	3.4196
3.84	3.44509
3.83	3.47114
3.82	3.49775
3.81	3.52495
3.8	3.55276
3.79	3.5812
3.78	3.61031
3.77	3.6401
3.76	3.67061
3.75	3.70187
3.74	3.7339
3.73	3.76675
3.72	3.80045
3.71	3.83503
3.7	3.87055
3.69	3.90705
3.68	3.94457
3.67	3.98317
3.66	4.0229
3.65	4.06382
3.64	4.10601
3.63	4.14952
3.62	4.19445
3.61	4.24086
3.6	4.28886
3.59	4.33855
3.58	4.39003
3.57	4.44343
3.56	4.49888
3.55	4.55652
3.54	4.61654
3.53	4.67911
3.52	4.74444
3.51	4.81276
3.5	4.88434
3.49	4.95948
3.48	5.03853
3.47	5.12189
3.46	5.21002
3.45	5.30347
3.44	5.40287
3.43	5.50899
3.42	5.62276
3.41	5.7453
3.4	5.878
3.39	6.02263
3.38	6.18143
3.37	6.35738
3.36	6.55447
3.35	6.77829
3.34	7.037
3.33	7.34317
3.32	7.71766
3.31	8.19911
3.3	8.87248
3.29	9.99644
3.28	14.2867
-3.28	14.2867
-3.29	9.99644
-3.3	8.87248
-3.31	8.19911
-3.32	7.71766
-3.33	7.34317
-3.34	7.037
-3.35	6.77829
-3.36	6.55447
-3.37	6.35738
-3.38	6.18143
-3.39	6.02263
-3.4	5.878
-3.41	5.7453
-3.42	5.62276
-3.43	5.50899
-3.44	5.40287
-3.45	5.30347
-3.46	5.21002
-3.47	5.12189
-3.48	5.03853
-3.49	4.95948
-3.5	4.88434
-3.51	4.81276
-3.52	4.74444
-3.53	4.67911
-3.54	4.61654
-3.55	4.55652
-3.56	4.49888
-3.57	4.44343
-3.58	4.39003
-3.59	4.33855
-3.6	4.28886
-3.61	4.24086
-3.62	4.19445
-3.63	4.14952
-3.64	4.10601
-3.65	4.06382
-3.66	4.0229
-3.67	3.98317
-3.68	3.94457
-3.69	3.90705
-3.7	3.87055
-3.71	3.83503
-3.72	3.80045
-3.73	3.76675
-3.74	3.7339
-3.75	3.70187
-3.76	3.67061
-3.77	3.6401
-3.78	3.61031
-3.79	3.5812
-3.8	3.55276
-3.81	3.52495
-3.82	3.49775
-3.83	3.47114
-3.84	3.44509
-3.85	3.4196
-3.86	3.39463
-3.87	3.37017
-3.88	3.3462
-3.89	3.3227
-3.9	3.29967
-3.91	3.27708
-3.92	3.25492
-3.93	3.23318
-3.94	3.21184
-3.95	3.19089
-3.96	3.17032
-3.97	3.15012
-3.98	3.13028
-3.99	3.11078
-4	3.09163
-4.01	3.0728
-4.02	3.05428
-4.03	3.03608
-4.04	3.01818
-4.05	3.00057
-4.06	2.98324
-4.07	2.9662
-4.08	2.94942
-4.09	2.93291
-4.1	2.91666
-4.11	2.90065
-4.12	2.88489
-4.13	2.86937
-4.14	2.85408
-4.15	2.83902
-4.16	2.82418
-4.17	2.80956
-4.18	2.79514
-4.19	2.78094
-4.2	2.76693
-4.21	2.75312
-4.22	2.73951
-4.23	2.72608
-4.24	2.71284
-4.25	2.69978
-4.26	2.68689
-4.27	2.67418
-4.28	2.66164
-4.29	2.64926
-4.3	2.63704
-4.31	2.62498
-4.32	2.61308
-4.33	2.60133
-4.34	2.58973
-4.35	2.57828
-4.36	2.56697
-4.37	2.5558
-4.38	2.54477
-4.39	2.53387
-4.4	2.52311
-4.41	2.51247
-4.42	2.50196
-4.43	2.49158
-4.44	2.48133
-4.45	2.47119
-4.46	2.46117
-4.47	2.45127
-4.48	2.44148
-4.49	2.4318
-4.5	2.42224
-4.51	2.41278
-4.52	2.40343
-4.53	2.39418
-4.54	2.38504
-4.55	2.37599
-4.56	2.36705
-4.57	2.35821
-4.58	2.34946
-4.59	2.3408
-4.6	2.33224
-4.61	2.32377
-4.62	2.31538
-4.63	2.30709
-4.64	2.29888
-4.65	2.29076
-4.66	2.28273
-4.67	2.27477
-4.68	2.2669
-4.69	2.25911
-4.7	2.2514
-4.71	2.24376
-4.72	2.2362
-4.73	2.22872
-4.74	2.22131
-4.75	2.21397
-4.76	2.20671
-4.77	2.19952
-4.78	2.19239
-4.79	2.18534
-4.8	2.17835
-4.81	2.17143
-4.82	2.16458
-4.83	2.15779
-4.84	2.15107
-4.85	2.14441
-4.86	2.13781
-4.87	2.13127
-4.88	2.12479
-4.89	2.11837
-4.9	2.11202
-4.91	2.10571
-4.92	2.09947
-4.93	2.09328
-4.94	2.08715
-4.95	2.08107
-4.96	2.07505
-4.97	2.06908
-4.98	2.06317
-4.99	2.0573
-5	2.05149
-5.01	2.04573
-5.02	2.04001
-5.03	2.03435
-5.04	2.02874
-5.05	2.02317
-5.06	2.01765
-5.07	2.01218
-5.08	2.00675
-5.09	2.00137
-5.1	1.99604
-5.11	1.99075
-5.12	1.9855
-5.13	1.9803
-5.14	1.97514
-5.15	1.97002
-5.16	1.96494
-5.17	1.95991
-5.18	1.95491
-5.19	1.94996
-5.2	1.94504
-5.21	1.94017
-5.22	1.93533
-5.23	1.93054
-5.24	1.92578
-5.25	1.92105
-5.26	1.91637
-5.27	1.91172
-5.28	1.90711
-5.29	1.90253
-5.3	1.89799
-5.31	1.89349
-5.32	1.88901
-5.33	1.88458
-5.34	1.88017
-5.35	1.8758
-5.36	1.87147
-5.37	1.86716
-5.38	1.86289
-5.39	1.85865
-5.4	1.85444
-5.41	1.85026
-5.42	1.84612
-5.43	1.842
-5.44	1.83791
-5.45	1.83386
-5.46	1.82983
-5.47	1.82583
-5.48	1.82186
-5.49	1.81792
-5.5	1.81401
-5.51	1.81013
-5.52	1.80627
-5.53	1.80244
-5.54	1.79864
-5.55	1.79487
-5.56	1.79112
-5.57	1.7874
-5.58	1.7837
-5.59	1.78003
-5.6	1.77639
-5.61	1.77277
-5.62	1.76917
-5.63	1.7656
-5.64	1.76206
-5.65	1.75854
-5.66	1.75504
-5.67	1.75157
-5.68	1.74811
-5.69	1.74469
-5.7	1.74128
-5.71	1.7379
-5.72	1.73454
-5.73	1.73121
-5.74	1.72789
-5.75	1.7246
-5.76	1.72133
-5.77	1.71808
-5.78	1.71485
-5.79	1.71164
-5.8	1.70846
-5.81	1.70529
-5.82	1.70215
-5.83	1.69902
-5.84	1.69592
-5.85	1.69283
-5.86	1.68977
-5.87	1.68672
-5.88	1.68369
-5.89	1.68068
-5.9	1.6777
-5.91	1.67473
-5.92	1.67177
-5.93	1.66884
-5.94	1.66593
-5.95	1.66303
-5.96	1.66015
-5.97	1.65729
-5.98	1.65445
-5.99	1.65162
-6	1.64881
-6.01	1.64602
-6.02	1.64325
-6.03	1.64049
-6.04	1.63775
-6.05	1.63502
-6.06	1.63231
-6.07	1.62962
-6.08	1.62694
-6.09	1.62428
-6.1	1.62164
-6.11	1.61901
-6.12	1.6164
-6.13	1.6138
-6.14	1.61122
-6.15	1.60865
-6.16	1.6061
-6.17	1.60356
-6.18	1.60104
-6.19	1.59853
-6.2	1.59603
-6.21	1.59355
-6.22	1.59109
-6.23	1.58864
-6.24	1.5862
-6.25	1.58378
-6.26	1.58137
-6.27	1.57897
-6.28	1.57659
-6.29	1.57422
-6.3	1.57186
-6.31	1.56952
-6.32	1.56719
-6.33	1.56487
-6.34	1.56257
-6.35	1.56028
-6.36	1.558
-6.37	1.55573
-6.38	1.55348
-6.39	1.55124
-6.4	1.54901
-6.41	1.54679
-6.42	1.54459
-6.43	1.5424
-6.44	1.54022
-6.45	1.53805
-6.46	1.53589
-6.47	1.53374
-6.48	1.53161
-6.49	1.52949
-6.5	1.52737
-6.51	1.52527
-6.52	1.52319
-6.53	1.52111
-6.54	1.51904
-6.55	1.51698
-6.56	1.51494
-6.57	1.5129
-6.58	1.51088
-6.59	1.50886
-6.6	1.50686
-6.61	1.50487
-6.62	1.50288
-6.63	1.50091
-6.64	1.49895
-6.65	1.497
-6.66	1.49505
-6.67	1.49312
-6.68	1.4912
-6.69	1.48929
-6.7	1.48738
-6.71	1.48549
-6.72	1.48361
-6.73	1.48173
-6.74	1.47987
-6.75	1.47801
-6.76	1.47616
-6.77	1.47433
-6.78	1.4725
-6.79	1.47068
-6.8	1.46887
-6.81	1.46707
-6.82	1.46528
-6.83	1.46349
-6.84	1.46172
-6.85	1.45995
-6.86	1.45819
-6.87	1.45644
-6.88	1.4547
-6.89	1.45297
-6.9	1.45125
-6.91	1.44953
-6.92	1.44782
-6.93	1.44613
-6.94	1.44443
-6.95	1.44275
-6.96	1.44108
-6.97	1.43941
-6.98	1.43775
-6.99	1.4361
-7	1.43446
-7.01	1.43282
-7.02	1.43119
-7.03	1.42957
-7.04	1.42796
-7.05	1.42635
-7.06	1.42476
-7.07	1.42317
-7.08	1.42158
-7.09	1.42001
-7.1	1.41844
-7.11	1.41688
-7.12	1.41532
-7.13	1.41378
-7.14	1.41224
-7.15	1.41071
-7.16	1.40918
-7.17	1.40766
-7.18	1.40615
-7.19	1.40464
-7.2	1.40315
-7.21	1.40165
-7.22	1.40017
-7.23	1.39869
-7.24	1.39722
-7.25	1.39575
-7.26	1.3943
-7.27	1.39284
-7.28	1.3914
-7.29	1.38996
-7.3	1.38853
-7.31	1.3871
-7.32	1.38568
-7.33	1.38426
-7.34	1.38286
-7.35	1.38146
-7.36	1.38006
-7.37	1.37867
-7.38	1.37729
-7.39	1.37591
-7.4	1.37454
-7.41	1.37317
-7.42	1.37181
-7.43	1.37046
-7.44	1.36911
-7.45	1.36777
-7.46	1.36643
-7.47	1.3651
-7.48	1.36378
-7.49	1.36246
-7.5	1.36114
-7.51	1.35983
-7.52	1.35853
-7.53	1.35723
-7.54	1.35594
-7.55	1.35466
-7.56	1.35337
-7.57	1.3521
-7.58	1.35083
-7.59	1.34956
-7.6	1.3483
-7.61	1.34705
-7.62	1.3458
-7.63	1.34455
-7.64	1.34332
-7.65	1.34208
-7.66	1.34085
-7.67	1.33963
-7.68	1.33841
-7.69	1.3372
-7.7	1.33599
-7.71	1.33478
-7.72	1.33358
-7.73	1.33239
-7.74	1.3312
-7.75	1.33001
-7.76	1.32883
-7.77	1.32766
-7.78	1.32649
-7.79	1.32532
-7.8	1.32416
-7.81	1.323
-7.82	1.32185
-7.83	1.3207
-7.84	1.31956
-7.85	1.31842
-7.86	1.31729
-7.87	1.31616
-7.88	1.31503
-7.89	1.31391
-7.9	1.3128
-7.91	1.31169
-7.92	1.31058
-7.93	1.30947
-7.94	1.30838
-7.95	1.30728
-7.96	1.30619
-7.97	1.3051
-7.98	1.30402
-7.99	1.30294
-8	1.30187
-8.01	1.3008
-8.02	1.29974
-8.03	1.29867
-8.04	1.29762
-8.05	1.29656
-8.06	1.29551
-8.07	1.29447
-8.08	1.29343
-8.09	1.29239
-8.1	1.29136
-8.11	1.29033
-8.12	1.2893
-8.13	1.28828
-8.14	1.28726
-8.15	1.28625
-8.16	1.28524
-8.17	1.28423
-8.18	1.28323
-8.19	1.28223
-8.2	1.28123
-8.21	1.28024
-8.22	1.27925
-8.23	1.27827
-8.24	1.27729
-8.25	1.27631
-8.26	1.27534
-8.27	1.27437
-8.28	1.2734
-8.29	1.27244
-8.3	1.27148
-8.31	1.27052
-8.32	1.26957
-8.33	1.26862
-8.34	1.26767
-8.35	1.26673
-8.36	1.26579
-8.37	1.26486
-8.38	1.26392
-8.39	1.26299
-8.4	1.26207
-8.41	1.26115
-8.42	1.26023
-8.43	1.25931
-8.44	1.2584
-8.45	1.25749
-8.46	1.25658
-8.47	1.25568
-8.48	1.25478
-8.49	1.25389
-8.5	1.25299
-8.51	1.2521
-8.52	1.25122
-8.53	1.25033
-8.54	1.24945
-8.55	1.24857
-8.56	1.2477
-8.57	1.24683
-8.58	1.24596
-8.59	1.24509
-8.6	1.24423
-8.61	1.24337
-8.62	1.24251
-8.63	1.24166
-8.64	1.24081
-8.65	1.23996
-8.66	1.23912
-8.67	1.23827
-8.68	1.23743
-8.69	1.2366
-8.7	1.23576
-8.71	1.23493
-8.72	1.23411
-8.73	1.23328
-8.74	1.23246
-8.75	1.23164
-8.76	1.23082
-8.77	1.23001
-8.78	1.2292
-8.79	1.22839
-8.8	1.22758
-8.81	1.22678
-8.82	1.22598
-8.83	1.22518
-8.84	1.22439
-8.85	1.22359
-8.86	1.2228
-8.87	1.22202
-8.88	1.22123
-8.89	1.22045
-8.9	1.21967
-8.91	1.21889
-8.92	1.21812
-8.93	1.21735
-8.94	1.21658
-8.95	1.21581
-8.96	1.21505
-8.97	1.21429
-8.98	1.21353
-8.99	1.21277
-9	1.21201
-9.01	1.21126
-9.02	1.21051
-9.03	1.20977
-9.04	1.20902
-9.05	1.20828
-9.06	1.20754
-9.07	1.2068
-9.08	1.20607
-9.09	1.20533
-9.1	1.2046
-9.11	1.20387
-9.12	1.20315
-9.13	1.20243
-9.14	1.2017
-9.15	1.20099
-9.16	1.20027
-9.17	1.19955
-9.18	1.19884
-9.19	1.19813
-9.2	1.19742
-9.21	1.19672
-9.22	1.19602
-9.23	1.19531
-9.24	1.19462
-9.25	1.19392
-9.26	1.19322
-9.27	1.19253
-9.28	1.19184
-9.29	1.19115
-9.3	1.19047
-9.31	1.18978
-9.32	1.1891
-9.33	1.18842
-9.34	1.18774
-9.35	1.18707
-9.36	1.1864
-9.37	1.18572
-9.38	1.18506
-9.39	1.18439
-9.4	1.18372
-9.41	1.18306
-9.42	1.1824
-9.43	1.18174
-9.44	1.18108
-9.45	1.18043
-9.46	1.17977
-9.47	1.17912
-9.48	1.17847
-9.49	1.17783
-9.5	1.17718
-9.51	1.17654
-9.52	1.1759
-9.53	1.17526
-9.54	1.17462
-9.55	1.17398
-9.56	1.17335
-9.57	1.17272
-9.58	1.17209
-9.59	1.17146
-9.6	1.17083
-9.61	1.17021
-9.62	1.16958
-9.63	1.16896
-9.64	1.16834
-9.65	1.16773
-9.66	1.16711
-9.67	1.1665
-9.68	1.16589
-9.69	1.16528
-9.7	1.16467
-9.71	1.16406
-9.72	1.16346
-9.73	1.16285
-9.74	1.16225
-9.75	1.16165
-9.76	1.16106
-9.77	1.16046
-9.78	1.15987
-9.79	1.15927
-9.8	1.15868
-9.81	1.15809
-9.82	1.15751
-9.83	1.15692
-9.84	1.15634
-9.85	1.15575
-9.86	1.15517
-9.87	1.15459
-9.88	1.15402
-9.89	1.15344
-9.9	1.15287
-9.91	1.15229
-9.92	1.15172
-9.93	1.15115
-9.94	1.15059
-9.95	1.15002
-9.96	1.14946
-9.97	1.14889
-9.98	1.14833
-9.99	1.14777
-10	1.14721
-10.01	1.14666
-10.02	1.1461
-10.03	1.14555
-10.04	1.145
-10.05	1.14445
-10.06	1.1439
-10.07	1.14335
-10.08	1.1428
-10.09	1.14226
-10.1	1.14172
-10.11	1.14118
-10.12	1.14064
-10.13	1.1401
-10.14	1.13956
-10.15	1.13903
-10.16	1.13849
-10.17	1.13796
-10.18	1.13743
-10.19	1.1369
-10.2	1.13637
-10.21	1.13584
-10.22	1.13532
-10.23	1.13479
-10.24	1.13427
-10.25	1.13375
-10.26	1.13323
-10.27	1.13271
-10.28	1.1322
-10.29	1.13168
-10.3	1.13117
-10.31	1.13065
-10.32	1.13014
-10.33	1.12963
-10.34	1.12912
-10.35	1.12862
-10.36	1.12811
-10.37	1.12761
-10.38	1.1271
-10.39	1.1266
-10.4	1.1261
-10.41	1.1256
-10.42	1.1251
-10.43	1.12461
-10.44	1.12411
-10.45	1.12362
-10.46	1.12313
-10.47	1.12263
-10.48	1.12214
-10.49	1.12166
-10.5	1.12117
-10.51	1.12068
-10.52	1.1202
-10.53	1.11971
-10.54	1.11923
-10.55	1.11875
-10.56	1.11827
-10.57	1.11779
-10.58	1.11731
-10.59	1.11684
-10.6	1.11636
-10.61	1.11589
-10.62	1.11542
-10.63	1.11495
-10.64	1.11448
-10.65	1.11401
-10.66	1.11354
-10.67	1.11307
-10.68	1.11261
-10.69	1.11214
-10.7	1.11168
-10.71	1.11122
-10.72	1.11076
-10.73	1.1103
-10.74	1.10984
-10.75	1.10939
-10.76	1.10893
-10.77	1.10847
-10.78	1.10802
-10.79	1.10757
-10.8	1.10712
-10.81	1.10667
-10.82	1.10622
-10.83	1.10577
-10.84	1.10532
-10.85	1.10488
-10.86	1.10443
-10.87	1.10399
-10.88	1.10355
-10.89	1.10311
-10.9	1.10267
-10.91	1.10223
-10.92	1.10179
-10.93	1.10135
-10.94	1.10092
-10.95	1.10048
-10.96	1.10005
-10.97	1.09962
-10.98	1.09919
-10.99	1.09876
-11	1.09833
-11.01	1.0979
-11.02	1.09747
-11.03	1.09705
-11.04	1.09662
-11.05	1.0962
-11.06	1.09577
-11.07	1.09535
-11.08	1.09493
-11.09	1.09451
-11.1	1.09409
-11.11	1.09367
-11.12	1.09326
-11.13	1.09284
-11.14	1.09243
-11.15	1.09201
-11.16	1.0916
-11.17	1.09119
-11.18	1.09078
-11.19	1.09037
-11.2	1.08996
-11.21	1.08955
-11.22	1.08914
-11.23	1.08874
-11.24	1.08833
-11.25	1.08793
-11.26	1.08753
-11.27	1.08712
-11.28	1.08672
-11.29	1.08632
-11.3	1.08592
-11.31	1.08553
-11.32	1.08513
-11.33	1.08473
-11.34	1.08434
-11.35	1.08394
-11.36	1.08355
-11.37	1.08316
-11.38	1.08276
-11.39	1.08237
-11.4	1.08198
-11.41	1.0816
-11.42	1.08121
-11.43	1.08082
-11.44	1.08043
-11.45	1.08005
-11.46	1.07966
-11.47	1.07928
-11.48	1.0789
-11.49	1.07852
-11.5	1.07814
-11.51	1.07776
-11.52	1.07738
-11.53	1.077
-11.54	1.07662
-11.55	1.07624
-11.56	1.07587
-11.57	1.07549
-11.58	1.07512
-11.59	1.07475
-11.6	1.07438
-11.61	1.074
-11.62	1.07363
-11.63	1.07326
-11.64	1.0729
-11.65	1.07253
-11.66	1.07216
-11.67	1.07179
-11.68	1.07143
-11.69	1.07106
-11.7	1.0707
-11.71	1.07034
-11.72	1.06998
-11.73	1.06961
-11.74	1.06925
-11.75	1.06889
-11.76	1.06854
-11.77	1.06818
-11.78	1.06782
-11.79	1.06746
-11.8	1.06711
-11.81	1.06675
-11.82	1.0664
-11.83	1.06605
-11.84	1.06569
-11.85	1.06534
-11.86	1.06499
-11.87	1.06464
-11.88	1.06429
-11.89	1.06394
-11.9	1.0636
-11.91	1.06325
-11.92	1.0629
-11.93	1.06256
-11.94	1.06221
-11.95	1.06187
-11.96	1.06153
-11.97	1.06118
-11.98	1.06084
-11.99	1.0605
-12	1.06016
-12.01	1.05982
-12.02	1.05948
-12.03	1.05915
-12.04	1.05881
-12.05	1.05847
-12.06	1.05814
-12.07	1.0578
-12.08	1.05747
-12.09	1.05713
-12.1	1.0568
-12.11	1.05647
-12.12	1.05614
-12.13	1.05581
-12.14	1.05548
-12.15	1.05515
-12.16	1.05482
-12.17	1.05449
-12.18	1.05416
-12.19	1.05384
-12.2	1.05351
-12.21	1.05319
-12.22	1.05286
-12.23	1.05254
-12.24	1.05222
-12.25	1.05189
-12.26	1.05157
-12.27	1.05125
-12.28	1.05093
-12.29	1.05061
-12.3	1.05029
-12.31	1.04998
-12.32	1.04966
-12.33	1.04934
-12.34	1.04903
-12.35	1.04871
-12.36	1.0484
-12.37	1.04808
-12.38	1.04777
-12.39	1.04746
-12.4	1.04714
-12.41	1.04683
-12.42	1.04652
-12.43	1.04621
-12.44	1.0459
-12.45	1.04559
-12.46	1.04529
-12.47	1.04498
-12.48	1.04467
-12.49	1.04436
-12.5	1.04406
-12.51	1.04375
-12.52	1.04345
-12.53	1.04315
-12.54	1.04284
-12.55	1.04254
-12.56	1.04224
-12.57	1.04194
-12.58	1.04164
-12.59	1.04134
-12.6	1.04104
-12.61	1.04074
-12.62	1.04044
-12.63	1.04014
-12.64	1.03985
-12.65	1.03955
-12.66	1.03926
-12.67	1.03896
-12.68	1.03867
-12.69	1.03837
-12.7	1.03808
-12.71	1.03779
-12.72	1.03749
-12.73	1.0372
-12.74	1.03691
-12.75	1.03662
-12.76	1.03633
-12.77	1.03604
-12.78	1.03575
-12.79	1.03547
-12.8	1.03518
-12.81	1.03489
-12.82	1.03461
-12.83	1.03432
-12.84	1.03404
-12.85	1.03375
-12.86	1.03347
-12.87	1.03318
-12.88	1.0329
-12.89	1.03262
-12.9	1.03234
-12.91	1.03206
-12.92	1.03178
-12.93	1.0315
-12.94	1.03122
-12.95	1.03094
-12.96	1.03066
-12.97	1.03038
-12.98	1.03011
-12.99	1.02983
-13	1.02955
-13.01	1.02928
-13.02	1.029
-13.03	1.02873
-13.04	1.02845
-13.05	1.02818
-13.06	1.02791
-13.07	1.02764
-13.08	1.02736
-13.09	1.02709
-13.1	1.02682
-13.11	1.02655
-13.12	1.02628
-13.13	1.02601
-13.14	1.02575
-13.15	1.02548
-13.16	1.02521
-13.17	1.02494
-13.18	1.02468
-13.19	1.02441
-13.2	1.02415
-13.21	1.02388
-13.22	1.02362
-13.23	1.02335
-13.24	1.02309
-13.25	1.02283
-13.26	1.02256
-13.27	1.0223
-13.28	1.02204
-13.29	1.02178
-13.3	1.02152
-13.31	1.02126
-13.32	1.021
-13.33	1.02074
-13.34	1.02048
-13.35	1.02023
-13.36	1.01997
-13.37	1.01971
-13.38	1.01946
-13.39	1.0192
-13.4	1.01895
-13.41	1.01869
-13.42	1.01844
-13.43	1.01818
-13.44	1.01793
-13.45	1.01768
-13.46	1.01742
-13.47	1.01717
-13.48	1.01692
-13.49	1.01667
-13.5	1.01642
-13.51	1.01617
-13.52	1.01592
-13.53	1.01567
-13.54	1.01542
-13.55	1.01517
-13.56	1.01493
-13.57	1.01468
-13.58	1.01443
-13.59	1.01419
-13.6	1.01394
-13.61	1.01369
-13.62	1.01345
-13.63	1.0132
-13.64	1.01296
-13.65	1.01272
-13.66	1.01247
-13.67	1.01223
-13.68	1.01199
-13.69	1.01175
-13.7	1.01151
-13.71	1.01127
-13.72	1.01102
-13.73	1.01078
-13.74	1.01055
-13.75	1.01031
-13.76	1.01007
-13.77	1.00983
-13.78	1.00959
-13.79	1.00935
-13.8	1.00912
-13.81	1.00888
-13.82	1.00865
-13.83	1.00841
-13.84	1.00817
-13.85	1.00794
-13.86	1.00771
-13.87	1.00747
-13.88	1.00724
-13.89	1.00701
-13.9	1.00677
-13.91	1.00654
-13.92	1.00631
-13.93	1.00608
-13.94	1.00585
-13.95	1.00562
-13.96	1.00539
-13.97	1.00516
-13.98	1.00493
-13.99	1.0047
-14	1.00447
-14.01	1.00424
-14.02	1.00401
-14.03	1.00379
-14.04	1.00356
-14.05	1.00333
-14.06	1.00311
-14.07	1.00288
-14.08	1.00266
-14.09	1.00243
-14.1	1.00221
-14.11	1.00199
-14.12	1.00176
-14.13	1.00154
-14.14	1.00132
-14.15	1.00109
-14.16	1.00087
-14.17	1.00065
-14.18	1.00043
-14.19	1.00021
-14.2	0.999988
-14.21	0.999768
-14.22	0.999548
-14.23	0.999329
-14.24	0.99911
-14.25	0.998892
-14.26	0.998674
-14.27	0.998456
-14.28	0.998239
-14.29	0.998022
-14.3	0.997806
-14.31	0.99759
-14.32	0.997374
-14.33	0.997159
-14.34	0.996944
-14.35	0.996729
-14.36	0.996515
-14.37	0.996301
-14.38	0.996088
-14.39	0.995875
-14.4	0.995662
-14.41	0.99545
-14.42	0.995238
-14.43	0.995026
-14.44	0.994815
-14.45	0.994604
-14.46	0.994393
-14.47	0.994183
-14.48	0.993973
-14.49	0.993764
-14.5	0.993555
-14.51	0.993346
-14.52	0.993138
-14.53	0.99293
-14.54	0.992722
-14.55	0.992515
-14.56	0.992308
-14.57	0.992102
-14.58	0.991896
-14.59	0.99169
-14.6	0.991484
-14.61	0.991279
-14.62	0.991074
-14.63	0.99087
-14.64	0.990666
-14.65	0.990462
-14.66	0.990259
-14.67	0.990056
-14.68	0.989853
-14.69	0.989651
-14.7	0.989449
-14.71	0.989247
-14.72	0.989046
-14.73	0.988845
-14.74	0.988644
-14.75	0.988444
-14.76	0.988244
-14.77	0.988044
-14.78	0.987845
-14.79	0.987646
-14.8	0.987448
-14.81	0.987249
-14.82	0.987051
-14.83	0.986854
-14.84	0.986657
-14.85	0.98646
-14.86	0.986263
-14.87	0.986067
-14.88	0.985871
-14.89	0.985675
-14.9	0.98548
-14.91	0.985285
-14.92	0.98509
-14.93	0.984896
-14.94	0.984702
-14.95	0.984508
-14.96	0.984315
-14.97	0.984122
-14.98	0.983929
-14.99	0.983737
-15	0.983545
-15.01	0.983353
-15.02	0.983162
-15.03	0.982971
-15.04	0.98278
-15.05	0.982589
-15.06	0.982399
-15.07	0.982209
-15.08	0.98202
-15.09	0.981831
-15.1	0.981642
-15.11	0.981453
-15.12	0.981265
-15.13	0.981077
-15.14	0.980889
-15.15	0.980702
-15.16	0.980515
-15.17	0.980328
-15.18	0.980142
-15.19	0.979956
-15.2	0.97977
-15.21	0.979584
-15.22	0.979399
-15.23	0.979214
-15.24	0.979029
-15.25	0.978845
-15.26	0.978661
-15.27	0.978477
-15.28	0.978294
-15.29	0.978111
-15.3	0.977928
-15.31	0.977745
-15.32	0.977563
-15.33	0.977381
-15.34	0.9772
-15.35	0.977018
-15.36	0.976837
-15.37	0.976656
-15.38	0.976476
-15.39	0.976296
-15.4	0.976116
-15.41	0.975936
-15.42	0.975757
-15.43	0.975578
-15.44	0.975399
-15.45	0.975221
-15.46	0.975042
-15.47	0.974864
-15.48	0.974687
-15.49	0.97451
-15.5	0.974333
-15.51	0.974156
-15.52	0.973979
-15.53	0.973803
-15.54	0.973627
-15.55	0.973451
-15.56	0.973276
-15.57	0.973101
-15.58	0.972926
-15.59	0.972752
-15.6	0.972577
-15.61	0.972403
-15.62	0.97223
-15.63	0.972056
-15.64	0.971883
-15.65	0.97171
-15.66	0.971538
-15.67	0.971365
-15.68	0.971193
-15.69	0.971021
-15.7	0.97085
-15.71	0.970679
-15.72	0.970508
-15.73	0.970337
-15.74	0.970166
-15.75	0.969996
-15.76	0.969826
-15.77	0.969657
-15.78	0.969487
-15.79	0.969318
-15.8	0.969149
-15.81	0.968981
-15.82	0.968812
-15.83	0.968644
-15.84	0.968476
-15.85	0.968309
-15.86	0.968141
-15.87	0.967974
-15.88	0.967808
-15.89	0.967641
-15.9	0.967475
-15.91	0.967309
-15.92	0.967143
-15.93	0.966978
-15.94	0.966812
-15.95	0.966647
-15.96	0.966483
-15.97	0.966318
-15.98	0.966154
-15.99	0.96599
-16	0.965826
-16.01	0.965663
-16.02	0.9655
-16.03	0.965337
-16.04	0.965174
-16.05	0.965011
-16.06	0.964849
-16.07	0.964687
-16.08	0.964525
-16.09	0.964364
-16.1	0.964203
-16.11	0.964042
-16.12	0.963881
-16.13	0.96372
-16.14	0.96356
-16.15	0.9634
-16.16	0.96324
-16.17	0.963081
-16.18	0.962921
-16.19	0.962762
-16.2	0.962604
-16.21	0.962445
-16.22	0.962287
-16.23	0.962129
-16.24	0.961971
-16.25	0.961813
-16.26	0.961656
-16.27	0.961499
-16.28	0.961342
-16.29	0.961185
-16.3	0.961029
-16.31	0.960872
-16.32	0.960716
-16.33	0.960561
-16.34	0.960405
-16.35	0.96025
-16.36	0.960095
-16.37	0.95994
-16.38	0.959785
-16.39	0.959631
-16.4	0.959477
-16.41	0.959323
-16.42	0.959169
-16.43	0.959016
-16.44	0.958863
-16.45	0.95871
-16.46	0.958557
-16.47	0.958404
-16.48	0.958252
-16.49	0.9581
-16.5	0.957948
-16.51	0.957797
-16.52	0.957645
-16.53	0.957494
-16.54	0.957343
-16.55	0.957192
-16.56	0.957042
-16.57	0.956891
-16.58	0.956741
-16.59	0.956592
-16.6	0.956442
-16.61	0.956293
-16.62	0.956143
-16.63	0.955994
-16.64	0.955846
-16.65	0.955697
-16.66	0.955549
-16.67	0.955401
-16.68	0.955253
-16.69	0.955105
-16.7	0.954958
-16.71	0.95481
-16.72	0.954663
-16.73	0.954516
-16.74	0.95437
-16.75	0.954223
-16.76	0.954077
-16.77	0.953931
-16.78	0.953786
-16.79	0.95364
-16.8	0.953495
-16.81	0.95335
-16.82	0.953205
-16.83	0.95306
-16.84	0.952915
-16.85	0.952771
-16.86	0.952627
-16.87	0.952483
-16.88	0.95234
-16.89	0.952196
-16.9	0.952053
-16.91	0.95191
-16.92	0.951767
-16.93	0.951624
-16.94	0.951482
-16.95	0.95134
-16.96	0.951198
-16.97	0.951056
-16.98	0.950914
-16.99	0.950773
-17	0.950631
-17.01	0.95049
-17.02	0.95035
-17.03	0.950209
-17.04	0.950069
-17.05	0.949928
-17.06	0.949788
-17.07	0.949649
-17.08	0.949509
-17.09	0.94937
-17.1	0.94923
-17.11	0.949091
-17.12	0.948952
-17.13	0.948814
-17.14	0.948675
-17.15	0.948537
-17.16	0.948399
-17.17	0.948261
-17.18	0.948124
-17.19	0.947986
-17.2	0.947849
-17.21	0.947712
-17.22	0.947575
-17.23	0.947438
-17.24	0.947302
-17.25	0.947165
-17.26	0.947029
-17.27	0.946893
-17.28	0.946757
-17.29	0.946622
-17.3	0.946487
-17.31	0.946351
-17.32	0.946216
-17.33	0.946082
-17.34	0.945947
-17.35	0.945813
-17.36	0.945678
-17.37	0.945544
-17.38	0.94541
-17.39	0.945277
-17.4	0.945143
-17.41	0.94501
-17.42	0.944877
-17.43	0.944744
-17.44	0.944611
-17.45	0.944479
-17.46	0.944346
-17.47	0.944214
-17.48	0.944082
-17.49	0.94395
-17.5	0.943818
-17.51	0.943687
-17.52	0.943556
-17.53	0.943425
-17.54	0.943294
-17.55	0.943163
-17.56	0.943032
-17.57	0.942902
-17.58	0.942772
-17.59	0.942642
-17.6	0.942512
-17.61	0.942382
-17.62	0.942253
-17.63	0.942123
-17.64	0.941994
-17.65	0.941865
-17.66	0.941736
-17.67	0.941608
-17.68	0.941479
-17.69	0.941351
-17.7	0.941223
-17.71	0.941095
-17.72	0.940967
-17.73	0.940839
-17.74	0.940712
-17.75	0.940585
-17.76	0.940458
-17.77	0.940331
-17.78	0.940204
-17.79	0.940078
-17.8	0.939951
-17.81	0.939825
-17.82	0.939699
-17.83	0.939573
-17.84	0.939447
-17.85	0.939322
-17.86	0.939196
-17.87	0.939071
-17.88	0.938946
-17.89	0.938821
-17.9	0.938697
-17.91	0.938572
-17.92	0.938448
-17.93	0.938324
-17.94	0.9382
-17.95	0.938076
-17.96	0.937952
-17.97	0.937828
-17.98	0.937705
-17.99	0.937582
-18	0.937459
-18.01	0.937336
-18.02	0.937213
-18.03	0.937091
-18.04	0.936968
-18.05	0.936846
-18.06	0.936724
-18.07	0.936602
-18.08	0.93648
-18.09	0.936359
-18.1	0.936237
-18.11	0.936116
-18.12	0.935995
-18.13	0.935874
-18.14	0.935753
-18.15	0.935633
-18.16	0.935512
-18.17	0.935392
-18.18	0.935272
-18.19	0.935152
-18.2	0.935032
-18.21	0.934912
-18.22	0.934793
-18.23	0.934673
-18.24	0.934554
-18.25	0.934435
-18.26	0.934316
-18.27	0.934198
-18.28	0.934079
-18.29	0.933961
-18.3	0.933842
-18.31	0.933724
-18.32	0.933606
-18.33	0.933488
-18.34	0.933371
-18.35	0.933253
-18.36	0.933136
-18.37	0.933019
-18.38	0.932902
-18.39	0.932785
-18.4	0.932668
-18.41	0.932552
-18.42	0.932435
-18.43	0.932319
-18.44	0.932203
-18.45	0.932087
-18.46	0.931971
-18.47	0.931855
-18.48	0.93174
-18.49	0.931624
-18.5	0.931509
-18.51	0.931394
-18.52	0.931279
-18.53	0.931164
-18.54	0.93105
-18.55	0.930935
-18.56	0.930821
-18.57	0.930707
-18.58	0.930592
-18.59	0.930479
-18.6	0.930365
-18.61	0.930251
-18.62	0.930138
-18.63	0.930024
-18.64	0.929911
-18.65	0.929798
-18.66	0.929685
-18.67	0.929573
-18.68	0.92946
-18.69	0.929347
-18.7	0.929235
-18.71	0.929123
-18.72	0.929011
-18.73	0.928899
-18.74	0.928787
-18.75	0.928676
-18.76	0.928564
-18.77	0.928453
-18.78	0.928342
-18.79	0.928231
-18.8	0.92812
-18.81	0.928009
-18.82	0.927898
-18.83	0.927788
-18.84	0.927678
-18.85	0.927567
-18.86	0.927457
-18.87	0.927347
-18.88	0.927238
-18.89	0.927128
-18.9	0.927018
-18.91	0.926909
-18.92	0.9268
-18.93	0.926691
-18.94	0.926582
-18.95	0.926473
-18.96	0.926364
-18.97	0.926256
-18.98	0.926147
-18.99	0.926039
-19	0.925931
-19.01	0.925823
-19.02	0.925715
-19.03	0.925607
-19.04	0.925499
-19.05	0.925392
-19.06	0.925285
-19.07	0.925177
-19.08	0.92507
-19.09	0.924963
-19.1	0.924857
-19.11	0.92475
-19.12	0.924643
-19.13	0.924537
-19.14	0.924431
-19.15	0.924325
-19.16	0.924219
-19.17	0.924113
-19.18	0.924007
-19.19	0.923901
-19.2	0.923796
-19.21	0.92369
-19.22	0.923585
-19.23	0.92348
-19.24	0.923375
-19.25	0.92327
-19.26	0.923166
-19.27	0.923061
-19.28	0.922956
-19.29	0.922852
-19.3	0.922748
-19.31	0.922644
-19.32	0.92254
-19.33	0.922436
-19.34	0.922332
-19.35	0.922229
-19.36	0.922125
-19.37	0.922022
-19.38	0.921919
-19.39	0.921816
-19.4	0.921713
-19.41	0.92161
-19.42	0.921507
-19.43	0.921405
-19.44	0.921302
-19.45	0.9212
-19.46	0.921098
-19.47	0.920996
-19.48	0.920894
-19.49	0.920792
-19.5	0.92069
-19.51	0.920589
-19.52	0.920487
-19.53	0.920386
-19.54	0.920285
-19.55	0.920184
-19.56	0.920083
-19.57	0.919982
-19.58	0.919881
-19.59	0.919781
-19.6	0.91968
-19.61	0.91958
-19.62	0.919479
-19.63	0.919379
-19.64	0.919279
-19.65	0.919179
-19.66	0.91908
-19.67	0.91898
-19.68	0.918881
-19.69	0.918781
-19.7	0.918682
-19.71	0.918583
-19.72	0.918484
-19.73	0.918385
-19.74	0.918286
-19.75	0.918187
-19.76	0.918089
-19.77	0.91799
-19.78	0.917892
-19.79	0.917794
-19.8	0.917696
-19.81	0.917598
-19.82	0.9175
-19.83	0.917402
-19.84	0.917305
-19.85	0.917207
-19.86	0.91711
-19.87	0.917012
-19.88	0.916915
-19.89	0.916818
-19.9	0.916721
-19.91	0.916624
-19.92	0.916528
-19.93	0.916431
-19.94	0.916335
-19.95	0.916238
-19.96	0.916142
-19.97	0.916046
-19.98	0.91595
-19.99	0.915854
-20	0.915758
-20.01	0.915662
-20.02	0.915567
-20.03	0.915471
-20.04	0.915376
-20.05	0.915281
-20.06	0.915186
-20.07	0.915091
-20.08	0.914996
-20.09	0.914901
-20.1	0.914806
-20.11	0.914712
-20.12	0.914617
-20.13	0.914523
-20.14	0.914429
-20.15	0.914334
-20.16	0.91424
-20.17	0.914146
-20.18	0.914053
-20.19	0.913959
-20.2	0.913865
-20.21	0.913772
-20.22	0.913679
-20.23	0.913585
-20.24	0.913492
-20.25	0.913399
-20.26	0.913306
-20.27	0.913213
-20.28	0.913121
-20.29	0.913028
-20.3	0.912935
-20.31	0.912843
-20.32	0.912751
-20.33	0.912659
-20.34	0.912566
-20.35	0.912475
-20.36	0.912383
-20.37	0.912291
-20.38	0.912199
-20.39	0.912108
-20.4	0.912016
-20.41	0.911925
-20.42	0.911834
-20.43	0.911743
-20.44	0.911651
-20.45	0.911561
-20.46	0.91147
-20.47	0.911379
-20.48	0.911288
-20.49	0.911198
-20.5	0.911107
-20.51	0.911017
-20.52	0.910927
-20.53	0.910837
-20.54	0.910747
-20.55	0.910657
-20.56	0.910567
-20.57	0.910478
-20.58	0.910388
-20.59	0.910298
-20.6	0.910209
-20.61	0.91012
-20.62	0.910031
-20.63	0.909942
-20.64	0.909853
-20.65	0.909764
-20.66	0.909675
-20.67	0.909586
-20.68	0.909498
-20.69	0.909409
-20.7	0.909321
-20.71	0.909233
-20.72	0.909144
-20.73	0.909056
-20.74	0.908968
-20.75	0.90888
-20.76	0.908793
-20.77	0.908705
-20.78	0.908617
-20.79	0.90853
-20.8	0.908443
-20.81	0.908355
-20.82	0.908268
-20.83	0.908181
-20.84	0.908094
-20.85	0.908007
-20.86	0.90792
-20.87	0.907834
-20.88	0.907747
-20.89	0.907661
-20.9	0.907574
-20.91	0.907488
-20.92	0.907402
-20.93	0.907315
-20.94	0.907229
-20.95	0.907144
-20.96	0.907058
-20.97	0.906972
-20.98	0.906886
-20.99	0.906801
-21	0.906715
-21.01	0.90663
-21.02	0.906545
-21.03	0.90646
-21.04	0.906375
-21.05	0.90629
-21.06	0.906205
-21.07	0.90612
-21.08	0.906035
-21.09	0.905951
-21.1	0.905866
-21.11	0.905782
-21.12	0.905697
-21.13	0.905613
-21.14	0.905529
-21.15	0.905445
-21.16	0.905361
-21.17	0.905277
-21.18	0.905193
-21.19	0.90511
-21.2	0.905026
-21.21	0.904943
-21.22	0.904859
-21.23	0.904776
-21.24	0.904693
-21.25	0.90461
-21.26	0.904527
-21.27	0.904444
-21.28	0.904361
-21.29	0.904278
-21.3	0.904195
-21.31	0.904113
-21.32	0.90403
-21.33	0.903948
-21.34	0.903866
-21.35	0.903783
-21.36	0.903701
-21.37	0.903619
-21.38	0.903537
-21.39	0.903455
-21.4	0.903374
-21.41	0.903292
-21.42	0.90321
-21.43	0.903129
-21.44	0.903047
-21.45	0.902966
-21.46	0.902885
-21.47	0.902804
-21.48	0.902723
-21.49	0.902642
-21.5	0.902561
-21.51	0.90248
-21.52	0.902399
-21.53	0.902319
-21.54	0.902238
-21.55	0.902158
-21.56	0.902077
-21.57	0.901997
-21.58	0.901917
-21.59	0.901837
-21.6	0.901757
-21.61	0.901677
-21.62	0.901597
-21.63	0.901517
-21.64	0.901437
-21.65	0.901358
-21.66	0.901278
-21.67	0.901199
-21.68	0.901119
-21.69	0.90104
-21.7	0.900961
-21.71	0.900882
-21.72	0.900803
-21.73	0.900724
-21.74	0.900645
-21.75	0.900566
-21.76	0.900488
-21.77	0.900409
-21.78	0.900331
-21.79	0.900252
-21.8	0.900174
-21.81	0.900096
-21.82	0.900018
-21.83	0.89994
-21.84	0.899862
-21.85	0.899784
-21.86	0.899706
-21.87	0.899628
-21.88	0.89955
-21.89	0.899473
-21.9	0.899395
-21.91	0.899318
-21.92	0.89924
-21.93	0.899163
-21.94	0.899086
-21.95	0.899009
-21.96	0.898932
-21.97	0.898855
-21.98	0.898778
-21.99	0.898701
-22	0.898625
-22.01	0.898548
-22.02	0.898472
-22.03	0.898395
-22.04	0.898319
-22.05	0.898243
-22.06	0.898166
-22.07	0.89809
-22.08	0.898014
-22.09	0.897938
-22.1	0.897862
-22.11	0.897786
-22.12	0.897711
-22.13	0.897635
-22.14	0.89756
-22.15	0.897484
-22.16	0.897409
-22.17	0.897333
-22.18	0.897258
-22.19	0.897183
-22.2	0.897108
-22.21	0.897033
-22.22	0.896958
-22.23	0.896883
-22.24	0.896808
-22.25	0.896734
-22.26	0.896659
-22.27	0.896584
-22.28	0.89651
-22.29	0.896435
-22.3	0.896361
-22.31	0.896287
-22.32	0.896213
-22.33	0.896139
-22.34	0.896065
-22.35	0.895991
-22.36	0.895917
-22.37	0.895843
-22.38	0.895769
-22.39	0.895696
-22.4	0.895622
-22.41	0.895549
-22.42	0.895475
-22.43	0.895402
-22.44	0.895329
-22.45	0.895256
-22.46	0.895182
-22.47	0.895109
-22.48	0.895036
-22.49	0.894964
-22.5	0.894891
-22.51	0.894818
-22.52	0.894745
-22.53	0.894673
-22.54	0.8946
-22.55	0.894528
-22.56	0.894456
-22.57	0.894383
-22.58	0.894311
-22.59	0.894239
-22.6	0.894167
-22.61	0.894095
-22.62	0.894023
-22.63	0.893951
-22.64	0.893879
-22.65	0.893808
-22.66	0.893736
-22.67	0.893664
-22.68	0.893593
-22.69	0.893522
-22.7	0.89345
-22.71	0.893379
-22.72	0.893308
-22.73	0.893237
-22.74	0.893166
-22.75	0.893095
-22.76	0.893024
-22.77	0.892953
-22.78	0.892882
-22.79	0.892812
-22.8	0.892741
-22.81	0.89267
-22.82	0.8926
-22.83	0.89253
-22.84	0.892459
-22.85	0.892389
-22.86	0.892319
-22.87	0.892249
-22.88	0.892179
-22.89	0.892109
-22.9	0.892039
-22.91	0.891969
-22.92	0.891899
-22.93	0.891829
-22.94	0.89176
-22.95	0.89169
-22.96	0.891621
-22.97	0.891551
-22.98	0.891482
-22.99	0.891413
-23	0.891344
-23.01	0.891274
-23.02	0.891205
-23.03	0.891136
-23.04	0.891068
-23.05	0.890999
-23.06	0.89093
-23.07	0.890861
-23.08	0.890792
-23.09	0.890724
-23.1	0.890655
-23.11	0.890587
-23.12	0.890519
-23.13	0.89045
-23.14	0.890382
-23.15	0.890314
-23.16	0.890246
-23.17	0.890178
-23.18	0.89011
-23.19	0.890042
-23.2	0.889974
-23.21	0.889906
-23.22	0.889838
-23.23	0.889771
-23.24	0.889703
-23.25	0.889636
-23.26	0.889568
-23.27	0.889501
-23.28	0.889434
-23.29	0.889366
-23.3	0.889299
-23.31	0.889232
-23.32	0.889165
-23.33	0.889098
-23.34	0.889031
-23.35	0.888964
-23.36	0.888898
-23.37	0.888831
-23.38	0.888764
-23.39	0.888698
-23.4	0.888631
-23.41	0.888565
-23.42	0.888498
-23.43	0.888432
-23.44	0.888366
-23.45	0.8883
-23.46	0.888233
-23.47	0.888167
-23.48	0.888101
-23.49	0.888035
-23.5	0.88797
-23.51	0.887904
-23.52	0.887838
-23.53	0.887772
-23.54	0.887707
-23.55	0.887641
-23.56	0.887576
-23.57	0.88751
-23.58	0.887445
-23.59	0.88738
-23.6	0.887314
-23.61	0.887249
-23.62	0.887184
-23.63	0.887119
-23.64	0.887054
-23.65	0.886989
-23.66	0.886924
-23.67	0.88686
-23.68	0.886795
-23.69	0.88673
-23.7	0.886666
-23.71	0.886601
-23.72	0.886537
-23.73	0.886472
-23.74	0.886408
-23.75	0.886344
-23.76	0.886279
-23.77	0.886215
-23.78	0.886151
-23.79	0.886087
-23.8	0.886023
-23.81	0.885959
-23.82	0.885895
-23.83	0.885832
-23.84	0.885768
-23.85	0.885704
-23.86	0.885641
-23.87	0.885577
-23.88	0.885514
-23.89	0.88545
-23.9	0.885387
-23.91	0.885323
-23.92	0.88526
-23.93	0.885197
-23.94	0.885134
-23.95	0.885071
-23.96	0.885008
-23.97	0.884945
-23.98	0.884882
-23.99	0.884819
-24	0.884756
-24.01	0.884694
-24.02	0.884631
-24.03	0.884569
-24.04	0.884506
-24.05	0.884444
-24.06	0.884381
-24.07	0.884319
-24.08	0.884256
-24.09	0.884194
-24.1	0.884132
-24.11	0.88407
-24.12	0.884008
-24.13	0.883946
-24.14	0.883884
-24.15	0.883822
-24.16	0.88376
-24.17	0.883699
-24.18	0.883637
-24.19	0.883575
-24.2	0.883514
-24.21	0.883452
-24.22	0.883391
-24.23	0.883329
-24.24	0.883268
-24.25	0.883207
-24.26	0.883145
-24.27	0.883084
-24.28	0.883023
-24.29	0.882962
-24.3	0.882901
-24.31	0.88284
-24.32	0.882779
-24.33	0.882718
-24.34	0.882658
-24.35	0.882597
-24.36	0.882536
-24.37	0.882476
-24.38	0.882415
-24.39	0.882355
-24.4	0.882294
-24.41	0.882234
-24.42	0.882173
-24.43	0.882113
-24.44	0.882053
-24.45	0.881993
-24.46	0.881933
-24.47	0.881873
-24.48	0.881813
-24.49	0.881753
-24.5	0.881693
-24.51	0.881633
-24.52	0.881573
-24.53	0.881514
-24.54	0.881454
-24.55	0.881394
-24.56	0.881335
-24.57	0.881275
-24.58	0.881216
-24.59	0.881157
-24.6	0.881097
-24.61	0.881038
-24.62	0.880979
-24.63	0.88092
-24.64	0.88086
-24.65	0.880801
-24.66	0.880742
-24.67	0.880683
-24.68	0.880625
-24.69	0.880566
-24.7	0.880507
-24.71	0.880448
-24.72	0.88039
-24.73	0.880331
-24.74	0.880272
-24.75	0.880214
-24.76	0.880156
-24.77	0.880097
-24.78	0.880039
-24.79	0.87998
-24.8	0.879922
-24.81	0.879864
-24.82	0.879806
-24.83	0.879748
-24.84	0.87969
-24.85	0.879632
-24.86	0.879574
-24.87	0.879516
-24.88	0.879458
-24.89	0.8794
-24.9	0.879343
-24.91	0.879285
-24.92	0.879228
-24.93	0.87917
-24.94	0.879113
-24.95	0.879055
-24.96	0.878998
-24.97	0.87894
-24.98	0.878883
-24.99	0.878826
-25	0.878769
-25.01	0.878712
-25.02	0.878654
-25.03	0.878597
-25.04	0.87854
-25.05	0.878484
-25.06	0.878427
-25.07	0.87837
-25.08	0.878313
-25.09	0.878256
-25.1	0.8782
-25.11	0.878143
-25.12	0.878087
-25.13	0.87803
-25.14	0.877974
-25.15	0.877917
-25.16	0.877861
-25.17	0.877805
-25.18	0.877748
-25.19	0.877692
-25.2	0.877636
-25.21	0.87758
-25.22	0.877524
-25.23	0.877468
-25.24	0.877412
-25.25	0.877356
-25.26	0.8773
-25.27	0.877244
-25.28	0.877189
-25.29	0.877133
-25.3	0.877077
-25.31	0.877022
-25.32	0.876966
-25.33	0.876911
-25.34	0.876855
-25.35	0.8768
-25.36	0.876744
-25.37	0.876689
-25.38	0.876634
-25.39	0.876579
-25.4	0.876523
-25.41	0.876468
-25.42	0.876413
-25.43	0.876358
-25.44	0.876303
-25.45	0.876248
-25.46	0.876194
-25.47	0.876139
-25.48	0.876084
-25.49	0.876029
-25.5	0.875975
-25.51	0.87592
-25.52	0.875865
-25.53	0.875811
-25.54	0.875756
-25.55	0.875702
-25.56	0.875648
-25.57	0.875593
-25.58	0.875539
-25.59	0.875485
-25.6	0.875431
-25.61	0.875377
-25.62	0.875322
-25.63	0.875268
-25.64	0.875214
-25.65	0.87516
-25.66	0.875107
-25.67	0.875053
-25.68	0.874999
-25.69	0.874945
-25.7	0.874891
-25.71	0.874838
-25.72	0.874784
-25.73	0.874731
-25.74	0.874677
-25.75	0.874624
-25.76	0.87457
-25.77	0.874517
-25.78	0.874464
-25.79	0.87441
-25.8	0.874357
-25.81	0.874304
-25.82	0.874251
-25.83	0.874198
-25.84	0.874145
-25.85	0.874092
-25.86	0.874039
-25.87	0.873986
-25.88	0.873933
-25.89	0.87388
-25.9	0.873827
-25.91	0.873775
-25.92	0.873722
-25.93	0.873669
-25.94	0.873617
-25.95	0.873564
-25.96	0.873512
-25.97	0.873459
-25.98	0.873407
-25.99	0.873354
-26	0.873302
-26.01	0.87325
-26.02	0.873198
-26.03	0.873146
-26.04	0.873093
-26.05	0.873041
-26.06	0.872989
-26.07	0.872937
-26.08	0.872885
-26.09	0.872833
-26.1	0.872782
-26.11	0.87273
-26.12	0.872678
-26.13	0.872626
-26.14	0.872575
-26.15	0.872523
-26.16	0.872471
-26.17	0.87242
-26.18	0.872368
-26.19	0.872317
-26.2	0.872265
-26.21	0.872214
-26.22	0.872163
-26.23	0.872111
-26.24	0.87206
-26.25	0.872009
-26.26	0.871958
-26.27	0.871907
-26.28	0.871856
-26.29	0.871805
-26.3	0.871754
-26.31	0.871703
-26.32	0.871652
-26.33	0.871601
-26.34	0.87155
-26.35	0.8715
-26.36	0.871449
-26.37	0.871398
-26.38	0.871348
-26.39	0.871297
-26.4	0.871247
-26.41	0.871196
-26.42	0.871146
-26.43	0.871095
-26.44	0.871045
-26.45	0.870995
-26.46	0.870944
-26.47	0.870894
-26.48	0.870844
-26.49	0.870794
-26.5	0.870744
-26.51	0.870694
-26.52	0.870643
-26.53	0.870594
-26.54	0.870544
-26.55	0.870494
-26.56	0.870444
-26.57	0.870394
-26.58	0.870344
-26.59	0.870295
-26.6	0.870245
-26.61	0.870195
-26.62	0.870146
-26.63	0.870096
-26.64	0.870047
-26.65	0.869997
-26.66	0.869948
-26.67	0.869898
-26.68	0.869849
-26.69	0.8698
-26.7	0.86975
-26.71	0.869701
-26.72	0.869652
-26.73	0.869603
-26.74	0.869554
-26.75	0.869505
-26.76	0.869456
-26.77	0.869407
-26.78	0.869358
-26.79	0.869309
-26.8	0.86926
-26.81	0.869211
-26.82	0.869163
-26.83	0.869114
-26.84	0.869065
-26.85	0.869017
-26.86	0.868968
-26.87	0.868919
-26.88	0.868871
-26.89	0.868822
-26.9	0.868774
-26.91	0.868726
-26.92	0.868677
-26.93	0.868629
-26.94	0.868581
-26.95	0.868532
-26.96	0.868484
-26.97	0.868436
-26.98	0.868388
-26.99	0.86834
-27	0.868292
-27.01	0.868244
-27.02	0.868196
-27.03	0.868148
-27.04	0.8681
-27.05	0.868052
-27.06	0.868004
-27.07	0.867957
-27.08	0.867909
-27.09	0.867861
-27.1	0.867814
-27.11	0.867766
-27.12	0.867718
-27.13	0.867671
-27.14	0.867624
-27.15	0.867576
-27.16	0.867529
-27.17	0.867481
-27.18	0.867434
-27.19	0.867387
-27.2	0.867339
-27.21	0.867292
-27.22	0.867245
-27.23	0.867198
-27.24	0.867151
-27.25	0.867104
-27.26	0.867057
-27.27	0.86701
-27.28	0.866963
-27.29	0.866916
-27.3	0.866869
-27.31	0.866822
-27.32	0.866776
-27.33	0.866729
-27.34	0.866682
-27.35	0.866636
-27.36	0.866589
-27.37	0.866542
-27.38	0.866496
-27.39	0.866449
-27.4	0.866403
-27.41	0.866356
-27.42	0.86631
-27.43	0.866264
-27.44	0.866217
-27.45	0.866171
-27.46	0.866125
-27.47	0.866079
-27.48	0.866032
-27.49	0.865986
-27.5	0.86594
-27.51	0.865894
-27.52	0.865848
-27.53	0.865802
-27.54	0.865756
-27.55	0.86571
-27.56	0.865664
-27.57	0.865619
-27.58	0.865573
-27.59	0.865527
-27.6	0.865481
-27.61	0.865436
-27.62	0.86539
-27.63	0.865344
-27.64	0.865299
-27.65	0.865253
-27.66	0.865208
-27.67	0.865162
-27.68	0.865117
-27.69	0.865072
-27.7	0.865026
-27.71	0.864981
-27.72	0.864936
-27.73	0.86489
-27.74	0.864845
-27.75	0.8648
-27.76	0.864755
-27.77	0.86471
-27.78	0.864665
-27.79	0.86462
-27.8	0.864575
-27.81	0.86453
-27.82	0.864485
-27.83	0.86444
-27.84	0.864395
-27.85	0.86435
-27.86	0.864306
-27.87	0.864261
-27.88	0.864216
-27.89	0.864172
-27.9	0.864127
-27.91	0.864082
-27.92	0.864038
-27.93	0.863993
-27.94	0.863949
-27.95	0.863904
-27.96	0.86386
-27.97	0.863816
-27.98	0.863771
-27.99	0.863727
-28	0.863683
-28.01	0.863639
-28.02	0.863594
-28.03	0.86355
-28.04	0.863506
-28.05	0.863462
-28.06	0.863418
-28.07	0.863374
-28.08	0.86333
-28.09	0.863286
-28.1	0.863242
-28.11	0.863198
-28.12	0.863154
-28.13	0.863111
-28.14	0.863067
-28.15	0.863023
-28.16	0.862979
-28.17	0.862936
-28.18	0.862892
-28.19	0.862849
-28.2	0.862805
-28.21	0.862761
-28.22	0.862718
-28.23	0.862674
-28.24	0.862631
-28.25	0.862588
-28.26	0.862544
-28.27	0.862501
-28.28	0.862458
-28.29	0.862414
-28.3	0.862371
-28.31	0.862328
-28.32	0.862285
-28.33	0.862242
-28.34	0.862199
-28.35	0.862156
-28.36	0.862113
-28.37	0.86207
-28.38	0.862027
-28.39	0.861984
-28.4	0.861941
-28.41	0.861898
-28.42	0.861855
-28.43	0.861813
-28.44	0.86177
-28.45	0.861727
-28.46	0.861684
-28.47	0.861642
-28.48	0.861599
-28.49	0.861557
-28.5	0.861514
-28.51	0.861472
-28.52	0.861429
-28.53	0.861387
-28.54	0.861344
-28.55	0.861302
-28.56	0.86126
-28.57	0.861217
-28.58	0.861175
-28.59	0.861133
-28.6	0.86109
-28.61	0.861048
-28.62	0.861006
-28.63	0.860964
-28.64	0.860922
-28.65	0.86088
-28.66	0.860838
-28.67	0.860796
-28.68	0.860754
-28.69	0.860712
-28.7	0.86067
-28.71	0.860628
-28.72	0.860587
-28.73	0.860545
-28.74	0.860503
-28.75	0.860461
-28.76	0.86042
-28.77	0.860378
-28.78	0.860336
-28.79	0.860295
-28.8	0.860253
-28.81	0.860212
-28.82	0.86017
-28.83	0.860129
-28.84	0.860087
-28.85	0.860046
-28.86	0.860005
-28.87	0.859963
-28.88	0.859922
-28.89	0.859881
-28.9	0.859839
-28.91	0.859798
-28.92	0.859757
-28.93	0.859716
-28.94	0.859675
-28.95	0.859634
-28.96	0.859593
-28.97	0.859552
-28.98	0.859511
-28.99	0.85947
-29	0.859429
-29.01	0.859388
-29.02	0.859347
-29.03	0.859306
-29.04	0.859266
-29.05	0.859225
-29.06	0.859184
-29.07	0.859143
-29.08	0.859103
-29.09	0.859062
-29.1	0.859021
-29.11	0.858981
-29.12	0.85894
-29.13	0.8589
-29.14	0.858859
-29.15	0.858819
-29.16	0.858778
-29.17	0.858738
-29.18	0.858698
-29.19	0.858657
-29.2	0.858617
-29.21	0.858577
-29.22	0.858537
-29.23	0.858496
-29.24	0.858456
-29.25	0.858416
-29.26	0.858376
-29.27	0.858336
-29.28	0.858296
-29.29	0.858256
-29.3	0.858216
-29.31	0.858176
-29.32	0.858136
-29.33	0.858096
-29.34	0.858056
-29.35	0.858016
-29.36	0.857977
-29.37	0.857937
-29.38	0.857897
-29.39	0.857857
-29.4	0.857818
-29.41	0.857778
-29.42	0.857738
-29.43	0.857699
-29.44	0.857659
-29.45	0.85762
-29.46	0.85758
-29.47	0.857541
-29.48	0.857501
-29.49	0.857462
-29.5	0.857422
-29.51	0.857383
-29.52	0.857344
-29.53	0.857305
-29.54	0.857265
-29.55	0.857226
-29.56	0.857187
-29.57	0.857148
-29.58	0.857108
-29.59	0.857069
-29.6	0.85703
-29.61	0.856991
-29.62	0.856952
-29.63	0.856913
-29.64	0.856874
-29.65	0.856835
-29.66	0.856796
-29.67	0.856757
-29.68	0.856719
-29.69	0.85668
-29.7	0.856641
-29.71	0.856602
-29.72	0.856564
-29.73	0.856525
-29.74	0.856486
-29.75	0.856447
-29.76	0.856409
-29.77	0.85637
-29.78	0.856332
-29.79	0.856293
-29.8	0.856255
-29.81	0.856216
-29.82	0.856178
-29.83	0.856139
-29.84	0.856101
-29.85	0.856063
-29.86	0.856024
-29.87	0.855986
-29.88	0.855948
-29.89	0.855909
-29.9	0.855871
-29.91	0.855833
-29.92	0.855795
-29.93	0.855757
-29.94	0.855719
-29.95	0.85568
-29.96	0.855642
-29.97	0.855604
-29.98	0.855566
-29.99	0.855528
-30	0.855491
